x,y,species avg
1.0,1.0,0.74074405
2.0,2.0,0.027754765
3.0,3.0,0.081279255
4.0,4.0,0.12829359
5.0,5.0,0.029025018
6.0,6.0,0.04064262
7.0,7.0,0.044984553
8.0,8.0,0.031017387
9.0,9.0,0.1565
10.0,10.0,0.4715832
11.0,11.0,0.02242082
12.0,12.0,0.047771677
13.0,13.0,0.029047698
14.0,14.0,1.3714201E-4
15.0,15.0,0.6073385
16.0,16.0,0.17745024
17.0,17.0,0.07148255
18.0,18.0,0.105192564
19.0,19.0,0.011621869
20.0,20.0,0.09553277
21.0,21.0,0.0276493
22.0,22.0,0.17598458
23.0,23.0,0.05983804
24.0,24.0,0.74651796
25.0,25.0,0.45584083
26.0,26.0,0.033802476
27.0,27.0,0.019116763
28.0,28.0,0.3418459
29.0,29.0,0.016348291
30.0,30.0,3.0345522E-5
31.0,31.0,0.72095984
32.0,32.0,0.16117677
33.0,33.0,0.45534515
34.0,34.0,0.0072731655
35.0,35.0,0.013993142
36.0,36.0,0.15802518
37.0,37.0,0.05548362
38.0,38.0,0.0013865831
39.0,39.0,0.64618015
40.0,40.0,0.6481887
41.0,41.0,0.069459185
42.0,42.0,0.044095352
43.0,43.0,0.026580686
44.0,44.0,0.024175271
45.0,45.0,0.24950509
46.0,46.0,0.34280017
47.0,47.0,0.16139175
48.0,48.0,0.0026324722
49.0,49.0,0.033691064
50.0,50.0,0.92837465
51.0,51.0,0.70346737
52.0,52.0,0.80367893
53.0,53.0,0.14336254
54.0,54.0,0.14002062
55.0,55.0,0.08056917
56.0,56.0,0.46609956
57.0,57.0,0.021100394
58.0,58.0,0.0020365505
59.0,59.0,0.024141526
60.0,60.0,0.10951376
61.0,61.0,0.078553125
62.0,62.0,0.032188848
63.0,63.0,0.0016043495
64.0,64.0,0.75634426
65.0,65.0,0.07463872
66.0,66.0,0.08710577
67.0,67.0,0.050463613
68.0,68.0,0.54719746
69.0,69.0,0.06536767
70.0,70.0,7.286671E-4
71.0,71.0,0.22858101
72.0,72.0,0.039178487
73.0,73.0,0.22877125
74.0,74.0,0.005372067
75.0,75.0,0.28530872
76.0,76.0,0.42826983
77.0,77.0,0.52311033
78.0,78.0,0.099243134
79.0,79.0,0.023612836
80.0,80.0,0.03343156
81.0,81.0,0.10911935
82.0,82.0,0.04972963
83.0,83.0,0.04509482
84.0,84.0,0.0015865118
85.0,85.0,0.78796405
86.0,86.0,0.26171562
87.0,87.0,0.09926797
88.0,88.0,2.8617253E-5
89.0,89.0,0.051486515
90.0,90.0,0.6873662
91.0,91.0,0.7730583
92.0,92.0,0.018107215
93.0,93.0,0.10439853
94.0,94.0,0.027533967
95.0,95.0,0.079760745
96.0,96.0,0.18040928
97.0,97.0,0.061148256
98.0,98.0,0.3280147
99.0,99.0,0.05213479
100.0,100.0,0.19574153
101.0,101.0,0.0060940455
102.0,102.0,0.660564
103.0,103.0,0.12964116
104.0,104.0,0.03203055
105.0,105.0,0.016873121
106.0,106.0,0.0424127
107.0,107.0,0.060162574
108.0,108.0,0.053908132
109.0,109.0,0.06844924
110.0,110.0,0.09222169
111.0,111.0,0.0022813887
112.0,112.0,0.03306136
113.0,113.0,0.050271694
114.0,114.0,0.042441927
115.0,115.0,0.027292684
116.0,116.0,0.4523398
117.0,117.0,0.01803653
118.0,118.0,0.22596343
119.0,119.0,0.775452
120.0,120.0,0.70552856
121.0,121.0,0.6667164
122.0,122.0,0.55967355
123.0,123.0,0.0074309697
124.0,124.0,0.046360902
125.0,125.0,0.537892
126.0,126.0,3.6950834E-4
127.0,127.0,0.16153602
128.0,128.0,0.028149422
129.0,129.0,0.0099119535
130.0,130.0,0.032769654
131.0,131.0,0.0021259752
132.0,132.0,0.020046286
133.0,133.0,0.7732092
134.0,134.0,1.124436E-4
135.0,135.0,0.0152580775
136.0,136.0,0.008157991
137.0,137.0,0.06294224
138.0,138.0,0.019031677
139.0,139.0,0.19008529
140.0,140.0,9.317586E-4
141.0,141.0,0.6139649
142.0,142.0,0.17962947
143.0,143.0,0.020668466
144.0,144.0,0.0102606
145.0,145.0,1.9263275E-6
146.0,146.0,0.08994169
147.0,147.0,0.22121954
148.0,148.0,0.42707348
149.0,149.0,0.31763747
150.0,150.0,0.17324692
151.0,151.0,0.091992676
152.0,152.0,0.614885
153.0,153.0,0.03556321
154.0,154.0,2.9504928E-4
155.0,155.0,0.020675706
156.0,156.0,0.046005957
157.0,157.0,0.042784143
158.0,158.0,0.001284253
159.0,159.0,0.21615079
160.0,160.0,0.73543054
161.0,161.0,0.023803717
162.0,162.0,0.061899856
163.0,163.0,0.16487826
164.0,164.0,0.02184007
165.0,165.0,0.005792126
166.0,166.0,0.0043952935
167.0,167.0,0.022513501
168.0,168.0,0.016020522
169.0,169.0,0.04038559
170.0,170.0,0.17172213
171.0,171.0,0.0040122783
172.0,172.0,0.0494882
173.0,173.0,0.18662845
174.0,174.0,0.57215255
175.0,175.0,0.06860339
176.0,176.0,0.725242
177.0,177.0,0.026879992
178.0,178.0,4.9141276E-4
179.0,179.0,0.04598386
180.0,180.0,0.3971237
181.0,181.0,0.7377859
182.0,182.0,0.0011056021
183.0,183.0,0.16298863
184.0,184.0,0.0223982
185.0,185.0,5.437533E-5
186.0,186.0,0.027369028
187.0,187.0,0.098251745
188.0,188.0,0.017609326
189.0,189.0,4.4142175E-4
190.0,190.0,0.005296728
191.0,191.0,0.4661752
192.0,192.0,0.030516682
193.0,193.0,0.01467281
194.0,194.0,0.058554076
195.0,195.0,0.121708035
196.0,196.0,0.33628744
197.0,197.0,0.029269693
198.0,198.0,0.046378627
199.0,199.0,0.0078463
200.0,200.0,0.59918416
201.0,201.0,0.0017411681
202.0,202.0,0.06225266
203.0,203.0,0.005970132
204.0,204.0,0.43592593
205.0,205.0,0.023550188
206.0,206.0,0.80639315
207.0,207.0,0.012798063
208.0,208.0,0.49848288
209.0,209.0,0.4137582
210.0,210.0,0.5393206
211.0,211.0,0.0033120622
212.0,212.0,0.056979205
213.0,213.0,0.68012184
214.0,214.0,0.002570785
215.0,215.0,0.111809604
216.0,216.0,0.06659942
217.0,217.0,0.13440695
218.0,218.0,0.011816619
219.0,219.0,0.06610526
220.0,220.0,0.6440529
221.0,221.0,2.6444657E-4
222.0,222.0,0.037070677
223.0,223.0,4.999766E-6
224.0,224.0,0.5514705
225.0,225.0,0.0931829
226.0,226.0,0.2175031
227.0,227.0,0.4624125
228.0,228.0,0.10856701
229.0,229.0,0.08453497
230.0,230.0,0.008912225
231.0,231.0,0.6762847
232.0,232.0,0.09593395
233.0,233.0,0.077395596
234.0,234.0,0.37398443
235.0,235.0,0.08014893
236.0,236.0,0.03542793
237.0,237.0,0.028521873
238.0,238.0,0.046265382
239.0,239.0,0.059956536
240.0,240.0,0.3113211
241.0,241.0,0.11690296
242.0,242.0,3.3705638E-4
243.0,243.0,4.931603E-5
244.0,244.0,1.0740877E-5
245.0,245.0,0.027340371
246.0,246.0,0.05474646
247.0,247.0,0.032550506
248.0,248.0,0.1418876
249.0,249.0,0.04479079
250.0,250.0,0.017276548
251.0,251.0,0.55066794
252.0,252.0,6.151137E-5
253.0,253.0,0.21899952
254.0,254.0,0.0056493906
255.0,255.0,0.20413917
256.0,256.0,0.03471762
257.0,257.0,0.06011176
258.0,258.0,0.0355029
259.0,259.0,0.6453443
260.0,260.0,0.15486857
261.0,261.0,7.733584E-4
262.0,262.0,0.020969626
263.0,263.0,0.8020817
264.0,264.0,0.081806816
265.0,265.0,0.087981075
266.0,266.0,0.04989761
267.0,267.0,0.13640319
268.0,268.0,0.06202605
269.0,269.0,0.08833477
270.0,270.0,0.03380594
271.0,271.0,0.011789709
272.0,272.0,0.16085722
273.0,273.0,0.03901083
274.0,274.0,0.06301067
275.0,275.0,0.054338053
276.0,276.0,0.12126945
277.0,277.0,0.13423535
278.0,278.0,0.016056621
279.0,279.0,0.7484691
280.0,280.0,0.010639249
281.0,281.0,0.10477714
282.0,282.0,0.021105807
283.0,283.0,0.0140864905
284.0,284.0,0.0997661
285.0,285.0,0.22054225
286.0,286.0,0.012032437
287.0,287.0,0.33492276
288.0,288.0,0.001128772
289.0,289.0,0.13899894
290.0,290.0,0.01468677
291.0,291.0,0.30906996
292.0,292.0,0.025341744
293.0,293.0,0.012327414
294.0,294.0,0.12217921
295.0,295.0,0.06362513
296.0,296.0,0.60540485
297.0,297.0,2.6204083E-5
298.0,298.0,0.10645977
299.0,299.0,0.6625201
300.0,300.0,0.8060399
301.0,301.0,0.042804357
302.0,302.0,0.011615782
303.0,303.0,0.012165636
304.0,304.0,0.09681005
305.0,305.0,0.13298514
306.0,306.0,0.0061218194
307.0,307.0,0.12643842
308.0,308.0,3.9744744E-5
309.0,309.0,0.055174705
310.0,310.0,0.59117776
311.0,311.0,0.06045358
312.0,312.0,0.15498441
313.0,313.0,3.396449E-4
314.0,314.0,0.0020558
315.0,315.0,0.68722224
316.0,316.0,3.7079924E-4
317.0,317.0,0.021457298
318.0,318.0,0.016565237
319.0,319.0,0.059100486
320.0,320.0,0.6511366
321.0,321.0,0.069986865
322.0,322.0,0.048914876
323.0,323.0,6.9500325E-5
324.0,324.0,0.04620277
325.0,325.0,2.1572894E-6
326.0,326.0,0.16558388
327.0,327.0,0.08827343
328.0,328.0,0.032752
329.0,329.0,7.305952E-6
330.0,330.0,0.006294352
331.0,331.0,0.059713103
332.0,332.0,0.046666067
333.0,333.0,0.0033302796
334.0,334.0,0.017436486
335.0,335.0,0.25843963
336.0,336.0,0.032020174
337.0,337.0,0.22954424
338.0,338.0,0.014489171
339.0,339.0,0.5110657
340.0,340.0,0.028768232
341.0,341.0,0.044078752
342.0,342.0,0.2734119
343.0,343.0,0.018498931
344.0,344.0,0.009715137
345.0,345.0,0.6077605
346.0,346.0,0.5949898
347.0,347.0,5.9406702E-6
348.0,348.0,5.039823E-6
349.0,349.0,0.008216477
350.0,350.0,0.5831224
351.0,351.0,0.031851426
352.0,352.0,0.026854318
353.0,353.0,0.58911496
354.0,354.0,0.037919343
355.0,355.0,0.039384894
356.0,356.0,0.0015988639
357.0,357.0,0.032621
358.0,358.0,0.03832063
359.0,359.0,0.044646844
360.0,360.0,9.4419194E-4
361.0,361.0,0.06524214
362.0,362.0,0.0023405817
363.0,363.0,0.06883114
364.0,364.0,0.06670644
365.0,365.0,0.00666262
366.0,366.0,0.013321189
367.0,367.0,0.041961305
368.0,368.0,0.0670531
369.0,369.0,0.103148684
370.0,370.0,0.7185687
371.0,371.0,0.025568377
372.0,372.0,0.7445124
373.0,373.0,0.21464616
374.0,374.0,0.06424455
375.0,375.0,0.04105839
376.0,376.0,0.009750061
377.0,377.0,0.011589611
378.0,378.0,0.28560567
379.0,379.0,0.5613801
380.0,380.0,0.8278369
381.0,381.0,3.5373005E-4
382.0,382.0,0.042409185
383.0,383.0,0.22037052
384.0,384.0,0.041531093
385.0,385.0,0.031675402
386.0,386.0,0.0024182533
387.0,387.0,0.06783394
388.0,388.0,0.009133141
389.0,389.0,0.033771504
390.0,390.0,0.6328132
391.0,391.0,0.01207149
392.0,392.0,0.10084499
393.0,393.0,0.023381244
394.0,394.0,0.025943713
395.0,395.0,0.036263037
396.0,396.0,0.04510133
397.0,397.0,0.4152008
398.0,398.0,0.06725287
399.0,399.0,0.01881406
400.0,400.0,0.0055280873
401.0,401.0,0.7686504
402.0,402.0,0.0643495
403.0,403.0,0.045209914
404.0,404.0,7.3814235E-6
405.0,405.0,0.04624305
406.0,406.0,0.69459724
407.0,407.0,2.0007246E-4
408.0,408.0,0.5407422
409.0,409.0,0.04632448
410.0,410.0,0.0012272988
411.0,411.0,0.18309683
412.0,412.0,0.61353505
413.0,413.0,0.031168941
414.0,414.0,0.6939706
415.0,415.0,0.105392724
416.0,416.0,0.037804723
417.0,417.0,0.06451733
418.0,418.0,0.02262791
419.0,419.0,0.02142405
420.0,420.0,0.008269134
421.0,421.0,0.67786855
422.0,422.0,0.071939535
423.0,423.0,0.015438529
424.0,424.0,0.059477646
425.0,425.0,0.14757359
426.0,426.0,0.006621156
427.0,427.0,0.057028744
428.0,428.0,0.01164767
429.0,429.0,0.6660916
430.0,430.0,0.015081258
431.0,431.0,0.6790334
432.0,432.0,0.49756426
433.0,433.0,0.50103784
434.0,434.0,0.19411711
435.0,435.0,3.1745146E-4
436.0,436.0,0.06063497
437.0,437.0,0.095279746
438.0,438.0,0.59472555
439.0,439.0,0.01418205
440.0,440.0,0.80160666
441.0,441.0,0.28301108
442.0,442.0,0.0018482585
443.0,443.0,0.060973972
444.0,444.0,0.00922183
445.0,445.0,0.016860677
446.0,446.0,0.07570165
447.0,447.0,0.14005014
448.0,448.0,0.017149027
449.0,449.0,0.13460225
450.0,450.0,0.039051626
451.0,451.0,0.008178669
452.0,452.0,0.0017689259
453.0,453.0,0.002813869
454.0,454.0,0.0018795766
455.0,455.0,0.034939222
456.0,456.0,0.021703526
457.0,457.0,0.021382801
458.0,458.0,0.12716089
459.0,459.0,0.07243167
460.0,460.0,0.21276829
461.0,461.0,0.024362076
462.0,462.0,0.17270157
463.0,463.0,0.028802374
464.0,464.0,0.008200504
465.0,465.0,0.0086030625
466.0,466.0,0.08230304
467.0,467.0,0.030161768
468.0,468.0,1.7651389E-4
469.0,469.0,0.0040521785
470.0,470.0,0.6402435
471.0,471.0,0.094655916
472.0,472.0,0.1518173
473.0,473.0,0.40472668
474.0,474.0,0.16594422
475.0,475.0,0.44613874
476.0,476.0,0.12401565
477.0,477.0,0.032306824
478.0,478.0,0.012008837
479.0,479.0,0.85656
480.0,480.0,0.03764044
481.0,481.0,0.41322035
482.0,482.0,0.7146072
483.0,483.0,0.00835675
484.0,484.0,0.00968913
485.0,485.0,0.04894037
486.0,486.0,3.8444574E-5
487.0,487.0,0.22169721
488.0,488.0,0.01740796
489.0,489.0,0.64676046
490.0,490.0,0.01748386
491.0,491.0,0.033335086
492.0,492.0,0.08631649
493.0,493.0,0.65503716
494.0,494.0,0.153049
495.0,495.0,0.12964831
496.0,496.0,0.13715753
497.0,497.0,0.002795559
498.0,498.0,0.0023945137
499.0,499.0,0.66338116
500.0,500.0,0.027763525
501.0,501.0,0.006718208
502.0,502.0,0.0034027984
503.0,503.0,5.2566594E-4
504.0,504.0,0.0012870376
505.0,505.0,0.026645565
506.0,506.0,0.98044604
507.0,507.0,0.0745088
508.0,508.0,0.11125174
509.0,509.0,0.069174975
510.0,510.0,2.4649805E-6
511.0,511.0,0.010887228
512.0,512.0,0.019300438
513.0,513.0,0.65155214
514.0,514.0,0.33316308
515.0,515.0,0.12679836
516.0,516.0,0.18880206
517.0,517.0,4.305097E-4
518.0,518.0,6.6535827E-4
519.0,519.0,0.016448604
520.0,520.0,0.014654242
521.0,521.0,0.061762676
522.0,522.0,0.008374981
523.0,523.0,0.015097022
524.0,524.0,0.025146075
525.0,525.0,0.01940442
526.0,526.0,0.02677171
527.0,527.0,0.23237292
528.0,528.0,0.26118255
529.0,529.0,8.933589E-4
530.0,530.0,0.41709828
531.0,531.0,0.022728115
532.0,532.0,0.13865478
533.0,533.0,0.014549614
534.0,534.0,0.04673555
535.0,535.0,0.0080203945
536.0,536.0,0.0030707628
537.0,537.0,0.024469143
538.0,538.0,0.025397606
539.0,539.0,7.266279E-5
540.0,540.0,0.023816176
541.0,541.0,8.0819795E-5
542.0,542.0,0.013908832
543.0,543.0,0.80186737
544.0,544.0,0.044927794
545.0,545.0,0.0013925667
546.0,546.0,0.5296053
547.0,547.0,0.01992632
548.0,548.0,0.013417413
549.0,549.0,0.034886632
550.0,550.0,0.013651434
551.0,551.0,0.2057631
552.0,552.0,0.02661769
553.0,553.0,0.019675879
554.0,554.0,0.7242331
555.0,555.0,3.317043E-5
556.0,556.0,0.20981498
557.0,557.0,0.720113
558.0,558.0,0.029491432
559.0,559.0,0.0064981715
560.0,560.0,0.16302265
561.0,561.0,0.01731843
562.0,562.0,0.8040319
563.0,563.0,0.005148114
564.0,564.0,0.62977284
565.0,565.0,0.2889466
566.0,566.0,0.54825854
567.0,567.0,6.484021E-4
568.0,568.0,0.032014243
569.0,569.0,0.013455741
570.0,570.0,0.015909338
571.0,571.0,0.025874957
572.0,572.0,0.0034088017
573.0,573.0,0.6798274
574.0,574.0,0.017227866
575.0,575.0,0.5138008
576.0,576.0,0.10668398
577.0,577.0,0.10096328
578.0,578.0,0.021692712
579.0,579.0,0.0141678145
580.0,580.0,0.03671721
581.0,581.0,0.1241063
582.0,582.0,0.13207576
583.0,583.0,0.16751003
584.0,584.0,0.033208154
585.0,585.0,0.013328879
586.0,586.0,2.622785E-4
587.0,587.0,0.50445294
588.0,588.0,0.05880726
589.0,589.0,0.004824686
590.0,590.0,0.20583639
591.0,591.0,0.44959375
592.0,592.0,0.036020048
593.0,593.0,0.11818131
594.0,594.0,0.08381635
595.0,595.0,0.4752381
596.0,596.0,0.0037483897
597.0,597.0,0.6750475
598.0,598.0,0.17898837
599.0,599.0,0.16171464
600.0,600.0,0.090975076
601.0,601.0,0.7448968
602.0,602.0,0.0037642564
603.0,603.0,0.11527665
604.0,604.0,0.3224025
605.0,605.0,0.02430203
606.0,606.0,0.67327386
607.0,607.0,0.010255796
608.0,608.0,0.0056396383
609.0,609.0,0.8187699
610.0,610.0,0.068206504
611.0,611.0,0.0018623627
612.0,612.0,0.4826886
613.0,613.0,0.7953333
614.0,614.0,0.26627824
615.0,615.0,0.30800962
616.0,616.0,0.20455725
617.0,617.0,0.45561457
618.0,618.0,0.0069658696
619.0,619.0,0.49113575
620.0,620.0,0.7511481
621.0,621.0,0.044034876
622.0,622.0,0.51434886
623.0,623.0,1.729544E-4
624.0,624.0,0.03476992
625.0,625.0,0.0068836836
626.0,626.0,0.30646425
627.0,627.0,0.015304989
628.0,628.0,0.11678505
629.0,629.0,0.0052531823
630.0,630.0,0.025414625
631.0,631.0,0.58056015
632.0,632.0,1.1396517E-4
633.0,633.0,0.04799977
634.0,634.0,0.015937736
635.0,635.0,0.7387819
636.0,636.0,0.024209838
637.0,637.0,0.023466174
638.0,638.0,0.13930604
639.0,639.0,0.0739268
640.0,640.0,0.11931355
641.0,641.0,0.38097453
642.0,642.0,0.45913866
643.0,643.0,0.010350656
644.0,644.0,0.01952489
645.0,645.0,0.0035522343
646.0,646.0,0.02163271
647.0,647.0,0.12231733
648.0,648.0,0.3420297
649.0,649.0,0.4571649
650.0,650.0,0.08117029
651.0,651.0,0.050576366
652.0,652.0,3.4396176E-5
653.0,653.0,0.022769507
654.0,654.0,0.20819288
655.0,655.0,0.012492828
656.0,656.0,0.040987447
657.0,657.0,0.53500843
658.0,658.0,0.021348696
659.0,659.0,0.020191751
660.0,660.0,0.071386226
661.0,661.0,0.026594533
662.0,662.0,0.010484228
663.0,663.0,1.7103823E-5
664.0,664.0,0.15200916
665.0,665.0,0.06387901
666.0,666.0,0.021293752
667.0,667.0,0.67248094
668.0,668.0,0.1546489
669.0,669.0,0.6620153
670.0,670.0,0.4828178
671.0,671.0,0.056000195
672.0,672.0,0.26581186
673.0,673.0,0.25221655
674.0,674.0,0.09269693
675.0,675.0,0.031758673
676.0,676.0,0.15466534
677.0,677.0,0.026266258
678.0,678.0,0.8109246
679.0,679.0,0.14723942
680.0,680.0,0.2514514
681.0,681.0,0.19339108
682.0,682.0,5.931693E-5
683.0,683.0,0.06211528
684.0,684.0,0.039416727
685.0,685.0,0.016723083
686.0,686.0,0.06067558
687.0,687.0,0.6450167
688.0,688.0,0.25179797
689.0,689.0,0.71379155
690.0,690.0,0.045305803
691.0,691.0,0.028780183
692.0,692.0,0.02150143
693.0,693.0,0.15739666
694.0,694.0,0.0037694578
695.0,695.0,0.032894377
696.0,696.0,0.034340102
697.0,697.0,0.017735634
698.0,698.0,0.0079160975
699.0,699.0,0.026167413
700.0,700.0,0.67190653
701.0,701.0,0.02041353
702.0,702.0,0.5987069
703.0,703.0,0.7539893
704.0,704.0,0.009117991
705.0,705.0,0.10645979
706.0,706.0,0.08655608
707.0,707.0,7.2907034E-4
708.0,708.0,0.89978456
709.0,709.0,0.090507835
710.0,710.0,0.051158067
711.0,711.0,0.6184747
712.0,712.0,0.026966413
713.0,713.0,0.13498943
714.0,714.0,0.20053816
715.0,715.0,6.6051283E-4
716.0,716.0,0.41203117
717.0,717.0,4.1581312E-5
718.0,718.0,0.58709025
719.0,719.0,0.03019296
720.0,720.0,1.2863547E-5
721.0,721.0,0.5500383
722.0,722.0,0.006103107
723.0,723.0,0.1114304
724.0,724.0,0.58773667
725.0,725.0,0.0050791744
726.0,726.0,0.018626668
727.0,727.0,0.3012151
728.0,728.0,0.29297101
729.0,729.0,0.32478583
730.0,730.0,0.039412376
731.0,731.0,0.13091642
732.0,732.0,0.025886439
733.0,733.0,0.25257018
734.0,734.0,0.08113423
735.0,735.0,0.029918443
736.0,736.0,0.12921578
737.0,737.0,0.06350479
738.0,738.0,0.6980748
739.0,739.0,0.0605164
740.0,740.0,0.08310396
741.0,741.0,0.008856737
742.0,742.0,0.024754431
743.0,743.0,0.017265793
744.0,744.0,6.389449E-6
745.0,745.0,0.04701104
746.0,746.0,0.47869655
747.0,747.0,0.017941639
748.0,748.0,0.023772737
749.0,749.0,0.03024712
750.0,750.0,0.0035495744
751.0,751.0,0.002749058
752.0,752.0,0.032102015
753.0,753.0,0.624139
754.0,754.0,0.26971596
755.0,755.0,0.031621836
756.0,756.0,0.7419827
757.0,757.0,0.05392551
758.0,758.0,0.6778233
759.0,759.0,0.028323798
760.0,760.0,0.04474852
761.0,761.0,0.17486672
762.0,762.0,0.104089156
763.0,763.0,0.094016686
764.0,764.0,0.035022445
765.0,765.0,0.54159874
766.0,766.0,0.011177691
767.0,767.0,0.04705777
768.0,768.0,0.00307038
769.0,769.0,0.02639112
770.0,770.0,0.8910132
771.0,771.0,0.007994247
772.0,772.0,0.02336437
773.0,773.0,0.64225745
774.0,774.0,0.05584789
775.0,775.0,0.024140462
776.0,776.0,0.1142537
777.0,777.0,0.013395612
778.0,778.0,0.07313896
779.0,779.0,0.6229131
780.0,780.0,8.6164655E-4
781.0,781.0,0.014383959
782.0,782.0,7.1199647E-6
783.0,783.0,0.06656374
784.0,784.0,0.010389709
785.0,785.0,0.0051178113
786.0,786.0,0.048717044
787.0,787.0,0.011183327
788.0,788.0,0.006684196
789.0,789.0,0.12530355
790.0,790.0,0.36320063
791.0,791.0,0.0066270586
792.0,792.0,0.11243997
793.0,793.0,0.063694395
794.0,794.0,0.34295702
795.0,795.0,0.15184885
796.0,796.0,0.6513037
797.0,797.0,0.153386
798.0,798.0,0.031772908
799.0,799.0,0.04172013
800.0,800.0,3.46943E-5
801.0,801.0,0.0015050117
802.0,802.0,0.024059799
803.0,803.0,0.20916918
804.0,804.0,0.010637364
805.0,805.0,0.06900453
806.0,806.0,0.0610861
807.0,807.0,0.08894318
808.0,808.0,0.02770063
809.0,809.0,0.5025237
810.0,810.0,0.028420588
811.0,811.0,0.022085432
812.0,812.0,7.7003184E-5
813.0,813.0,0.072006926
814.0,814.0,0.07280787
815.0,815.0,0.0034602913
816.0,816.0,0.033492316
817.0,817.0,0.11326003
818.0,818.0,0.029871292
819.0,819.0,1.8142737E-4
820.0,820.0,0.68257594
821.0,821.0,0.06334916
822.0,822.0,0.02026849
823.0,823.0,0.008861172
824.0,824.0,0.020860916
825.0,825.0,0.008637588
826.0,826.0,0.039029572
827.0,827.0,0.21771123
828.0,828.0,1.5277247E-4
829.0,829.0,4.3664636E-6
830.0,830.0,0.039858203
831.0,831.0,0.02394373
832.0,832.0,0.041615456
833.0,833.0,0.085746095
834.0,834.0,0.043514185
835.0,835.0,0.05830262
836.0,836.0,0.11004624
837.0,837.0,0.39009157
838.0,838.0,0.19644952
839.0,839.0,0.014424164
840.0,840.0,0.28627104
841.0,841.0,0.025050389
842.0,842.0,0.001885772
843.0,843.0,0.7891336
844.0,844.0,0.023730567
845.0,845.0,0.015719468
846.0,846.0,0.12062258
847.0,847.0,0.06925631
848.0,848.0,0.001624319
849.0,849.0,0.4211459
850.0,850.0,0.0073204753
851.0,851.0,0.43865672
852.0,852.0,0.36420494
853.0,853.0,0.39910066
854.0,854.0,0.16437657
855.0,855.0,0.023663785
856.0,856.0,0.686401
857.0,857.0,0.22690883
858.0,858.0,0.753284
859.0,859.0,1.0256978E-4
860.0,860.0,0.8178586
861.0,861.0,0.021228373
862.0,862.0,0.07675219
863.0,863.0,0.055659395
864.0,864.0,0.04623283
865.0,865.0,0.72577834
866.0,866.0,0.0029190793
867.0,867.0,0.65395665
868.0,868.0,0.012916475
869.0,869.0,0.009984361
870.0,870.0,0.013467285
871.0,871.0,0.19013606
872.0,872.0,0.02503936
873.0,873.0,0.035811998
874.0,874.0,0.01597872
875.0,875.0,0.13945657
876.0,876.0,0.7414084
877.0,877.0,0.10449581
878.0,878.0,4.468917E-5
879.0,879.0,0.37270516
880.0,880.0,0.41654375
881.0,881.0,0.03819352
882.0,882.0,0.73172545
883.0,883.0,0.15523556
884.0,884.0,0.023066403
885.0,885.0,0.0027615477
886.0,886.0,0.06286529
887.0,887.0,4.6212386E-5
888.0,888.0,0.36789814
889.0,889.0,0.42165807
890.0,890.0,0.038148273
891.0,891.0,4.9994705E-5
892.0,892.0,0.11606536
893.0,893.0,0.17692022
894.0,894.0,0.022422729
895.0,895.0,0.81872946
896.0,896.0,0.015659817
897.0,897.0,0.20093122
898.0,898.0,0.0024985112
899.0,899.0,0.3204343
900.0,900.0,0.071637854
901.0,901.0,9.054732E-6
902.0,902.0,0.008027135
903.0,903.0,0.06603801
904.0,904.0,0.04031825
905.0,905.0,0.018769568
906.0,906.0,0.589097
907.0,907.0,0.07844973
908.0,908.0,0.52940464
909.0,909.0,0.075998776
910.0,910.0,0.6952363
911.0,911.0,0.014539395
912.0,912.0,0.33926466
913.0,913.0,0.7175383
914.0,914.0,1.7409497E-5
915.0,915.0,0.4884258
916.0,916.0,0.019237034
917.0,917.0,0.01676127
918.0,918.0,0.08382043
919.0,919.0,0.001734959
920.0,920.0,0.015118849
921.0,921.0,0.5810612
922.0,922.0,0.025816686
923.0,923.0,0.1282735
924.0,924.0,0.35138783
925.0,925.0,5.3658537E-6
926.0,926.0,0.8372923
927.0,927.0,0.081698224
928.0,928.0,0.05197308
929.0,929.0,0.019856777
930.0,930.0,0.19919252
931.0,931.0,0.017712383
932.0,932.0,0.02242073
933.0,933.0,0.6319711
934.0,934.0,0.0015750526
935.0,935.0,0.14906308
936.0,936.0,1.0844948E-4
937.0,937.0,0.11934132
938.0,938.0,0.7526655
939.0,939.0,0.070631154
940.0,940.0,8.4873594E-5
941.0,941.0,0.5068011
942.0,942.0,0.013536551
943.0,943.0,0.15249337
944.0,944.0,0.001603367
945.0,945.0,0.014093684
946.0,946.0,0.36927247
947.0,947.0,0.19325544
948.0,948.0,0.42449304
949.0,949.0,0.034832437
950.0,950.0,0.5701839
951.0,951.0,0.188756
952.0,952.0,0.31172708
953.0,953.0,0.3048825
954.0,954.0,0.0751835
955.0,955.0,0.25443584
956.0,956.0,1.2373697E-4
957.0,957.0,0.12318182
958.0,958.0,0.05148211
959.0,959.0,0.5030959
960.0,960.0,0.06099219
961.0,961.0,0.032799963
962.0,962.0,0.68140894
963.0,963.0,0.053815182
964.0,964.0,0.032854214
965.0,965.0,0.046930265
966.0,966.0,0.080523424
967.0,967.0,0.027367834
968.0,968.0,0.017471097
969.0,969.0,0.17966329
970.0,970.0,0.63897115
971.0,971.0,0.035904538
972.0,972.0,0.03959385
973.0,973.0,0.18994181
974.0,974.0,0.011806674
975.0,975.0,0.03472218
976.0,976.0,0.016595924
977.0,977.0,0.013594479
978.0,978.0,0.014618034
979.0,979.0,0.033599928
980.0,980.0,0.7467614
981.0,981.0,0.0010697356
982.0,982.0,0.006679719
983.0,983.0,0.28598648
984.0,984.0,0.0019132413
985.0,985.0,0.11474311
986.0,986.0,0.051001497
987.0,987.0,0.78774786
988.0,988.0,0.05098041
989.0,989.0,0.082782574
990.0,990.0,0.072519645
991.0,991.0,0.015935205
992.0,992.0,0.6106128
993.0,993.0,0.062268153
994.0,994.0,0.10221275
995.0,995.0,0.5092451
996.0,996.0,0.019068653
997.0,997.0,0.025562871
998.0,998.0,0.0016905247
999.0,999.0,0.39831662
1000.0,1000.0,0.089660235
1001.0,1001.0,0.117625356
1002.0,1002.0,0.12099465
1003.0,1003.0,0.06278013
1004.0,1004.0,0.19244033
1005.0,1005.0,0.06154123
1006.0,1006.0,0.40372044
1007.0,1007.0,0.122692
1008.0,1008.0,5.031919E-4
1009.0,1009.0,0.05347413
1010.0,1010.0,0.13790265
1011.0,1011.0,0.4146836
1012.0,1012.0,0.41144773
1013.0,1013.0,0.031945538
1014.0,1014.0,0.30480218
1015.0,1015.0,0.034139644
1016.0,1016.0,0.14844406
1017.0,1017.0,0.06439277
1018.0,1018.0,0.022785816
1019.0,1019.0,0.05948706
1020.0,1020.0,0.12934065
1021.0,1021.0,1.1792705E-4
1022.0,1022.0,0.009484103
1023.0,1023.0,0.099630564
1024.0,1024.0,0.010002783
1025.0,1025.0,0.013308845
1026.0,1026.0,0.13922633
1027.0,1027.0,0.19859064
1028.0,1028.0,0.043200728
1029.0,1029.0,0.013760895
1030.0,1030.0,0.3292105
1031.0,1031.0,0.6148717
1032.0,1032.0,0.114307284
1033.0,1033.0,0.011514567
1034.0,1034.0,0.01652952
1035.0,1035.0,0.010450973
1036.0,1036.0,0.0040461626
1037.0,1037.0,0.0021828376
1038.0,1038.0,0.74731165
1039.0,1039.0,9.584146E-4
1040.0,1040.0,0.0041566575
1041.0,1041.0,6.382787E-5
1042.0,1042.0,0.0060193324
1043.0,1043.0,0.05974715
1044.0,1044.0,0.17274706
1045.0,1045.0,0.067277186
1046.0,1046.0,0.051990975
1047.0,1047.0,0.020034268
1048.0,1048.0,0.06841667
1049.0,1049.0,0.31440377
1050.0,1050.0,0.029709067
1051.0,1051.0,0.021538705
1052.0,1052.0,0.13498673
1053.0,1053.0,0.019184107
1054.0,1054.0,0.020174991
1055.0,1055.0,0.012705658
1056.0,1056.0,0.027169313
1057.0,1057.0,0.018359395
1058.0,1058.0,0.75384134
1059.0,1059.0,6.805755E-4
1060.0,1060.0,0.005223822
1061.0,1061.0,0.18860686
1062.0,1062.0,0.0016523276
1063.0,1063.0,0.8115192
1064.0,1064.0,0.024694493
1065.0,1065.0,0.043459345
1066.0,1066.0,0.033944473
1067.0,1067.0,0.10139393
1068.0,1068.0,0.6792291
1069.0,1069.0,0.44629574
1070.0,1070.0,0.69684017
1071.0,1071.0,0.018483194
1072.0,1072.0,0.03877818
1073.0,1073.0,0.016704556
1074.0,1074.0,0.013389337
1075.0,1075.0,0.58817846
1076.0,1076.0,0.0939116
1077.0,1077.0,0.76138085
1078.0,1078.0,0.052701734
1079.0,1079.0,0.5733853
1080.0,1080.0,0.022442931
1081.0,1081.0,0.026259601
1082.0,1082.0,0.068535686
1083.0,1083.0,0.64833564
1084.0,1084.0,0.0054491893
1085.0,1085.0,0.48827735
1086.0,1086.0,0.018836062
1087.0,1087.0,0.024400368
1088.0,1088.0,0.099615134
1089.0,1089.0,0.027498716
1090.0,1090.0,0.5925114
1091.0,1091.0,0.029347625
1092.0,1092.0,0.024428766
1093.0,1093.0,6.854807E-5
1094.0,1094.0,0.034917757
1095.0,1095.0,0.66717744
1096.0,1096.0,0.01973861
1097.0,1097.0,0.018641893
1098.0,1098.0,0.12997888
1099.0,1099.0,0.008100049
1100.0,1100.0,0.028307227
1101.0,1101.0,1.3338134E-4
1102.0,1102.0,0.013288203
1103.0,1103.0,0.19874959
1104.0,1104.0,0.097097285
1105.0,1105.0,0.62913245
1106.0,1106.0,1.9240573E-4
1107.0,1107.0,0.0068696747
1108.0,1108.0,0.03181885
1109.0,1109.0,0.012379398
1110.0,1110.0,0.15246995
1111.0,1111.0,0.028084232
1112.0,1112.0,0.31229827
1113.0,1113.0,0.6733292
1114.0,1114.0,0.070883244
1115.0,1115.0,0.011820913
1116.0,1116.0,0.5843651
1117.0,1117.0,0.10429524
1118.0,1118.0,0.07790758
1119.0,1119.0,0.5389135
1120.0,1120.0,0.03779579
1121.0,1121.0,0.5972793
1122.0,1122.0,0.015881259
1123.0,1123.0,1.6141795E-4
1124.0,1124.0,0.0010337926
1125.0,1125.0,3.6567025E-4
1126.0,1126.0,0.7786937
1127.0,1127.0,0.59954834
1128.0,1128.0,0.56369555
1129.0,1129.0,0.0081897
1130.0,1130.0,6.011218E-5
1131.0,1131.0,0.5795241
1132.0,1132.0,0.03193198
1133.0,1133.0,0.0041744933
1134.0,1134.0,0.23087436
1135.0,1135.0,0.09184197
1136.0,1136.0,0.0036381544
1137.0,1137.0,0.092430145
1138.0,1138.0,0.70343065
1139.0,1139.0,0.6273181
1140.0,1140.0,0.05448403
1141.0,1141.0,0.07025616
1142.0,1142.0,0.5173853
1143.0,1143.0,0.7146409
1144.0,1144.0,0.018488353
1145.0,1145.0,0.026224036
1146.0,1146.0,0.0018060084
1147.0,1147.0,0.03525634
1148.0,1148.0,4.2261294E-4
1149.0,1149.0,0.05589853
1150.0,1150.0,0.0811881
1151.0,1151.0,0.61093
1152.0,1152.0,0.41829488
1153.0,1153.0,0.47945046
1154.0,1154.0,0.034632422
1155.0,1155.0,0.16412486
1156.0,1156.0,0.11708939
1157.0,1157.0,0.05884151
1158.0,1158.0,0.07041438
1159.0,1159.0,0.15970261
1160.0,1160.0,0.10348512
1161.0,1161.0,0.06668423
1162.0,1162.0,0.70166
1163.0,1163.0,0.18575962
1164.0,1164.0,0.81093407
1165.0,1165.0,9.7237964E-4
1166.0,1166.0,2.3366314E-4
1167.0,1167.0,0.027397465
1168.0,1168.0,0.19418518
1169.0,1169.0,0.0027019912
1170.0,1170.0,0.083193526
1171.0,1171.0,0.74098724
1172.0,1172.0,0.0075735534
1173.0,1173.0,0.12231814
1174.0,1174.0,0.16560903
1175.0,1175.0,0.56862754
1176.0,1176.0,0.0012235008
1177.0,1177.0,4.1275012E-4
1178.0,1178.0,0.0014928367
1179.0,1179.0,0.09755586
1180.0,1180.0,0.004000283
1181.0,1181.0,0.021996785
1182.0,1182.0,0.82896376
1183.0,1183.0,0.8257776
1184.0,1184.0,0.5767567
1185.0,1185.0,0.04522038
1186.0,1186.0,0.058684897
1187.0,1187.0,0.013865023
1188.0,1188.0,0.69905543
1189.0,1189.0,0.0313518
1190.0,1190.0,0.06338887
1191.0,1191.0,0.04614643
1192.0,1192.0,0.67351633
1193.0,1193.0,0.44962138
1194.0,1194.0,0.0034405834
1195.0,1195.0,0.0011607375
1196.0,1196.0,0.07564946
1197.0,1197.0,0.019175235
1198.0,1198.0,0.055899262
1199.0,1199.0,3.874627E-6
1200.0,1200.0,0.023407586
1201.0,1201.0,0.0563502
1202.0,1202.0,0.5010387
1203.0,1203.0,0.015031852
1204.0,1204.0,0.1120389
1205.0,1205.0,0.4025637
1206.0,1206.0,0.012124121
1207.0,1207.0,0.7975571
1208.0,1208.0,0.13423783
1209.0,1209.0,0.080364965
1210.0,1210.0,0.14730231
1211.0,1211.0,0.68937635
1212.0,1212.0,0.6961156
1213.0,1213.0,0.017977428
1214.0,1214.0,0.011133658
1215.0,1215.0,0.03710141
1216.0,1216.0,0.015071232
1217.0,1217.0,0.1230109
1218.0,1218.0,3.2418095E-5
1219.0,1219.0,0.10189238
1220.0,1220.0,0.84579474
1221.0,1221.0,0.43392938
1222.0,1222.0,0.042417295
1223.0,1223.0,0.016013924
1224.0,1224.0,0.03669542
1225.0,1225.0,0.0035385778
1226.0,1226.0,0.022541547
1227.0,1227.0,0.033412393
1228.0,1228.0,0.6201923
1229.0,1229.0,0.014460322
1230.0,1230.0,0.63508105
1231.0,1231.0,0.03800476
1232.0,1232.0,0.08614999
1233.0,1233.0,1.9497903E-4
1234.0,1234.0,2.7483862E-4
1235.0,1235.0,0.042165667
1236.0,1236.0,0.032544147
1237.0,1237.0,0.43323144
1238.0,1238.0,0.1305151
1239.0,1239.0,0.09736742
1240.0,1240.0,0.11847722
1241.0,1241.0,0.0187464
1242.0,1242.0,6.431379E-4
1243.0,1243.0,2.5121015E-4
1244.0,1244.0,0.03229171
1245.0,1245.0,0.015566072
1246.0,1246.0,0.8204391
1247.0,1247.0,0.073792875
1248.0,1248.0,0.0017260507
1249.0,1249.0,0.04460884
1250.0,1250.0,0.03507731
1251.0,1251.0,0.07242524
1252.0,1252.0,0.008853405
1253.0,1253.0,0.09348852
1254.0,1254.0,0.61200255
1255.0,1255.0,0.0028572264
1256.0,1256.0,0.029238004
1257.0,1257.0,0.0017656841
1258.0,1258.0,5.7739497E-4
1259.0,1259.0,0.17312151
1260.0,1260.0,0.012703858
1261.0,1261.0,0.09140564
1262.0,1262.0,2.6566884E-4
1263.0,1263.0,0.8497383
1264.0,1264.0,0.65250266
1265.0,1265.0,0.001144342
1266.0,1266.0,0.024160726
1267.0,1267.0,0.02071093
1268.0,1268.0,0.01927559
1269.0,1269.0,1.0809782E-4
1270.0,1270.0,0.03202063
1271.0,1271.0,0.005670237
1272.0,1272.0,0.071400404
1273.0,1273.0,0.05720339
1274.0,1274.0,0.039587144
1275.0,1275.0,8.108086E-5
1276.0,1276.0,0.011780573
1277.0,1277.0,9.374458E-5
1278.0,1278.0,0.007808516
1279.0,1279.0,0.019372266
1280.0,1280.0,0.03053052
1281.0,1281.0,0.49897522
1282.0,1282.0,9.780729E-6
1283.0,1283.0,0.211724
1284.0,1284.0,0.29418835
1285.0,1285.0,0.017335791
1286.0,1286.0,0.06382509
1287.0,1287.0,1.0523463E-4
1288.0,1288.0,0.020722812
1289.0,1289.0,0.016523123
1290.0,1290.0,0.500031
1291.0,1291.0,0.109972574
1292.0,1292.0,0.042142633
1293.0,1293.0,0.77502424
1294.0,1294.0,0.051653624
1295.0,1295.0,0.0018445159
1296.0,1296.0,0.70449054
1297.0,1297.0,0.41584098
1298.0,1298.0,0.040278055
1299.0,1299.0,0.53360045
1300.0,1300.0,0.021345727
1301.0,1301.0,0.017161284
1302.0,1302.0,7.609639E-5
1303.0,1303.0,0.0014262693
1304.0,1304.0,0.020618597
1305.0,1305.0,0.01259869
1306.0,1306.0,0.040148374
1307.0,1307.0,0.021291103
1308.0,1308.0,0.17807171
1309.0,1309.0,0.04570913
1310.0,1310.0,0.0044217585
1311.0,1311.0,0.08073704
1312.0,1312.0,0.053030584
1313.0,1313.0,0.063211836
1314.0,1314.0,0.0083203465
1315.0,1315.0,0.6390794
1316.0,1316.0,0.20775415
1317.0,1317.0,0.08481876
1318.0,1318.0,0.10764574
1319.0,1319.0,0.019161858
1320.0,1320.0,8.352942E-6
1321.0,1321.0,0.013828471
1322.0,1322.0,0.6227816
1323.0,1323.0,0.023873713
1324.0,1324.0,0.034783363
1325.0,1325.0,0.07803116
1326.0,1326.0,1.7515726E-5
1327.0,1327.0,0.15641911
1328.0,1328.0,6.4401806E-6
1329.0,1329.0,0.39827305
1330.0,1330.0,0.045308102
1331.0,1331.0,7.7812965E-6
1332.0,1332.0,0.049589388
1333.0,1333.0,0.1490175
1334.0,1334.0,0.011100435
1335.0,1335.0,1.503926E-4
1336.0,1336.0,0.04848869
1337.0,1337.0,0.19244911
1338.0,1338.0,0.062676914
1339.0,1339.0,1.3792794E-4
1340.0,1340.0,0.9029752
1341.0,1341.0,0.011712626
1342.0,1342.0,1.3698707E-4
1343.0,1343.0,0.7311043
1344.0,1344.0,0.11145463
1345.0,1345.0,0.09091267
1346.0,1346.0,0.030735185
1347.0,1347.0,0.12412357
1348.0,1348.0,0.023394968
1349.0,1349.0,0.05758954
1350.0,1350.0,0.071558334
1351.0,1351.0,0.061994012
1352.0,1352.0,0.011670206
1353.0,1353.0,0.001134412
1354.0,1354.0,0.020035647
1355.0,1355.0,0.024542192
1356.0,1356.0,2.1328821E-4
1357.0,1357.0,0.05814655
1358.0,1358.0,0.017097214
1359.0,1359.0,0.035826523
1360.0,1360.0,0.0018775966
1361.0,1361.0,0.57370245
1362.0,1362.0,0.5842621
1363.0,1363.0,0.023869304
1364.0,1364.0,0.2686556
1365.0,1365.0,7.552018E-5
1366.0,1366.0,0.14312485
1367.0,1367.0,0.019352905
1368.0,1368.0,0.5702047
1369.0,1369.0,0.025270615
1370.0,1370.0,0.7257385
1371.0,1371.0,0.0010157396
1372.0,1372.0,0.054171175
1373.0,1373.0,0.027074957
1374.0,1374.0,0.59745234
1375.0,1375.0,1.1221987E-4
1376.0,1376.0,0.020014668
1377.0,1377.0,0.030199861
1378.0,1378.0,0.0632357
1379.0,1379.0,0.16771455
1380.0,1380.0,0.087313466
1381.0,1381.0,4.321097E-4
1382.0,1382.0,0.08618438
1383.0,1383.0,0.5766485
1384.0,1384.0,0.04269018
1385.0,1385.0,0.053712886
1386.0,1386.0,0.14251772
1387.0,1387.0,0.032162193
1388.0,1388.0,0.059018966
1389.0,1389.0,0.050200474
1390.0,1390.0,0.40359947
1391.0,1391.0,0.65462625
1392.0,1392.0,0.007823241
1393.0,1393.0,0.16427967
1394.0,1394.0,0.14241785
1395.0,1395.0,0.02576875
1396.0,1396.0,2.1051058E-6
1397.0,1397.0,0.16084358
1398.0,1398.0,0.023594778
1399.0,1399.0,0.036991443
1400.0,1400.0,0.024173021
1401.0,1401.0,0.015111561
1402.0,1402.0,0.051108934
1403.0,1403.0,0.060893152
1404.0,1404.0,0.066352375
1405.0,1405.0,0.0069090375
1406.0,1406.0,0.8639626
1407.0,1407.0,0.73874676
1408.0,1408.0,0.018353343
1409.0,1409.0,0.15066229
1410.0,1410.0,0.050719604
1411.0,1411.0,0.6869088
1412.0,1412.0,0.0074012307
1413.0,1413.0,0.0016259155
1414.0,1414.0,0.007760417
1415.0,1415.0,0.07690343
1416.0,1416.0,0.001563552
1417.0,1417.0,0.10331449
1418.0,1418.0,0.08208868
1419.0,1419.0,0.0030719002
1420.0,1420.0,0.0029577184
1421.0,1421.0,0.10894483
1422.0,1422.0,0.012744339
1423.0,1423.0,0.004830678
1424.0,1424.0,0.09605195
1425.0,1425.0,0.0011842138
1426.0,1426.0,0.053879075
1427.0,1427.0,0.05381699
1428.0,1428.0,0.092414275
1429.0,1429.0,0.02569371
1430.0,1430.0,0.012568733
1431.0,1431.0,0.013806944
1432.0,1432.0,0.014326524
1433.0,1433.0,0.089435115
1434.0,1434.0,0.735329
1435.0,1435.0,0.10671518
1436.0,1436.0,0.02361727
1437.0,1437.0,0.114983514
1438.0,1438.0,0.03413305
1439.0,1439.0,1.2425511E-5
1440.0,1440.0,0.08547598
1441.0,1441.0,4.7311655E-6
1442.0,1442.0,0.32142526
1443.0,1443.0,0.630322
1444.0,1444.0,0.021161959
1445.0,1445.0,0.010269651
1446.0,1446.0,0.4169853
1447.0,1447.0,0.036416758
1448.0,1448.0,0.14530723
1449.0,1449.0,0.20955795
1450.0,1450.0,0.7315817
1451.0,1451.0,0.068576716
1452.0,1452.0,0.01079674
1453.0,1453.0,0.010049879
1454.0,1454.0,8.391547E-5
1455.0,1455.0,0.74735814
1456.0,1456.0,6.8894515E-6
1457.0,1457.0,0.3892042
1458.0,1458.0,0.07470603
1459.0,1459.0,0.031734213
1460.0,1460.0,0.05649151
1461.0,1461.0,0.09079594
1462.0,1462.0,0.073489495
1463.0,1463.0,0.0063748364
1464.0,1464.0,0.054535635
1465.0,1465.0,0.012836547
1466.0,1466.0,0.03360238
1467.0,1467.0,0.06534085
1468.0,1468.0,0.087088324
1469.0,1469.0,0.1439222
1470.0,1470.0,0.043601375
1471.0,1471.0,0.057591867
1472.0,1472.0,0.07418879
1473.0,1473.0,0.7687142
1474.0,1474.0,0.020320982
1475.0,1475.0,0.0053378604
1476.0,1476.0,0.0074531017
1477.0,1477.0,0.0056314105
1478.0,1478.0,0.015036201
1479.0,1479.0,0.034344345
1480.0,1480.0,0.5414267
1481.0,1481.0,0.035979666
1482.0,1482.0,0.7499747
1483.0,1483.0,0.004386155
1484.0,1484.0,0.04817021
1485.0,1485.0,0.3411499
1486.0,1486.0,0.035190947
1487.0,1487.0,0.014043823
1488.0,1488.0,8.62038E-6
1489.0,1489.0,0.70256716
1490.0,1490.0,0.011929741
1491.0,1491.0,1.2464556E-5
1492.0,1492.0,0.02913338
1493.0,1493.0,0.044322014
1494.0,1494.0,0.0723756
1495.0,1495.0,3.9307273E-5
1496.0,1496.0,0.20821556
1497.0,1497.0,0.0831049
1498.0,1498.0,0.583572
1499.0,1499.0,0.1276164
1500.0,1500.0,9.450607E-5
1501.0,1501.0,0.018272124
1502.0,1502.0,9.48386E-6
1503.0,1503.0,0.031935744
1504.0,1504.0,0.018967178
1505.0,1505.0,0.033260517
1506.0,1506.0,0.02954719
1507.0,1507.0,0.07127346
1508.0,1508.0,8.3385257E-4
1509.0,1509.0,0.051435173
1510.0,1510.0,6.6966546E-5
1511.0,1511.0,0.07603329
1512.0,1512.0,0.0021541382
1513.0,1513.0,0.013732672
1514.0,1514.0,0.0070459293
1515.0,1515.0,0.6834948
1516.0,1516.0,0.020706588
1517.0,1517.0,0.06355575
1518.0,1518.0,0.056733277
1519.0,1519.0,0.07153836
1520.0,1520.0,0.06438763
1521.0,1521.0,0.12675826
1522.0,1522.0,0.0515119
1523.0,1523.0,0.119490564
1524.0,1524.0,0.10153135
1525.0,1525.0,0.14599939
1526.0,1526.0,0.058687583
1527.0,1527.0,4.9597425E-6
1528.0,1528.0,0.004573209
1529.0,1529.0,0.55021465
1530.0,1530.0,0.04421054
1531.0,1531.0,0.063320085
1532.0,1532.0,0.151154
1533.0,1533.0,0.0048395684
1534.0,1534.0,0.03717385
1535.0,1535.0,0.096326664
1536.0,1536.0,0.4882939
1537.0,1537.0,0.18770325
1538.0,1538.0,0.11592346
1539.0,1539.0,0.019920537
1540.0,1540.0,0.027241087
1541.0,1541.0,0.45645717
1542.0,1542.0,0.012463094
1543.0,1543.0,0.6360484
1544.0,1544.0,0.35591808
1545.0,1545.0,0.28558916
1546.0,1546.0,0.0021037338
1547.0,1547.0,2.4053646E-5
1548.0,1548.0,0.021681221
1549.0,1549.0,0.1402309
1550.0,1550.0,0.703707
1551.0,1551.0,0.38874704
1552.0,1552.0,0.13145925
1553.0,1553.0,0.6291412
1554.0,1554.0,0.01469104
1555.0,1555.0,0.1582088
1556.0,1556.0,0.0873886
1557.0,1557.0,0.045216117
1558.0,1558.0,0.6536901
1559.0,1559.0,0.29399943
1560.0,1560.0,0.0071183657
1561.0,1561.0,0.021162633
1562.0,1562.0,0.43755335
1563.0,1563.0,0.017321477
1564.0,1564.0,0.09549152
1565.0,1565.0,0.3370303
1566.0,1566.0,0.10243143
1567.0,1567.0,0.02525928
1568.0,1568.0,0.0023287307
1569.0,1569.0,0.21577217
1570.0,1570.0,0.0040197955
1571.0,1571.0,0.42538914
1572.0,1572.0,0.072493054
1573.0,1573.0,2.1083313E-5
1574.0,1574.0,0.64978826
1575.0,1575.0,5.5976707E-5
1576.0,1576.0,0.7321539
1577.0,1577.0,0.057499096
1578.0,1578.0,0.018283108
1579.0,1579.0,0.028498458
1580.0,1580.0,0.021656876
1581.0,1581.0,0.57893854
1582.0,1582.0,0.14827807
1583.0,1583.0,0.6812114
1584.0,1584.0,0.025034886
1585.0,1585.0,0.15217718
1586.0,1586.0,0.14767556
1587.0,1587.0,0.002955563
1588.0,1588.0,0.03128304
1589.0,1589.0,0.0035134428
1590.0,1590.0,0.27773488
1591.0,1591.0,0.028162913
1592.0,1592.0,0.055587754
1593.0,1593.0,3.103442E-4
1594.0,1594.0,9.582735E-5
1595.0,1595.0,0.5191888
1596.0,1596.0,1.761281E-4
1597.0,1597.0,0.83950245
1598.0,1598.0,0.04111671
1599.0,1599.0,0.1727377
1600.0,1600.0,0.18435171
1601.0,1601.0,0.027531993
1602.0,1602.0,0.024493653
1603.0,1603.0,0.50528526
1604.0,1604.0,0.7068671
1605.0,1605.0,0.079244494
1606.0,1606.0,0.023360806
1607.0,1607.0,0.02468314
1608.0,1608.0,0.10729125
1609.0,1609.0,0.035423364
1610.0,1610.0,0.20601635
1611.0,1611.0,0.4640453
1612.0,1612.0,0.01390682
1613.0,1613.0,0.16910113
1614.0,1614.0,0.5732808
1615.0,1615.0,0.07244279
1616.0,1616.0,0.24853688
1617.0,1617.0,0.8800707
1618.0,1618.0,0.55547714
1619.0,1619.0,0.0013018225
1620.0,1620.0,0.049704887
1621.0,1621.0,0.11266933
1622.0,1622.0,0.017366301
1623.0,1623.0,0.33691257
1624.0,1624.0,0.10306267
1625.0,1625.0,0.42208737
1626.0,1626.0,0.27515373
1627.0,1627.0,0.0058365506
1628.0,1628.0,0.11005878
1629.0,1629.0,0.029730666
1630.0,1630.0,3.28273E-5
1631.0,1631.0,0.044225574
1632.0,1632.0,0.043770984
1633.0,1633.0,0.018138004
1634.0,1634.0,0.05377543
1635.0,1635.0,0.023693722
1636.0,1636.0,0.020481272
1637.0,1637.0,0.78262967
1638.0,1638.0,0.1343227
1639.0,1639.0,0.0098312255
1640.0,1640.0,0.0059091165
1641.0,1641.0,0.048439667
1642.0,1642.0,0.41991436
1643.0,1643.0,0.07670215
1644.0,1644.0,0.010196784
1645.0,1645.0,0.016611025
1646.0,1646.0,0.14135641
1647.0,1647.0,1.380943E-4
1648.0,1648.0,0.3552287
1649.0,1649.0,0.78952956
1650.0,1650.0,0.60011166
1651.0,1651.0,0.009795976
1652.0,1652.0,0.6061618
1653.0,1653.0,0.016500372
1654.0,1654.0,0.0042977403
1655.0,1655.0,8.1167236E-4
1656.0,1656.0,0.037424274
1657.0,1657.0,0.03543118
1658.0,1658.0,0.052060924
1659.0,1659.0,0.79990184
1660.0,1660.0,8.9889145E-5
1661.0,1661.0,4.7013452E-4
1662.0,1662.0,0.00816992
1663.0,1663.0,0.07432001
1664.0,1664.0,0.005541106
1665.0,1665.0,0.01702665
1666.0,1666.0,0.019589195
1667.0,1667.0,0.7791824
1668.0,1668.0,0.00737884
1669.0,1669.0,0.15627787
1670.0,1670.0,0.020525366
1671.0,1671.0,0.037903424
1672.0,1672.0,0.04971341
1673.0,1673.0,0.0015661456
1674.0,1674.0,0.027927015
1675.0,1675.0,0.69348603
1676.0,1676.0,0.18559018
1677.0,1677.0,0.14623617
1678.0,1678.0,0.00418499
1679.0,1679.0,0.080686204
1680.0,1680.0,0.060177337
1681.0,1681.0,0.031746075
1682.0,1682.0,0.016847044
1683.0,1683.0,0.6769089
1684.0,1684.0,8.60912E-4
1685.0,1685.0,0.19090863
1686.0,1686.0,0.041358247
1687.0,1687.0,9.755025E-4
1688.0,1688.0,0.096746095
1689.0,1689.0,0.015280763
1690.0,1690.0,0.1944777
1691.0,1691.0,0.0037163587
1692.0,1692.0,0.32537252
1693.0,1693.0,0.21177328
1694.0,1694.0,0.06712648
1695.0,1695.0,0.04275944
1696.0,1696.0,0.05502693
1697.0,1697.0,0.20712113
1698.0,1698.0,0.0055182735
1699.0,1699.0,0.015916368
1700.0,1700.0,0.015937408
1701.0,1701.0,0.039446693
1702.0,1702.0,0.0072461334
1703.0,1703.0,0.10414004
1704.0,1704.0,0.023593917
1705.0,1705.0,0.63245857
1706.0,1706.0,0.03360211
1707.0,1707.0,0.20871751
1708.0,1708.0,0.6660852
1709.0,1709.0,0.107146226
1710.0,1710.0,0.26685393
1711.0,1711.0,0.7965824
1712.0,1712.0,0.2609374
1713.0,1713.0,0.0035337727
1714.0,1714.0,0.0018241528
1715.0,1715.0,0.82735544
1716.0,1716.0,0.5907346
1717.0,1717.0,0.16281703
1718.0,1718.0,0.012919284
1719.0,1719.0,0.1842345
1720.0,1720.0,0.0076757427
1721.0,1721.0,0.0069093737
1722.0,1722.0,8.222291E-4
1723.0,1723.0,0.6434225
1724.0,1724.0,0.07649688
1725.0,1725.0,0.68061566
1726.0,1726.0,0.015536967
1727.0,1727.0,0.010994808
1728.0,1728.0,0.1548562
1729.0,1729.0,0.022106886
1730.0,1730.0,0.01110666
1731.0,1731.0,0.6708573
1732.0,1732.0,0.042754952
1733.0,1733.0,0.26690772
1734.0,1734.0,5.360043E-4
1735.0,1735.0,0.70696497
1736.0,1736.0,8.943535E-5
1737.0,1737.0,0.28442973
1738.0,1738.0,0.6434004
1739.0,1739.0,0.09610746
1740.0,1740.0,0.0069946563
1741.0,1741.0,0.023636244
1742.0,1742.0,0.08880481
1743.0,1743.0,0.058875713
1744.0,1744.0,0.12194719
1745.0,1745.0,0.010129115
1746.0,1746.0,0.031058494
1747.0,1747.0,0.042865966
1748.0,1748.0,0.07861615
1749.0,1749.0,0.06837784
1750.0,1750.0,0.023683019
1751.0,1751.0,0.012890599
1752.0,1752.0,0.076741464
1753.0,1753.0,0.024242673
1754.0,1754.0,0.012127848
1755.0,1755.0,0.11091795
1756.0,1756.0,0.6941983
1757.0,1757.0,0.10019461
1758.0,1758.0,0.04423318
1759.0,1759.0,0.22517473
1760.0,1760.0,0.044723324
1761.0,1761.0,0.04801394
1762.0,1762.0,0.015786812
1763.0,1763.0,0.8091253
1764.0,1764.0,0.025195912
1765.0,1765.0,0.017312743
1766.0,1766.0,0.012933604
1767.0,1767.0,0.02307296
1768.0,1768.0,0.19637875
1769.0,1769.0,0.8020235
1770.0,1770.0,0.15467791
1771.0,1771.0,0.035779968
1772.0,1772.0,0.553912
1773.0,1773.0,0.047095586
1774.0,1774.0,1.1227287E-4
1775.0,1775.0,0.0020777695
1776.0,1776.0,0.7762729
1777.0,1777.0,9.979779E-4
1778.0,1778.0,0.104283325
1779.0,1779.0,0.018889848
1780.0,1780.0,0.0016094252
1781.0,1781.0,0.3448065
1782.0,1782.0,0.73353577
1783.0,1783.0,0.044298545
1784.0,1784.0,0.0057631764
1785.0,1785.0,0.5804045
1786.0,1786.0,0.090448916
1787.0,1787.0,0.6340563
1788.0,1788.0,0.1977264
1789.0,1789.0,0.078304835
1790.0,1790.0,0.06641194
1791.0,1791.0,0.82448614
1792.0,1792.0,0.055937577
1793.0,1793.0,0.016395854
1794.0,1794.0,0.013061237
1795.0,1795.0,5.3039897E-5
1796.0,1796.0,0.008077928
1797.0,1797.0,0.047362335
1798.0,1798.0,0.045814734
1799.0,1799.0,0.36559218
1800.0,1800.0,0.11500923
1801.0,1801.0,0.032821447
1802.0,1802.0,0.060330857
1803.0,1803.0,0.5074601
1804.0,1804.0,0.044064336
1805.0,1805.0,0.021011814
1806.0,1806.0,0.30632403
1807.0,1807.0,1.2049898E-4
1808.0,1808.0,0.2252392
1809.0,1809.0,0.021491947
1810.0,1810.0,0.014052667
1811.0,1811.0,0.11963396
1812.0,1812.0,0.5996742
1813.0,1813.0,0.6424392
1814.0,1814.0,0.0012289502
1815.0,1815.0,0.022772737
1816.0,1816.0,0.037072893
1817.0,1817.0,0.061173595
1818.0,1818.0,0.35413435
1819.0,1819.0,0.04075812
1820.0,1820.0,0.73869467
1821.0,1821.0,0.62374824
1822.0,1822.0,0.030118331
1823.0,1823.0,0.0038108996
1824.0,1824.0,0.007223872
1825.0,1825.0,0.033035077
1826.0,1826.0,0.0053745066
1827.0,1827.0,0.022683445
1828.0,1828.0,0.0701458
1829.0,1829.0,0.534839
1830.0,1830.0,0.24934575
1831.0,1831.0,0.031119136
1832.0,1832.0,0.6418456
1833.0,1833.0,0.07151093
1834.0,1834.0,0.24210346
1835.0,1835.0,0.0077587552
1836.0,1836.0,4.0448696E-5
1837.0,1837.0,0.090616114
1838.0,1838.0,0.527652
1839.0,1839.0,0.534187
1840.0,1840.0,0.13227619
1841.0,1841.0,0.00933319
1842.0,1842.0,0.022504073
1843.0,1843.0,0.13714336
1844.0,1844.0,0.060517166
1845.0,1845.0,0.0024332285
1846.0,1846.0,0.006066457
1847.0,1847.0,0.70307004
1848.0,1848.0,0.0046158037
1849.0,1849.0,0.59183246
1850.0,1850.0,0.013883588
1851.0,1851.0,0.77248174
1852.0,1852.0,0.022889836
1853.0,1853.0,0.10754029
1854.0,1854.0,0.06243519
1855.0,1855.0,0.04037404
1856.0,1856.0,0.015856324
1857.0,1857.0,0.074966714
1858.0,1858.0,0.037720863
1859.0,1859.0,0.037489884
1860.0,1860.0,0.028969975
1861.0,1861.0,0.15712234
1862.0,1862.0,0.018777022
1863.0,1863.0,0.027897421
1864.0,1864.0,0.0035307938
1865.0,1865.0,0.008413485
1866.0,1866.0,0.096479766
1867.0,1867.0,0.0301101
1868.0,1868.0,0.12601466
1869.0,1869.0,0.034267433
1870.0,1870.0,0.22985394
1871.0,1871.0,0.09952878
1872.0,1872.0,0.18407236
1873.0,1873.0,0.017758608
1874.0,1874.0,0.06414055
1875.0,1875.0,0.1558215
1876.0,1876.0,0.588363
1877.0,1877.0,4.6923244E-4
1878.0,1878.0,0.027814684
1879.0,1879.0,0.06849057
1880.0,1880.0,0.018545628
1881.0,1881.0,0.7643752
1882.0,1882.0,0.15536499
1883.0,1883.0,0.123702675
1884.0,1884.0,0.087271184
1885.0,1885.0,0.06418043
1886.0,1886.0,0.10168335
1887.0,1887.0,0.023844995
1888.0,1888.0,0.6373197
1889.0,1889.0,0.7369168
1890.0,1890.0,0.07993372
1891.0,1891.0,0.16844836
1892.0,1892.0,0.040677246
1893.0,1893.0,0.026922168
1894.0,1894.0,0.25999314
1895.0,1895.0,0.03728992
1896.0,1896.0,0.7414642
1897.0,1897.0,0.044270553
1898.0,1898.0,0.3446919
1899.0,1899.0,0.19937718
1900.0,1900.0,0.02744449
1901.0,1901.0,0.11701971
1902.0,1902.0,0.17017373
1903.0,1903.0,0.49255782
1904.0,1904.0,0.014958827
1905.0,1905.0,0.047987234
1906.0,1906.0,8.082879E-6
1907.0,1907.0,0.024771376
1908.0,1908.0,0.0016278094
1909.0,1909.0,0.18626922
1910.0,1910.0,0.13463785
1911.0,1911.0,0.018755114
1912.0,1912.0,0.19754098
1913.0,1913.0,0.06642299
1914.0,1914.0,0.03582233
1915.0,1915.0,0.079103746
1916.0,1916.0,0.56927884
1917.0,1917.0,0.608837
1918.0,1918.0,0.01802001
1919.0,1919.0,0.19078352
1920.0,1920.0,0.08459896
1921.0,1921.0,0.05732272
1922.0,1922.0,0.086399496
1923.0,1923.0,0.015441807
1924.0,1924.0,0.011841185
1925.0,1925.0,0.13368514
1926.0,1926.0,0.004181148
1927.0,1927.0,1.7609083E-5
1928.0,1928.0,0.57586485
1929.0,1929.0,6.3436065E-4
1930.0,1930.0,2.1861451E-4
1931.0,1931.0,0.013476597
1932.0,1932.0,0.013027851
1933.0,1933.0,0.0012625266
1934.0,1934.0,0.5780592
1935.0,1935.0,0.21525316
1936.0,1936.0,0.23152941
1937.0,1937.0,0.051794004
1938.0,1938.0,0.73525697
1939.0,1939.0,0.13082741
1940.0,1940.0,0.12803078
1941.0,1941.0,0.037609495
1942.0,1942.0,0.023289185
1943.0,1943.0,0.5710937
1944.0,1944.0,0.36680275
1945.0,1945.0,0.08409264
1946.0,1946.0,0.0016704227
1947.0,1947.0,0.21862707
1948.0,1948.0,0.007687429
1949.0,1949.0,2.3029005E-4
1950.0,1950.0,0.060330294
1951.0,1951.0,0.21467254
1952.0,1952.0,0.06919045
1953.0,1953.0,0.34571648
1954.0,1954.0,0.46425444
1955.0,1955.0,0.14696988
1956.0,1956.0,0.12445194
1957.0,1957.0,0.20996031
1958.0,1958.0,0.0022813892
1959.0,1959.0,0.06576581
1960.0,1960.0,0.011330601
1961.0,1961.0,7.8323166E-5
1962.0,1962.0,0.06495738
1963.0,1963.0,0.7393993
1964.0,1964.0,0.09001099
1965.0,1965.0,0.029179873
1966.0,1966.0,0.071994096
1967.0,1967.0,7.7670364E-4
1968.0,1968.0,0.008286213
1969.0,1969.0,0.052569382
1970.0,1970.0,0.011915753
1971.0,1971.0,0.0749004
1972.0,1972.0,0.0882363
1973.0,1973.0,0.0066312887
1974.0,1974.0,0.17362243
1975.0,1975.0,0.025813224
1976.0,1976.0,0.8139635
1977.0,1977.0,0.13225842
1978.0,1978.0,0.044286888
1979.0,1979.0,0.19313172
1980.0,1980.0,0.036300573
1981.0,1981.0,0.13594046
1982.0,1982.0,0.0072888765
1983.0,1983.0,0.0010974231
1984.0,1984.0,0.049287796
1985.0,1985.0,0.5049691
1986.0,1986.0,0.03698849
1987.0,1987.0,0.29236758
1988.0,1988.0,0.06130656
1989.0,1989.0,0.24787305
1990.0,1990.0,0.15990053
1991.0,1991.0,2.6746897E-4
1992.0,1992.0,0.024155758
1993.0,1993.0,0.39615738
1994.0,1994.0,0.08169307
1995.0,1995.0,0.085177235
1996.0,1996.0,6.934573E-5
1997.0,1997.0,0.028989093
1998.0,1998.0,0.79612917
1999.0,1999.0,0.010079467
2000.0,2000.0,0.1038474
2001.0,2001.0,0.033565033
2002.0,2002.0,0.6873706
2003.0,2003.0,0.0810999
2004.0,2004.0,8.4014326E-5
2005.0,2005.0,0.11463299
2006.0,2006.0,0.0012539239
2007.0,2007.0,0.022351937
2008.0,2008.0,0.010310126
2009.0,2009.0,0.04764519
2010.0,2010.0,0.7005053
2011.0,2011.0,0.6444263
2012.0,2012.0,0.03146135
2013.0,2013.0,0.026541632
2014.0,2014.0,0.2065265
2015.0,2015.0,0.046210933
2016.0,2016.0,0.012541015
2017.0,2017.0,0.006544797
2018.0,2018.0,0.057058536
2019.0,2019.0,0.07443843
2020.0,2020.0,0.042624198
2021.0,2021.0,0.056600224
2022.0,2022.0,0.18019745
2023.0,2023.0,0.034106612
2024.0,2024.0,0.32301053
2025.0,2025.0,0.008323199
2026.0,2026.0,0.04624305
2027.0,2027.0,0.021180902
2028.0,2028.0,0.683245
2029.0,2029.0,0.030736791
2030.0,2030.0,0.08482595
2031.0,2031.0,0.061561435
2032.0,2032.0,0.09153834
2033.0,2033.0,0.074030146
2034.0,2034.0,0.037664853
2035.0,2035.0,0.0012242477
2036.0,2036.0,0.5669177
2037.0,2037.0,0.2325679
2038.0,2038.0,2.186646E-5
2039.0,2039.0,0.026238093
2040.0,2040.0,0.64834046
2041.0,2041.0,0.043223318
2042.0,2042.0,0.62198925
2043.0,2043.0,0.36203253
2044.0,2044.0,0.012683028
2045.0,2045.0,0.23944038
2046.0,2046.0,0.08163936
2047.0,2047.0,0.017944628
2048.0,2048.0,0.06900915
2049.0,2049.0,0.62826973
2050.0,2050.0,0.79250467
2051.0,2051.0,0.0609892
2052.0,2052.0,0.069538
2053.0,2053.0,0.04909617
2054.0,2054.0,0.11669135
2055.0,2055.0,0.014116047
2056.0,2056.0,0.021136457
2057.0,2057.0,0.063321345
2058.0,2058.0,0.12001459
2059.0,2059.0,0.036129877
2060.0,2060.0,0.62852275
2061.0,2061.0,0.5412437
2062.0,2062.0,0.02199648
2063.0,2063.0,0.008651971
2064.0,2064.0,0.44546306
2065.0,2065.0,0.21180744
2066.0,2066.0,2.7770073E-5
2067.0,2067.0,0.087022915
2068.0,2068.0,0.056745727
2069.0,2069.0,0.17349629
2070.0,2070.0,0.013512475
2071.0,2071.0,0.09747523
2072.0,2072.0,0.084359065
2073.0,2073.0,0.11438678
2074.0,2074.0,0.23549192
2075.0,2075.0,0.0010960833
2076.0,2076.0,0.07600092
2077.0,2077.0,0.03696297
2078.0,2078.0,0.051264588
2079.0,2079.0,0.018529616
2080.0,2080.0,0.09254882
2081.0,2081.0,0.009687145
2082.0,2082.0,0.15483594
2083.0,2083.0,0.111129984
2084.0,2084.0,0.017309213
2085.0,2085.0,0.025069684
2086.0,2086.0,0.050188053
2087.0,2087.0,0.045922093
2088.0,2088.0,0.0071806246
2089.0,2089.0,0.011263427
2090.0,2090.0,0.004248264
2091.0,2091.0,0.012533171
2092.0,2092.0,8.026033E-5
2093.0,2093.0,0.020878248
2094.0,2094.0,0.3337334
2095.0,2095.0,0.08531962
2096.0,2096.0,0.061123025
2097.0,2097.0,0.023071464
2098.0,2098.0,0.7656695
2099.0,2099.0,0.0413134
2100.0,2100.0,0.01595507
2101.0,2101.0,0.32250062
2102.0,2102.0,0.7063469
2103.0,2103.0,0.03820025
2104.0,2104.0,0.038049877
2105.0,2105.0,0.0026038499
2106.0,2106.0,0.11494211
2107.0,2107.0,0.012292219
2108.0,2108.0,0.030872228
2109.0,2109.0,0.043854527
2110.0,2110.0,0.20198736
2111.0,2111.0,0.012241372
2112.0,2112.0,0.6054145
2113.0,2113.0,0.0095968
2114.0,2114.0,7.928346E-4
2115.0,2115.0,0.010273808
2116.0,2116.0,0.026951797
2117.0,2117.0,0.015431974
2118.0,2118.0,0.007563499
2119.0,2119.0,0.17495164
2120.0,2120.0,0.8077705
2121.0,2121.0,0.21811444
2122.0,2122.0,0.028997537
2123.0,2123.0,0.08847536
2124.0,2124.0,0.12244792
2125.0,2125.0,0.13290392
2126.0,2126.0,0.116105296
2127.0,2127.0,0.025684685
2128.0,2128.0,1.8593106E-5
2129.0,2129.0,0.13452308
2130.0,2130.0,0.021050816
2131.0,2131.0,0.02754111
2132.0,2132.0,4.0028637E-4
2133.0,2133.0,0.017112605
2134.0,2134.0,0.009680591
2135.0,2135.0,0.00792225
2136.0,2136.0,0.05216338
2137.0,2137.0,0.6584926
2138.0,2138.0,0.06752462
2139.0,2139.0,0.10075246
2140.0,2140.0,0.079687305
2141.0,2141.0,0.012383902
2142.0,2142.0,0.09439519
2143.0,2143.0,0.0047434727
2144.0,2144.0,0.09765175
2145.0,2145.0,0.37232226
2146.0,2146.0,0.021350821
2147.0,2147.0,0.008045636
2148.0,2148.0,0.03757838
2149.0,2149.0,0.00936353
2150.0,2150.0,0.0076770424
2151.0,2151.0,0.037338518
2152.0,2152.0,0.75580096
2153.0,2153.0,0.05098061
2154.0,2154.0,0.6464876
2155.0,2155.0,0.5277489
2156.0,2156.0,0.8332198
2157.0,2157.0,0.008689095
2158.0,2158.0,0.026633546
2159.0,2159.0,1.8548939E-6
2160.0,2160.0,5.0275856E-5
2161.0,2161.0,0.07285577
2162.0,2162.0,3.3544446E-4
2163.0,2163.0,0.14115258
2164.0,2164.0,0.018789928
2165.0,2165.0,0.081713475
2166.0,2166.0,0.024158692
2167.0,2167.0,0.023508355
2168.0,2168.0,0.013569251
2169.0,2169.0,1.489106E-4
2170.0,2170.0,0.05045326
2171.0,2171.0,0.38069862
2172.0,2172.0,0.1190017
2173.0,2173.0,0.08208491
2174.0,2174.0,0.045071337
2175.0,2175.0,0.10233112
2176.0,2176.0,0.038787458
2177.0,2177.0,0.04909328
2178.0,2178.0,0.0137914345
2179.0,2179.0,0.027258543
2180.0,2180.0,0.039168026
2181.0,2181.0,0.0068477998
2182.0,2182.0,0.008043886
2183.0,2183.0,0.0032411763
2184.0,2184.0,0.7660136
2185.0,2185.0,0.5846228
2186.0,2186.0,0.5231515
2187.0,2187.0,0.63466257
2188.0,2188.0,0.05764799
2189.0,2189.0,0.70919514
2190.0,2190.0,0.28926346
2191.0,2191.0,0.36368483
2192.0,2192.0,0.26085117
2193.0,2193.0,0.15630603
2194.0,2194.0,0.030149993
2195.0,2195.0,0.342676
2196.0,2196.0,8.847469E-5
2197.0,2197.0,0.168099
2198.0,2198.0,0.0030886391
2199.0,2199.0,0.019709691
2200.0,2200.0,0.020115888
2201.0,2201.0,0.018284924
2202.0,2202.0,0.41313112
2203.0,2203.0,0.820807
2204.0,2204.0,0.028702917
2205.0,2205.0,1.7114253E-4
2206.0,2206.0,1.6472899E-4
2207.0,2207.0,0.08739005
2208.0,2208.0,0.029516067
2209.0,2209.0,0.0018351254
2210.0,2210.0,0.028518723
2211.0,2211.0,0.046055328
2212.0,2212.0,0.81372744
2213.0,2213.0,0.010473763
2214.0,2214.0,0.025247166
2215.0,2215.0,1.0785795E-4
2216.0,2216.0,3.2309246E-5
2217.0,2217.0,0.6618185
2218.0,2218.0,2.4636065E-5
2219.0,2219.0,0.045445487
2220.0,2220.0,0.0022768327
2221.0,2221.0,0.012479367
2222.0,2222.0,0.15281908
2223.0,2223.0,6.9505256E-4
2224.0,2224.0,0.06933156
2225.0,2225.0,0.6649695
2226.0,2226.0,0.19443332
2227.0,2227.0,0.45474148
2228.0,2228.0,0.11654919
2229.0,2229.0,1.3495065E-5
2230.0,2230.0,0.023772493
2231.0,2231.0,0.43583262
2232.0,2232.0,0.0016109872
2233.0,2233.0,0.22713166
2234.0,2234.0,0.036750875
2235.0,2235.0,0.08427918
2236.0,2236.0,0.19377194
2237.0,2237.0,0.08254366
2238.0,2238.0,0.031664267
2239.0,2239.0,0.19289687
2240.0,2240.0,0.025278188
2241.0,2241.0,0.15748104
2242.0,2242.0,7.745657E-5
2243.0,2243.0,0.6969935
2244.0,2244.0,0.046453923
2245.0,2245.0,0.023038637
2246.0,2246.0,5.7347526E-4
2247.0,2247.0,0.13085876
2248.0,2248.0,0.12317457
2249.0,2249.0,0.0015630767
2250.0,2250.0,0.7253431
2251.0,2251.0,0.28570724
2252.0,2252.0,0.07715306
2253.0,2253.0,0.027188178
2254.0,2254.0,0.089021765
2255.0,2255.0,0.030969407
2256.0,2256.0,0.23151766
2257.0,2257.0,0.054256834
2258.0,2258.0,0.0108523695
2259.0,2259.0,0.15413037
2260.0,2260.0,0.13015842
2261.0,2261.0,0.62153697
2262.0,2262.0,0.011125418
2263.0,2263.0,0.07702589
2264.0,2264.0,0.006774167
2265.0,2265.0,0.644417
2266.0,2266.0,0.0013487194
2267.0,2267.0,0.32209167
2268.0,2268.0,0.0016898972
2269.0,2269.0,0.85136616
2270.0,2270.0,0.0209499
2271.0,2271.0,0.025985017
2272.0,2272.0,0.06329497
2273.0,2273.0,0.055400915
2274.0,2274.0,1.0747802E-5
2275.0,2275.0,0.020034265
2276.0,2276.0,0.0013838474
2277.0,2277.0,0.048745573
2278.0,2278.0,6.806131E-6
2279.0,2279.0,0.047046848
2280.0,2280.0,0.022222593
2281.0,2281.0,0.009770287
2282.0,2282.0,0.13220492
2283.0,2283.0,0.020169618
2284.0,2284.0,1.44570895E-5
2285.0,2285.0,0.026130218
2286.0,2286.0,0.088934906
2287.0,2287.0,0.026494432
2288.0,2288.0,0.033198766
2289.0,2289.0,0.63286334
2290.0,2290.0,0.036116276
2291.0,2291.0,0.017531883
2292.0,2292.0,2.3156048E-5
2293.0,2293.0,0.431206
2294.0,2294.0,0.09007618
2295.0,2295.0,0.022871064
2296.0,2296.0,0.24476671
2297.0,2297.0,0.008785426
2298.0,2298.0,0.07533823
2299.0,2299.0,0.014397283
2300.0,2300.0,0.113864765
2301.0,2301.0,0.015459883
2302.0,2302.0,0.071613014
2303.0,2303.0,0.012542622
2304.0,2304.0,0.13943776
2305.0,2305.0,0.056809478
2306.0,2306.0,0.72031736
2307.0,2307.0,0.6447195
2308.0,2308.0,0.038139153
2309.0,2309.0,0.48535955
2310.0,2310.0,0.036615826
2311.0,2311.0,0.016068574
2312.0,2312.0,0.01631433
2313.0,2313.0,0.0541409
2314.0,2314.0,0.20099646
2315.0,2315.0,0.0012623931
2316.0,2316.0,0.014858305
2317.0,2317.0,0.11658639
2318.0,2318.0,0.16595471
2319.0,2319.0,6.423253E-4
2320.0,2320.0,0.056204535
2321.0,2321.0,0.5535176
2322.0,2322.0,1.8336486E-4
2323.0,2323.0,0.018582936
2324.0,2324.0,0.03177063
2325.0,2325.0,0.042689968
2326.0,2326.0,0.014471267
2327.0,2327.0,0.6064196
2328.0,2328.0,0.00950059
2329.0,2329.0,0.016382538
2330.0,2330.0,0.10132529
2331.0,2331.0,0.29760355
2332.0,2332.0,1.780927E-5
2333.0,2333.0,0.2565443
2334.0,2334.0,0.01882785
2335.0,2335.0,0.021351028
2336.0,2336.0,0.026524605
2337.0,2337.0,0.1313584
2338.0,2338.0,0.0011133092
2339.0,2339.0,0.66088676
2340.0,2340.0,0.08587449
2341.0,2341.0,0.0052071456
2342.0,2342.0,0.76851946
2343.0,2343.0,0.32806483
2344.0,2344.0,0.09207939
2345.0,2345.0,0.013666363
2346.0,2346.0,0.3152465
2347.0,2347.0,0.6251789
2348.0,2348.0,0.5028417
2349.0,2349.0,0.032306954
2350.0,2350.0,0.095043465
2351.0,2351.0,0.17473912
2352.0,2352.0,0.015034699
2353.0,2353.0,0.18884824
2354.0,2354.0,0.097093806
2355.0,2355.0,0.13302208
2356.0,2356.0,0.005371319
2357.0,2357.0,0.015229216
2358.0,2358.0,0.11495065
2359.0,2359.0,0.3507681
2360.0,2360.0,0.050038792
2361.0,2361.0,0.11294185
2362.0,2362.0,0.009011772
2363.0,2363.0,0.3773205
2364.0,2364.0,3.308266E-5
2365.0,2365.0,0.021454897
2366.0,2366.0,0.626866
2367.0,2367.0,0.013227447
2368.0,2368.0,0.16603233
2369.0,2369.0,0.003950822
2370.0,2370.0,0.2794136
2371.0,2371.0,0.16580829
2372.0,2372.0,0.61577886
2373.0,2373.0,0.045407966
2374.0,2374.0,0.64587253
2375.0,2375.0,0.24326761
2376.0,2376.0,0.14993516
2377.0,2377.0,0.39241832
2378.0,2378.0,0.008922255
2379.0,2379.0,0.19102168
2380.0,2380.0,0.74534726
2381.0,2381.0,1.6385631E-5
2382.0,2382.0,0.10352828
2383.0,2383.0,0.02787635
2384.0,2384.0,0.1284986
2385.0,2385.0,0.51522166
2386.0,2386.0,0.12013196
2387.0,2387.0,0.6683369
2388.0,2388.0,5.827707E-4
2389.0,2389.0,0.02450557
2390.0,2390.0,0.020984802
2391.0,2391.0,0.64154595
2392.0,2392.0,0.75607264
2393.0,2393.0,0.0030607032
2394.0,2394.0,0.6030412
2395.0,2395.0,0.14783649
2396.0,2396.0,0.71006787
2397.0,2397.0,0.5109883
2398.0,2398.0,0.1354956
2399.0,2399.0,0.042789027
2400.0,2400.0,0.016202552
2401.0,2401.0,0.0018982904
2402.0,2402.0,0.0630142
2403.0,2403.0,0.076715335
2404.0,2404.0,0.7024027
2405.0,2405.0,0.045389954
2406.0,2406.0,0.014119739
2407.0,2407.0,0.03021179
2408.0,2408.0,0.14948143
2409.0,2409.0,0.066870034
2410.0,2410.0,0.0069370093
2411.0,2411.0,0.017657109
2412.0,2412.0,0.24524964
2413.0,2413.0,0.43118262
2414.0,2414.0,0.20233771
2415.0,2415.0,0.0028478259
2416.0,2416.0,1.3069427E-5
2417.0,2417.0,2.7489485E-5
2418.0,2418.0,0.031150505
2419.0,2419.0,0.7961937
2420.0,2420.0,0.08321083
2421.0,2421.0,0.12492919
2422.0,2422.0,0.005865536
2423.0,2423.0,0.014479778
2424.0,2424.0,0.051674195
2425.0,2425.0,0.010478152
2426.0,2426.0,0.009521976
2427.0,2427.0,0.03477088
2428.0,2428.0,0.0069182557
2429.0,2429.0,0.12958275
2430.0,2430.0,0.0034289889
2431.0,2431.0,0.71601504
2432.0,2432.0,0.02673446
2433.0,2433.0,0.009825762
2434.0,2434.0,0.39604095
2435.0,2435.0,0.0032766154
2436.0,2436.0,0.15230018
2437.0,2437.0,0.21870577
2438.0,2438.0,0.06447745
2439.0,2439.0,0.06802037
2440.0,2440.0,0.03901373
2441.0,2441.0,3.321907E-5
2442.0,2442.0,0.37483886
2443.0,2443.0,0.01795583
2444.0,2444.0,0.036826573
2445.0,2445.0,0.01259492
2446.0,2446.0,0.12232231
2447.0,2447.0,0.17725779
2448.0,2448.0,4.4369817E-6
2449.0,2449.0,0.027518293
2450.0,2450.0,0.025917955
2451.0,2451.0,0.0857268
2452.0,2452.0,0.0010255253
2453.0,2453.0,0.033411108
2454.0,2454.0,0.67747074
2455.0,2455.0,0.085205525
2456.0,2456.0,0.117096506
2457.0,2457.0,0.008625627
2458.0,2458.0,0.13260107
2459.0,2459.0,0.016176898
2460.0,2460.0,0.07005632
2461.0,2461.0,0.8380974
2462.0,2462.0,0.010476893
2463.0,2463.0,0.0010511538
2464.0,2464.0,0.0047858567
2465.0,2465.0,2.710168E-4
2466.0,2466.0,0.11956494
2467.0,2467.0,0.06430348
2468.0,2468.0,0.06978358
2469.0,2469.0,0.0013625473
2470.0,2470.0,0.013685003
2471.0,2471.0,0.7379639
2472.0,2472.0,0.046505004
2473.0,2473.0,0.022497185
2474.0,2474.0,0.02116024
2475.0,2475.0,0.017230924
2476.0,2476.0,0.5370348
2477.0,2477.0,0.020133682
2478.0,2478.0,0.1089781
2479.0,2479.0,0.019667106
2480.0,2480.0,0.095577404
2481.0,2481.0,0.027255416
2482.0,2482.0,0.39147502
2483.0,2483.0,0.60916483
2484.0,2484.0,0.022609638
2485.0,2485.0,0.01365229
2486.0,2486.0,1.73331E-4
2487.0,2487.0,0.077474296
2488.0,2488.0,0.10545395
2489.0,2489.0,0.59207267
2490.0,2490.0,0.013564256
2491.0,2491.0,0.72765905
2492.0,2492.0,0.13895328
2493.0,2493.0,0.04000062
2494.0,2494.0,0.05579907
2495.0,2495.0,3.4863508E-5
2496.0,2496.0,0.6353892
2497.0,2497.0,0.3649016
2498.0,2498.0,8.171421E-4
2499.0,2499.0,0.04982282
2500.0,2500.0,0.71170104
2501.0,2501.0,0.7498326
2502.0,2502.0,3.3843616E-4
2503.0,2503.0,0.017590692
2504.0,2504.0,0.1388732
2505.0,2505.0,0.041439053
2506.0,2506.0,0.08956875
2507.0,2507.0,0.013340058
2508.0,2508.0,0.030688027
2509.0,2509.0,0.10351257
2510.0,2510.0,0.010125551
2511.0,2511.0,0.07949937
2512.0,2512.0,0.74160016
2513.0,2513.0,0.02374509
2514.0,2514.0,0.07423797
2515.0,2515.0,3.5969522E-5
2516.0,2516.0,0.030369103
2517.0,2517.0,0.0038536356
2518.0,2518.0,0.5272366
2519.0,2519.0,0.035113003
2520.0,2520.0,0.0071953274
2521.0,2521.0,0.06776414
2522.0,2522.0,0.0065919696
2523.0,2523.0,0.008752333
2524.0,2524.0,0.06823703
2525.0,2525.0,0.1384311
2526.0,2526.0,0.03968339
2527.0,2527.0,0.03743274
2528.0,2528.0,0.07313005
2529.0,2529.0,0.029929835
2530.0,2530.0,0.0016936577
2531.0,2531.0,0.10289663
2532.0,2532.0,0.5763025
2533.0,2533.0,0.8281249
2534.0,2534.0,0.03272132
2535.0,2535.0,0.029286686
2536.0,2536.0,0.080511965
2537.0,2537.0,0.052730195
2538.0,2538.0,0.011632187
2539.0,2539.0,0.027818266
2540.0,2540.0,0.07020688
2541.0,2541.0,0.018685164
2542.0,2542.0,0.63153565
2543.0,2543.0,0.12313253
2544.0,2544.0,0.031084511
2545.0,2545.0,0.12665741
2546.0,2546.0,0.015845105
2547.0,2547.0,0.004948161
2548.0,2548.0,0.0015934955
2549.0,2549.0,0.6084624
2550.0,2550.0,0.66025263
2551.0,2551.0,0.017008433
2552.0,2552.0,0.051263772
2553.0,2553.0,0.7050669
2554.0,2554.0,0.0028413972
2555.0,2555.0,0.002084903
2556.0,2556.0,0.02008304
2557.0,2557.0,0.06479716
2558.0,2558.0,0.70253867
2559.0,2559.0,0.6322148
2560.0,2560.0,0.100822076
2561.0,2561.0,0.006615863
2562.0,2562.0,0.0055903066
2563.0,2563.0,0.009408254
2564.0,2564.0,0.0032039024
2565.0,2565.0,9.299607E-4
2566.0,2566.0,0.7804525
2567.0,2567.0,0.006738775
2568.0,2568.0,0.7449566
2569.0,2569.0,0.013272605
2570.0,2570.0,0.0064828442
2571.0,2571.0,0.42503482
2572.0,2572.0,0.10614449
2573.0,2573.0,0.019686032
2574.0,2574.0,0.228801
2575.0,2575.0,0.27294225
2576.0,2576.0,0.23634775
2577.0,2577.0,1.3349696E-4
2578.0,2578.0,0.01839447
2579.0,2579.0,0.039165895
2580.0,2580.0,0.36886635
2581.0,2581.0,0.744609
2582.0,2582.0,0.14503506
2583.0,2583.0,0.224198
2584.0,2584.0,0.18667054
2585.0,2585.0,0.82463586
2586.0,2586.0,0.029093064
2587.0,2587.0,0.003751038
2588.0,2588.0,0.4064205
2589.0,2589.0,0.31824863
2590.0,2590.0,0.010573413
2591.0,2591.0,0.08493083
2592.0,2592.0,0.016808586
2593.0,2593.0,0.0064183003
2594.0,2594.0,0.20168816
2595.0,2595.0,0.11683027
2596.0,2596.0,0.0041425866
2597.0,2597.0,0.3744901
2598.0,2598.0,0.2916873
2599.0,2599.0,0.43281758
2600.0,2600.0,0.06436366
2601.0,2601.0,0.016209684
2602.0,2602.0,0.029311534
2603.0,2603.0,0.01591153
2604.0,2604.0,0.09514328
2605.0,2605.0,0.0015151503
2606.0,2606.0,0.6842643
2607.0,2607.0,0.00471771
2608.0,2608.0,0.6074472
2609.0,2609.0,0.02184711
2610.0,2610.0,2.8922212E-5
2611.0,2611.0,0.47392836
2612.0,2612.0,0.019825652
2613.0,2613.0,0.047978513
2614.0,2614.0,0.026088646
2615.0,2615.0,0.0838527
2616.0,2616.0,0.46017644
2617.0,2617.0,0.14214656
2618.0,2618.0,0.172635
2619.0,2619.0,0.0051862905
2620.0,2620.0,0.0034287844
2621.0,2621.0,0.08690167
2622.0,2622.0,0.20796722
2623.0,2623.0,0.62229335
2624.0,2624.0,0.061566785
2625.0,2625.0,0.34351954
2626.0,2626.0,0.048595935
2627.0,2627.0,0.4860477
2628.0,2628.0,0.42167586
2629.0,2629.0,0.030134542
2630.0,2630.0,0.10759476
2631.0,2631.0,0.030707074
2632.0,2632.0,5.0546318E-5
2633.0,2633.0,6.328745E-4
2634.0,2634.0,0.06766152
2635.0,2635.0,0.0068448023
2636.0,2636.0,0.022019656
2637.0,2637.0,0.33985338
2638.0,2638.0,0.41418946
2639.0,2639.0,0.13663171
2640.0,2640.0,0.002236116
2641.0,2641.0,0.049832437
2642.0,2642.0,0.012215739
2643.0,2643.0,0.16932459
2644.0,2644.0,0.0046419282
2645.0,2645.0,0.1214143
2646.0,2646.0,0.054520525
2647.0,2647.0,1.9602769E-5
2648.0,2648.0,0.35290825
2649.0,2649.0,0.042691883
2650.0,2650.0,0.25321335
2651.0,2651.0,0.027778888
2652.0,2652.0,0.03143038
2653.0,2653.0,0.0028831868
2654.0,2654.0,0.032131538
2655.0,2655.0,0.7360087
2656.0,2656.0,0.07452071
2657.0,2657.0,0.021070333
2658.0,2658.0,7.060758E-4
2659.0,2659.0,0.6246224
2660.0,2660.0,0.0064662993
2661.0,2661.0,0.1795695
2662.0,2662.0,0.6294437
2663.0,2663.0,0.6056967
2664.0,2664.0,0.008877579
2665.0,2665.0,0.07662927
2666.0,2666.0,0.18565768
2667.0,2667.0,0.023189936
2668.0,2668.0,0.024280524
2669.0,2669.0,0.31068948
2670.0,2670.0,0.16658078
2671.0,2671.0,0.02159188
2672.0,2672.0,0.07061671
2673.0,2673.0,0.06884953
2674.0,2674.0,0.0017400505
2675.0,2675.0,0.43283945
2676.0,2676.0,0.00714733
2677.0,2677.0,0.60190564
2678.0,2678.0,0.007241964
2679.0,2679.0,0.039972663
2680.0,2680.0,0.31788892
2681.0,2681.0,0.5905696
2682.0,2682.0,0.025163177
2683.0,2683.0,0.12263052
2684.0,2684.0,0.046686437
2685.0,2685.0,0.14999701
2686.0,2686.0,0.081662
2687.0,2687.0,0.43234497
2688.0,2688.0,0.0245966
2689.0,2689.0,0.05883145
2690.0,2690.0,0.06417204
2691.0,2691.0,0.7813996
2692.0,2692.0,0.699623
2693.0,2693.0,1.248473E-5
2694.0,2694.0,0.16446745
2695.0,2695.0,0.016771417
2696.0,2696.0,0.18115291
2697.0,2697.0,0.18884517
2698.0,2698.0,0.39800036
2699.0,2699.0,0.0031923458
2700.0,2700.0,0.11954229
2701.0,2701.0,0.13862337
2702.0,2702.0,0.0028934537
2703.0,2703.0,0.08505271
2704.0,2704.0,0.08041069
2705.0,2705.0,0.015256602
2706.0,2706.0,0.0055109826
2707.0,2707.0,0.05168939
2708.0,2708.0,0.07729153
2709.0,2709.0,0.41911468
2710.0,2710.0,0.027336959
2711.0,2711.0,0.03504462
2712.0,2712.0,0.068819344
2713.0,2713.0,0.81547165
2714.0,2714.0,5.4397356E-6
2715.0,2715.0,0.018037098
2716.0,2716.0,1.7931496E-4
2717.0,2717.0,0.05777635
2718.0,2718.0,0.054225106
2719.0,2719.0,0.004278197
2720.0,2720.0,0.013992925
2721.0,2721.0,0.023721183
2722.0,2722.0,0.45431745
2723.0,2723.0,0.06111475
2724.0,2724.0,0.021517646
2725.0,2725.0,3.5335298E-4
2726.0,2726.0,0.08308715
2727.0,2727.0,0.486959
2728.0,2728.0,0.054470308
2729.0,2729.0,1.81031E-5
2730.0,2730.0,0.012988576
2731.0,2731.0,0.46806693
2732.0,2732.0,0.025610447
2733.0,2733.0,0.23423466
2734.0,2734.0,0.087807454
2735.0,2735.0,0.0031948683
2736.0,2736.0,0.07848521
2737.0,2737.0,0.44290712
2738.0,2738.0,0.024084356
2739.0,2739.0,0.029345434
2740.0,2740.0,0.13405104
2741.0,2741.0,0.012389614
2742.0,2742.0,0.059350345
2743.0,2743.0,0.0057900986
2744.0,2744.0,0.06855484
2745.0,2745.0,0.007647659
2746.0,2746.0,0.0031596888
2747.0,2747.0,0.030438175
2748.0,2748.0,0.008731529
2749.0,2749.0,0.52157944
2750.0,2750.0,0.735998
2751.0,2751.0,0.08889687
2752.0,2752.0,0.050092682
2753.0,2753.0,0.06443582
2754.0,2754.0,0.05470215
2755.0,2755.0,0.014547899
2756.0,2756.0,1.1370368E-4
2757.0,2757.0,0.12906584
2758.0,2758.0,0.65744334
2759.0,2759.0,0.027752688
2760.0,2760.0,0.018003022
2761.0,2761.0,1.6194728E-5
2762.0,2762.0,0.014256084
2763.0,2763.0,0.7718502
2764.0,2764.0,0.09572142
2765.0,2765.0,0.7711587
2766.0,2766.0,0.03535065
2767.0,2767.0,0.58924127
2768.0,2768.0,3.1528572E-4
2769.0,2769.0,0.099734634
2770.0,2770.0,0.66610277
2771.0,2771.0,0.02067907
2772.0,2772.0,0.0137728285
2773.0,2773.0,0.029896593
2774.0,2774.0,0.31009835
2775.0,2775.0,0.053957067
2776.0,2776.0,2.5881636E-5
2777.0,2777.0,6.0396146E-6
2778.0,2778.0,0.07898022
2779.0,2779.0,0.01216165
2780.0,2780.0,0.029878423
2781.0,2781.0,0.6957982
2782.0,2782.0,0.07074268
2783.0,2783.0,0.025802262
2784.0,2784.0,0.0072759036
2785.0,2785.0,0.026202422
2786.0,2786.0,0.0411066
2787.0,2787.0,0.3912464
2788.0,2788.0,1.2354337E-5
2789.0,2789.0,0.3247647
2790.0,2790.0,0.042160302
2791.0,2791.0,0.6502795
2792.0,2792.0,0.017753148
2793.0,2793.0,0.1301152
2794.0,2794.0,0.0023441897
2795.0,2795.0,0.007844963
2796.0,2796.0,0.28839678
2797.0,2797.0,0.056688383
2798.0,2798.0,0.20948745
2799.0,2799.0,1.9149385E-4
2800.0,2800.0,0.036959004
2801.0,2801.0,0.04344757
2802.0,2802.0,0.008479417
2803.0,2803.0,0.7899528
2804.0,2804.0,0.01018652
2805.0,2805.0,0.1637839
2806.0,2806.0,0.025491524
2807.0,2807.0,4.7996073E-5
2808.0,2808.0,0.38570058
2809.0,2809.0,0.0011056629
2810.0,2810.0,0.80013937
2811.0,2811.0,0.036236282
2812.0,2812.0,0.0130972555
2813.0,2813.0,0.1422144
2814.0,2814.0,0.14699244
2815.0,2815.0,0.6391878
2816.0,2816.0,0.018002689
2817.0,2817.0,0.19807799
2818.0,2818.0,9.711873E-5
2819.0,2819.0,0.22351466
2820.0,2820.0,0.062033776
2821.0,2821.0,2.1688946E-5
2822.0,2822.0,0.023795903
2823.0,2823.0,7.259981E-6
2824.0,2824.0,0.08679105
2825.0,2825.0,0.095216714
2826.0,2826.0,2.8742466E-4
2827.0,2827.0,0.11256911
2828.0,2828.0,0.6304787
2829.0,2829.0,0.010327397
2830.0,2830.0,0.006419151
2831.0,2831.0,0.01140274
2832.0,2832.0,7.664478E-6
2833.0,2833.0,0.043318406
2834.0,2834.0,0.024201855
2835.0,2835.0,2.7395925E-4
2836.0,2836.0,0.0021063732
2837.0,2837.0,0.020166038
2838.0,2838.0,0.41203296
2839.0,2839.0,0.25890034
2840.0,2840.0,0.4924075
2841.0,2841.0,0.023426577
2842.0,2842.0,0.6348525
2843.0,2843.0,0.4831304
2844.0,2844.0,0.003724972
2845.0,2845.0,0.89798737
2846.0,2846.0,3.4418228E-4
2847.0,2847.0,0.05202373
2848.0,2848.0,0.05103436
2849.0,2849.0,0.12427654
2850.0,2850.0,1.4018453E-5
2851.0,2851.0,0.10532345
2852.0,2852.0,0.04814557
2853.0,2853.0,0.057805903
2854.0,2854.0,0.105359614
2855.0,2855.0,0.31876814
2856.0,2856.0,0.5839739
2857.0,2857.0,0.11913183
2858.0,2858.0,0.038772985
2859.0,2859.0,0.104205415
2860.0,2860.0,0.013977139
2861.0,2861.0,0.018646907
2862.0,2862.0,0.015329414
2863.0,2863.0,0.16763628
2864.0,2864.0,0.018940106
2865.0,2865.0,0.1573987
2866.0,2866.0,0.022654843
2867.0,2867.0,0.0083215
2868.0,2868.0,0.014975014
2869.0,2869.0,0.28590348
2870.0,2870.0,0.73012197
2871.0,2871.0,0.47488648
2872.0,2872.0,0.14042066
2873.0,2873.0,0.006532698
2874.0,2874.0,0.010413064
2875.0,2875.0,0.722566
2876.0,2876.0,0.45785826
2877.0,2877.0,0.10667146
2878.0,2878.0,0.13075164
2879.0,2879.0,0.03155321
2880.0,2880.0,0.06648614
2881.0,2881.0,0.04159135
2882.0,2882.0,0.66820896
2883.0,2883.0,0.78161144
2884.0,2884.0,0.16091672
2885.0,2885.0,0.0060312226
2886.0,2886.0,0.02573034
2887.0,2887.0,0.013819214
2888.0,2888.0,0.46358675
2889.0,2889.0,0.014188975
2890.0,2890.0,0.035650436
2891.0,2891.0,0.0112700015
2892.0,2892.0,4.4303015E-6
2893.0,2893.0,0.74452263
2894.0,2894.0,0.051294085
2895.0,2895.0,0.06273258
2896.0,2896.0,0.23116307
2897.0,2897.0,0.17167164
2898.0,2898.0,0.08268886
2899.0,2899.0,0.20516166
2900.0,2900.0,0.029459495
2901.0,2901.0,0.6543049
2902.0,2902.0,0.042901374
2903.0,2903.0,0.36376145
2904.0,2904.0,0.038042534
2905.0,2905.0,0.39918157
2906.0,2906.0,0.024439238
2907.0,2907.0,0.06554218
2908.0,2908.0,0.090649195
2909.0,2909.0,0.42772377
2910.0,2910.0,0.010682314
2911.0,2911.0,0.8114427
2912.0,2912.0,0.15483418
2913.0,2913.0,0.01890079
2914.0,2914.0,0.08359839
2915.0,2915.0,0.028167885
2916.0,2916.0,0.11796619
2917.0,2917.0,0.008580407
2918.0,2918.0,0.074374944
2919.0,2919.0,0.04587926
2920.0,2920.0,0.0037683062
2921.0,2921.0,0.28002357
2922.0,2922.0,0.38098386
2923.0,2923.0,0.1340754
2924.0,2924.0,0.04656182
2925.0,2925.0,0.056801427
2926.0,2926.0,0.20006396
2927.0,2927.0,0.01749558
2928.0,2928.0,0.03163626
2929.0,2929.0,0.019064633
2930.0,2930.0,0.06343147
2931.0,2931.0,0.06997272
2932.0,2932.0,0.037889134
2933.0,2933.0,0.22809134
2934.0,2934.0,0.03247013
2935.0,2935.0,0.45821157
2936.0,2936.0,0.09261025
2937.0,2937.0,0.11857252
2938.0,2938.0,0.6630029
2939.0,2939.0,0.022455223
2940.0,2940.0,0.010151567
2941.0,2941.0,0.0026206963
2942.0,2942.0,0.100761585
2943.0,2943.0,0.58208126
2944.0,2944.0,3.3935605E-4
2945.0,2945.0,0.0014937816
2946.0,2946.0,0.6343106
2947.0,2947.0,0.1285471
2948.0,2948.0,0.0615656
2949.0,2949.0,0.083573595
2950.0,2950.0,0.012002743
2951.0,2951.0,0.105405375
2952.0,2952.0,0.12473485
2953.0,2953.0,0.011669278
2954.0,2954.0,0.14339124
2955.0,2955.0,0.04684144
2956.0,2956.0,0.06326557
2957.0,2957.0,0.019925686
2958.0,2958.0,0.0041692685
2959.0,2959.0,8.150576E-5
2960.0,2960.0,0.0016803253
2961.0,2961.0,0.015952954
2962.0,2962.0,0.005152223
2963.0,2963.0,0.043142114
2964.0,2964.0,0.01229162
2965.0,2965.0,0.07134607
2966.0,2966.0,0.21804187
2967.0,2967.0,0.1545917
2968.0,2968.0,0.6500427
2969.0,2969.0,0.055122178
2970.0,2970.0,0.5997498
2971.0,2971.0,0.086687274
2972.0,2972.0,0.64483374
2973.0,2973.0,0.08550847
2974.0,2974.0,0.09978194
2975.0,2975.0,0.007841307
2976.0,2976.0,1.8961162E-4
2977.0,2977.0,0.09202896
2978.0,2978.0,7.8137426E-5
2979.0,2979.0,0.54328173
2980.0,2980.0,0.01407314
2981.0,2981.0,0.05822279
2982.0,2982.0,7.817451E-6
2983.0,2983.0,0.016869001
2984.0,2984.0,0.01871834
2985.0,2985.0,0.5684531
2986.0,2986.0,0.0018616467
2987.0,2987.0,0.05661177
2988.0,2988.0,0.021967605
2989.0,2989.0,0.0321654
2990.0,2990.0,0.18478641
2991.0,2991.0,0.026153786
2992.0,2992.0,0.25699964
2993.0,2993.0,0.10005406
2994.0,2994.0,0.028010912
2995.0,2995.0,0.08125004
2996.0,2996.0,0.07261643
2997.0,2997.0,0.0014265422
2998.0,2998.0,0.10785843
2999.0,2999.0,0.2613061
3000.0,3000.0,0.0024488263
3001.0,3001.0,0.58609533
3002.0,3002.0,0.1672956
3003.0,3003.0,0.03763746
3004.0,3004.0,5.587769E-6
3005.0,3005.0,0.032033786
3006.0,3006.0,0.591205
3007.0,3007.0,0.8078255
3008.0,3008.0,0.08133646
3009.0,3009.0,0.02567059
3010.0,3010.0,0.20655371
3011.0,3011.0,0.053414445
3012.0,3012.0,7.510332E-5
3013.0,3013.0,0.008115251
3014.0,3014.0,0.06751878
3015.0,3015.0,0.05650854
3016.0,3016.0,0.012956075
3017.0,3017.0,0.16031587
3018.0,3018.0,0.051837116
3019.0,3019.0,0.02574881
3020.0,3020.0,0.24652398
3021.0,3021.0,0.4131494
3022.0,3022.0,0.46492866
3023.0,3023.0,0.04320452
3024.0,3024.0,0.7910591
3025.0,3025.0,0.021118348
3026.0,3026.0,0.13813797
3027.0,3027.0,0.007349364
3028.0,3028.0,0.70260125
3029.0,3029.0,0.0029914468
3030.0,3030.0,0.018109398
3031.0,3031.0,0.62719154
3032.0,3032.0,0.0968825
3033.0,3033.0,0.0012804022
3034.0,3034.0,0.41101554
3035.0,3035.0,0.3774178
3036.0,3036.0,0.110214025
3037.0,3037.0,0.012657957
3038.0,3038.0,0.26065242
3039.0,3039.0,0.14595506
3040.0,3040.0,7.2060625E-6
3041.0,3041.0,0.07592965
3042.0,3042.0,0.039496556
3043.0,3043.0,0.007075118
3044.0,3044.0,0.07549784
3045.0,3045.0,0.09793796
3046.0,3046.0,0.19278787
3047.0,3047.0,0.20631547
3048.0,3048.0,0.027056718
3049.0,3049.0,0.033788674
3050.0,3050.0,0.051903907
3051.0,3051.0,0.036446724
3052.0,3052.0,0.23737462
3053.0,3053.0,0.037613478
3054.0,3054.0,0.036962286
3055.0,3055.0,0.64123225
3056.0,3056.0,0.62043935
3057.0,3057.0,0.3846807
3058.0,3058.0,2.4377009E-4
3059.0,3059.0,0.10081501
3060.0,3060.0,0.069412515
3061.0,3061.0,0.19431281
3062.0,3062.0,0.789128
3063.0,3063.0,0.015865209
3064.0,3064.0,0.011405056
3065.0,3065.0,0.0590378
3066.0,3066.0,0.19665602
3067.0,3067.0,0.036646675
3068.0,3068.0,0.038246166
3069.0,3069.0,0.30601138
3070.0,3070.0,0.100308284
3071.0,3071.0,0.009104954
3072.0,3072.0,0.57077426
3073.0,3073.0,8.6800056E-4
3074.0,3074.0,0.39882845
3075.0,3075.0,0.029594222
3076.0,3076.0,0.007681462
3077.0,3077.0,0.047647677
3078.0,3078.0,0.0018864076
3079.0,3079.0,0.06615046
3080.0,3080.0,0.8078387
3081.0,3081.0,0.05734431
3082.0,3082.0,0.012035375
3083.0,3083.0,0.15102358
3084.0,3084.0,0.1455934
3085.0,3085.0,0.030445363
3086.0,3086.0,0.027776059
3087.0,3087.0,0.08246475
3088.0,3088.0,0.77172834
3089.0,3089.0,0.74252486
3090.0,3090.0,0.036777396
3091.0,3091.0,0.011115121
3092.0,3092.0,0.06851105
3093.0,3093.0,0.045620594
3094.0,3094.0,0.4072088
3095.0,3095.0,0.7924931
3096.0,3096.0,0.074856676
3097.0,3097.0,0.117440574
3098.0,3098.0,0.6131422
3099.0,3099.0,0.030595556
3100.0,3100.0,0.041747324
3101.0,3101.0,0.08066601
3102.0,3102.0,0.3176133
3103.0,3103.0,0.2840604
3104.0,3104.0,6.4293284E-4
3105.0,3105.0,0.02540019
3106.0,3106.0,0.03512312
3107.0,3107.0,0.03472715
3108.0,3108.0,4.7527606E-6
3109.0,3109.0,1.4749881E-4
3110.0,3110.0,0.6580033
3111.0,3111.0,0.058162436
3112.0,3112.0,0.0405246
3113.0,3113.0,0.0020125941
3114.0,3114.0,0.0052049733
3115.0,3115.0,0.038198665
3116.0,3116.0,0.9272193
3117.0,3117.0,0.115824886
3118.0,3118.0,0.012874545
3119.0,3119.0,0.014149089
3120.0,3120.0,0.013141106
3121.0,3121.0,0.046853114
3122.0,3122.0,0.0032747579
3123.0,3123.0,0.11085464
3124.0,3124.0,0.044623297
3125.0,3125.0,0.45488587
3126.0,3126.0,0.18513165
3127.0,3127.0,0.74866515
3128.0,3128.0,0.08333111
3129.0,3129.0,0.0039543356
3130.0,3130.0,0.3112
3131.0,3131.0,2.8159637E-5
3132.0,3132.0,0.029814346
3133.0,3133.0,2.1299174E-4
3134.0,3134.0,0.013143759
3135.0,3135.0,0.035400547
3136.0,3136.0,0.028899701
3137.0,3137.0,0.051331684
3138.0,3138.0,0.07453839
3139.0,3139.0,0.008599149
3140.0,3140.0,0.031325012
3141.0,3141.0,0.048240915
3142.0,3142.0,0.8375032
3143.0,3143.0,0.07015586
3144.0,3144.0,0.01358876
3145.0,3145.0,0.16119495
3146.0,3146.0,0.021734707
3147.0,3147.0,0.16943794
3148.0,3148.0,9.524436E-4
3149.0,3149.0,0.073034056
3150.0,3150.0,0.0057256627
3151.0,3151.0,0.009035423
3152.0,3152.0,0.022008445
3153.0,3153.0,0.054946415
3154.0,3154.0,0.5493665
3155.0,3155.0,0.5048074
3156.0,3156.0,0.018081388
3157.0,3157.0,0.021010868
3158.0,3158.0,0.13171814
3159.0,3159.0,0.14465682
3160.0,3160.0,0.13469517
3161.0,3161.0,0.41797292
3162.0,3162.0,0.023717597
3163.0,3163.0,0.13118538
3164.0,3164.0,0.22376612
3165.0,3165.0,0.10816359
3166.0,3166.0,0.38521612
3167.0,3167.0,0.3803023
3168.0,3168.0,0.14919794
3169.0,3169.0,0.012814222
3170.0,3170.0,0.01731921
3171.0,3171.0,0.0821197
3172.0,3172.0,0.5748559
3173.0,3173.0,0.007496239
3174.0,3174.0,0.31016153
3175.0,3175.0,0.16976267
3176.0,3176.0,0.04569251
3177.0,3177.0,2.758131E-4
3178.0,3178.0,0.012265782
3179.0,3179.0,0.22675884
3180.0,3180.0,0.09915069
3181.0,3181.0,0.026964147
3182.0,3182.0,0.8421472
3183.0,3183.0,0.03336889
3184.0,3184.0,0.029202085
3185.0,3185.0,0.055817552
3186.0,3186.0,0.05031851
3187.0,3187.0,0.010247647
3188.0,3188.0,0.34070086
3189.0,3189.0,0.033706564
3190.0,3190.0,0.04466414
3191.0,3191.0,0.055040427
3192.0,3192.0,4.7705078E-5
3193.0,3193.0,0.77445245
3194.0,3194.0,0.022280917
3195.0,3195.0,0.119328134
3196.0,3196.0,0.06518219
3197.0,3197.0,0.03791232
3198.0,3198.0,0.17293288
3199.0,3199.0,0.11046603
3200.0,3200.0,0.0014439151
3201.0,3201.0,0.02498864
3202.0,3202.0,0.52837664
3203.0,3203.0,0.055397723
3204.0,3204.0,0.0143928295
3205.0,3205.0,0.011374593
3206.0,3206.0,0.05357486
3207.0,3207.0,0.030485792
3208.0,3208.0,0.45550624
3209.0,3209.0,0.06636968
3210.0,3210.0,0.025052553
3211.0,3211.0,0.038929783
3212.0,3212.0,0.0054485826
3213.0,3213.0,0.019940164
3214.0,3214.0,0.018647984
3215.0,3215.0,0.024900397
3216.0,3216.0,0.8386063
3217.0,3217.0,0.003614898
3218.0,3218.0,0.016505977
3219.0,3219.0,0.048465174
3220.0,3220.0,0.63846976
3221.0,3221.0,0.1179221
3222.0,3222.0,0.0056513064
3223.0,3223.0,0.17426467
3224.0,3224.0,0.41942436
3225.0,3225.0,0.18930495
3226.0,3226.0,0.0025292346
3227.0,3227.0,0.0122013595
3228.0,3228.0,0.016818557
3229.0,3229.0,0.10182369
3230.0,3230.0,0.0017615913
3231.0,3231.0,0.007954975
3232.0,3232.0,0.031465773
3233.0,3233.0,0.03353871
3234.0,3234.0,0.030229485
3235.0,3235.0,0.07008691
3236.0,3236.0,0.047011193
3237.0,3237.0,0.8157723
3238.0,3238.0,0.10409039
3239.0,3239.0,0.011966662
3240.0,3240.0,0.848244
3241.0,3241.0,0.14701116
3242.0,3242.0,0.014513875
3243.0,3243.0,0.014873397
3244.0,3244.0,0.083311364
3245.0,3245.0,0.04161421
3246.0,3246.0,0.0016210906
3247.0,3247.0,0.007606857
3248.0,3248.0,0.004005985
3249.0,3249.0,0.7599572
3250.0,3250.0,0.66480684
3251.0,3251.0,0.7578516
3252.0,3252.0,0.014800642
3253.0,3253.0,0.02971146
3254.0,3254.0,6.554073E-6
3255.0,3255.0,0.014832437
3256.0,3256.0,0.067650385
3257.0,3257.0,0.090829
3258.0,3258.0,0.1897547
3259.0,3259.0,1.486721E-6
3260.0,3260.0,0.009105633
3261.0,3261.0,0.017953712
3262.0,3262.0,0.1267548
3263.0,3263.0,0.4172751
3264.0,3264.0,0.070703685
3265.0,3265.0,0.03906792
3266.0,3266.0,0.549035
3267.0,3267.0,0.006282282
3268.0,3268.0,0.7687017
3269.0,3269.0,8.238035E-5
3270.0,3270.0,0.73364896
3271.0,3271.0,0.020288229
3272.0,3272.0,0.010809513
3273.0,3273.0,0.0022142492
3274.0,3274.0,0.049762916
3275.0,3275.0,0.19918899
3276.0,3276.0,0.07078402
3277.0,3277.0,0.1525492
3278.0,3278.0,0.3216477
3279.0,3279.0,0.02140719
3280.0,3280.0,0.8110381
3281.0,3281.0,0.09565856
3282.0,3282.0,0.025176173
3283.0,3283.0,0.058940917
3284.0,3284.0,0.018632634
3285.0,3285.0,0.021705242
3286.0,3286.0,5.66536E-4
3287.0,3287.0,0.021619812
3288.0,3288.0,0.50010705
3289.0,3289.0,0.60087013
3290.0,3290.0,0.0014042372
3291.0,3291.0,0.75890964
3292.0,3292.0,5.6629833E-5
3293.0,3293.0,0.06330548
3294.0,3294.0,0.041629087
3295.0,3295.0,0.0016887033
3296.0,3296.0,0.7952676
3297.0,3297.0,0.01239292
3298.0,3298.0,0.024165442
3299.0,3299.0,0.43292862
3300.0,3300.0,0.15961577
3301.0,3301.0,0.027372796
3302.0,3302.0,0.104306996
3303.0,3303.0,0.029194884
3304.0,3304.0,0.5518771
3305.0,3305.0,0.0829719
3306.0,3306.0,0.10586688
3307.0,3307.0,0.009640266
3308.0,3308.0,0.091437705
3309.0,3309.0,0.055252396
3310.0,3310.0,0.05124289
3311.0,3311.0,0.7321875
3312.0,3312.0,0.6056872
3313.0,3313.0,4.5830362E-5
3314.0,3314.0,0.0039546895
3315.0,3315.0,0.010840732
3316.0,3316.0,0.021240273
3317.0,3317.0,0.17800933
3318.0,3318.0,0.05064504
3319.0,3319.0,0.03211144
3320.0,3320.0,0.0072462675
3321.0,3321.0,0.2706193
3322.0,3322.0,0.025255678
3323.0,3323.0,0.0340979
3324.0,3324.0,0.08280559
3325.0,3325.0,0.05202006
3326.0,3326.0,0.29730234
3327.0,3327.0,0.015741097
3328.0,3328.0,0.009800869
3329.0,3329.0,0.37355834
3330.0,3330.0,0.014928913
3331.0,3331.0,0.12924454
3332.0,3332.0,0.0977352
3333.0,3333.0,0.068285614
3334.0,3334.0,0.060507793
3335.0,3335.0,0.13248685
3336.0,3336.0,0.57404405
3337.0,3337.0,0.06317097
3338.0,3338.0,0.03000218
3339.0,3339.0,0.09485346
3340.0,3340.0,1.0699291E-5
3341.0,3341.0,1.5633444E-4
3342.0,3342.0,1.0012853E-4
3343.0,3343.0,0.026207332
3344.0,3344.0,0.12043703
3345.0,3345.0,0.0071035367
3346.0,3346.0,0.15605281
3347.0,3347.0,0.47574237
3348.0,3348.0,0.00891981
3349.0,3349.0,0.20145382
3350.0,3350.0,0.089824535
3351.0,3351.0,0.010881067
3352.0,3352.0,0.14586963
3353.0,3353.0,0.017718438
3354.0,3354.0,0.12410954
3355.0,3355.0,0.29063472
3356.0,3356.0,0.030170163
3357.0,3357.0,0.50262165
3358.0,3358.0,1.9243513E-5
3359.0,3359.0,1.216735E-5
3360.0,3360.0,0.7981626
3361.0,3361.0,0.59987885
3362.0,3362.0,0.065326914
3363.0,3363.0,0.086474285
3364.0,3364.0,0.16661872
3365.0,3365.0,0.08224245
3366.0,3366.0,0.025207302
3367.0,3367.0,0.5049261
3368.0,3368.0,3.3392832E-6
3369.0,3369.0,0.0109396055
3370.0,3370.0,0.634667
3371.0,3371.0,0.014612976
3372.0,3372.0,0.012648819
3373.0,3373.0,0.12923239
3374.0,3374.0,7.8746474E-5
3375.0,3375.0,0.0056551886
3376.0,3376.0,9.228665E-4
3377.0,3377.0,0.0011053634
3378.0,3378.0,0.053829756
3379.0,3379.0,0.16014622
3380.0,3380.0,0.016859671
3381.0,3381.0,0.7846644
3382.0,3382.0,0.023457978
3383.0,3383.0,0.07114644
3384.0,3384.0,0.0010088024
3385.0,3385.0,0.06617976
3386.0,3386.0,0.05347909
3387.0,3387.0,0.013544912
3388.0,3388.0,0.008272865
3389.0,3389.0,0.80560344
3390.0,3390.0,0.010511398
3391.0,3391.0,0.012297724
3392.0,3392.0,0.3115483
3393.0,3393.0,1.1317492E-5
3394.0,3394.0,0.024651088
3395.0,3395.0,0.7132713
3396.0,3396.0,0.0033013942
3397.0,3397.0,0.602351
3398.0,3398.0,0.2187677
3399.0,3399.0,0.03403575
3400.0,3400.0,0.40560997
3401.0,3401.0,0.23567623
3402.0,3402.0,0.06895891
3403.0,3403.0,0.023017574
3404.0,3404.0,0.055346373
3405.0,3405.0,0.47065014
3406.0,3406.0,0.073578484
3407.0,3407.0,0.017656347
3408.0,3408.0,0.023627682
3409.0,3409.0,0.010688285
3410.0,3410.0,0.06326388
3411.0,3411.0,0.00451023
3412.0,3412.0,1.211978E-5
3413.0,3413.0,0.14750916
3414.0,3414.0,0.351064
3415.0,3415.0,2.0427353E-4
3416.0,3416.0,0.04466922
3417.0,3417.0,0.04895476
3418.0,3418.0,0.0036406142
3419.0,3419.0,0.02668417
3420.0,3420.0,0.48298085
3421.0,3421.0,0.015127505
3422.0,3422.0,0.023484051
3423.0,3423.0,0.30698028
3424.0,3424.0,0.054813497
3425.0,3425.0,0.16355442
3426.0,3426.0,0.52327627
3427.0,3427.0,0.07220305
3428.0,3428.0,0.022666285
3429.0,3429.0,0.0701814
3430.0,3430.0,0.010306617
3431.0,3431.0,0.030540548
3432.0,3432.0,0.65730315
3433.0,3433.0,0.07806271
3434.0,3434.0,0.5287899
3435.0,3435.0,0.08627908
3436.0,3436.0,0.0038989475
3437.0,3437.0,0.15933265
3438.0,3438.0,0.75254154
3439.0,3439.0,0.19985482
3440.0,3440.0,0.032432385
3441.0,3441.0,0.6318076
3442.0,3442.0,0.013151103
3443.0,3443.0,0.0027306844
3444.0,3444.0,0.33398712
3445.0,3445.0,0.09519781
3446.0,3446.0,8.8236417E-4
3447.0,3447.0,0.750237
3448.0,3448.0,0.0034226645
3449.0,3449.0,4.5321187E-7
3450.0,3450.0,0.0034069407
3451.0,3451.0,0.16677909
3452.0,3452.0,0.08967216
3453.0,3453.0,8.059686E-5
3454.0,3454.0,0.38726488
3455.0,3455.0,0.3047372
3456.0,3456.0,0.018519642
3457.0,3457.0,0.6984945
3458.0,3458.0,0.034242444
3459.0,3459.0,0.50309765
3460.0,3460.0,7.571252E-4
3461.0,3461.0,0.9389774
3462.0,3462.0,0.0149374865
3463.0,3463.0,0.11189886
3464.0,3464.0,0.1304023
3465.0,3465.0,9.820306E-6
3466.0,3466.0,0.64993256
3467.0,3467.0,0.02733273
3468.0,3468.0,0.7439804
3469.0,3469.0,6.6181784E-4
3470.0,3470.0,0.11604405
3471.0,3471.0,0.55596244
3472.0,3472.0,0.026425052
3473.0,3473.0,6.053533E-4
3474.0,3474.0,0.038133226
3475.0,3475.0,0.65179724
3476.0,3476.0,0.056374982
3477.0,3477.0,0.011663073
3478.0,3478.0,0.04284584
3479.0,3479.0,0.14304495
3480.0,3480.0,0.03863029
3481.0,3481.0,0.0138222575
3482.0,3482.0,0.7044006
3483.0,3483.0,0.030169675
3484.0,3484.0,0.13277726
3485.0,3485.0,0.17239086
3486.0,3486.0,0.028924
3487.0,3487.0,0.006109914
3488.0,3488.0,0.14125459
3489.0,3489.0,0.18309107
3490.0,3490.0,0.07575813
3491.0,3491.0,0.006016268
3492.0,3492.0,0.6619741
3493.0,3493.0,0.0029684221
3494.0,3494.0,0.010745473
3495.0,3495.0,0.0084612705
3496.0,3496.0,5.225896E-4
3497.0,3497.0,0.094760634
3498.0,3498.0,0.024128297
3499.0,3499.0,0.022124076
3500.0,3500.0,0.077927
3501.0,3501.0,0.18225516
3502.0,3502.0,0.072096065
3503.0,3503.0,0.054580167
3504.0,3504.0,0.08042565
3505.0,3505.0,0.01737443
3506.0,3506.0,0.018401746
3507.0,3507.0,0.01693193
3508.0,3508.0,0.08554187
3509.0,3509.0,0.053597882
3510.0,3510.0,0.012987349
3511.0,3511.0,1.788752E-4
3512.0,3512.0,0.039239056
3513.0,3513.0,0.16926776
3514.0,3514.0,0.004827629
3515.0,3515.0,0.021861091
3516.0,3516.0,0.03283062
3517.0,3517.0,0.038143598
3518.0,3518.0,5.538526E-4
3519.0,3519.0,0.5643927
3520.0,3520.0,0.008862987
3521.0,3521.0,0.19555375
3522.0,3522.0,0.17521903
3523.0,3523.0,0.009053557
3524.0,3524.0,0.0073719216
3525.0,3525.0,0.08432535
3526.0,3526.0,0.7104851
3527.0,3527.0,0.0044345045
3528.0,3528.0,0.6436386
3529.0,3529.0,0.026020821
3530.0,3530.0,0.0012664766
3531.0,3531.0,0.17058188
3532.0,3532.0,0.04454219
3533.0,3533.0,0.14243588
3534.0,3534.0,0.012483149
3535.0,3535.0,0.012998162
3536.0,3536.0,0.049612373
3537.0,3537.0,0.006111785
3538.0,3538.0,0.09200822
3539.0,3539.0,0.0022744003
3540.0,3540.0,0.0011043292
3541.0,3541.0,0.009250183
3542.0,3542.0,0.23948118
3543.0,3543.0,0.25552094
3544.0,3544.0,0.0045384825
3545.0,3545.0,0.20905615
3546.0,3546.0,0.6620258
3547.0,3547.0,0.17714936
3548.0,3548.0,0.43487692
3549.0,3549.0,0.049852688
3550.0,3550.0,0.049043395
3551.0,3551.0,0.19611289
3552.0,3552.0,0.021681564
3553.0,3553.0,0.05260831
3554.0,3554.0,0.07864537
3555.0,3555.0,0.050005235
3556.0,3556.0,0.31115177
3557.0,3557.0,0.0030788786
3558.0,3558.0,0.106613606
3559.0,3559.0,0.025723422
3560.0,3560.0,0.035850644
3561.0,3561.0,0.31867787
3562.0,3562.0,0.053119984
3563.0,3563.0,0.07153205
3564.0,3564.0,1.8581009E-4
3565.0,3565.0,0.052613925
3566.0,3566.0,0.01629394
3567.0,3567.0,3.745485E-4
3568.0,3568.0,0.20251636
3569.0,3569.0,4.839496E-5
3570.0,3570.0,0.48565733
3571.0,3571.0,0.7397122
3572.0,3572.0,0.41930106
3573.0,3573.0,0.0043589766
3574.0,3574.0,0.019914689
3575.0,3575.0,0.12668267
3576.0,3576.0,0.053166237
3577.0,3577.0,2.6610085E-6
3578.0,3578.0,0.014796158
3579.0,3579.0,0.006431494
3580.0,3580.0,0.05151646
3581.0,3581.0,0.0072890255
3582.0,3582.0,0.5817659
3583.0,3583.0,0.64505905
3584.0,3584.0,2.788751E-5
3585.0,3585.0,0.016612468
3586.0,3586.0,0.09515926
3587.0,3587.0,0.034516335
3588.0,3588.0,0.0014764764
3589.0,3589.0,0.020045185
3590.0,3590.0,0.17598835
3591.0,3591.0,0.092599556
3592.0,3592.0,0.021919463
3593.0,3593.0,0.034391258
3594.0,3594.0,0.15849924
3595.0,3595.0,7.787513E-4
3596.0,3596.0,0.1543457
3597.0,3597.0,0.043013424
3598.0,3598.0,0.16582341
3599.0,3599.0,0.85989827
3600.0,3600.0,0.64248925
3601.0,3601.0,1.4236385E-4
3602.0,3602.0,0.5352973
3603.0,3603.0,0.13264142
3604.0,3604.0,0.30405563
3605.0,3605.0,0.15993837
3606.0,3606.0,4.140975E-5
3607.0,3607.0,0.62208474
3608.0,3608.0,0.006530759
3609.0,3609.0,0.018832214
3610.0,3610.0,0.09178378
3611.0,3611.0,0.1996649
3612.0,3612.0,0.78408194
3613.0,3613.0,0.15144156
3614.0,3614.0,0.01904268
3615.0,3615.0,0.008991968
3616.0,3616.0,0.096247755
3617.0,3617.0,0.044342875
3618.0,3618.0,0.39572272
3619.0,3619.0,0.032354604
3620.0,3620.0,0.101836234
3621.0,3621.0,0.61926186
3622.0,3622.0,0.65707076
3623.0,3623.0,0.010578167
3624.0,3624.0,0.8141473
3625.0,3625.0,0.028424934
3626.0,3626.0,0.087429136
3627.0,3627.0,0.001644834
3628.0,3628.0,0.009195213
3629.0,3629.0,0.059381876
3630.0,3630.0,0.01670762
3631.0,3631.0,0.009264751
3632.0,3632.0,0.6026467
3633.0,3633.0,0.37132284
3634.0,3634.0,0.22803454
3635.0,3635.0,1.7478096E-4
3636.0,3636.0,0.0048632408
3637.0,3637.0,0.015429757
3638.0,3638.0,0.035037328
3639.0,3639.0,0.078086436
3640.0,3640.0,0.025222009
3641.0,3641.0,1.443539E-4
3642.0,3642.0,0.5987182
3643.0,3643.0,0.02821742
3644.0,3644.0,0.2573453
3645.0,3645.0,0.042982463
3646.0,3646.0,0.051125865
3647.0,3647.0,0.24930973
3648.0,3648.0,0.02185711
3649.0,3649.0,0.07086942
3650.0,3650.0,0.6799952
3651.0,3651.0,0.28562528
3652.0,3652.0,0.065010495
3653.0,3653.0,0.20129795
3654.0,3654.0,0.07787782
3655.0,3655.0,0.026969964
3656.0,3656.0,0.015962366
3657.0,3657.0,0.044007786
3658.0,3658.0,1.6191593E-4
3659.0,3659.0,0.024580007
3660.0,3660.0,0.021801313
3661.0,3661.0,0.037775565
3662.0,3662.0,0.048261743
3663.0,3663.0,0.46167594
3664.0,3664.0,0.0070268516
3665.0,3665.0,0.005014222
3666.0,3666.0,2.2922705E-4
3667.0,3667.0,0.15143362
3668.0,3668.0,4.5080885E-4
3669.0,3669.0,0.10934429
3670.0,3670.0,0.47345385
3671.0,3671.0,4.471882E-4
3672.0,3672.0,0.6958865
3673.0,3673.0,0.0036954966
3674.0,3674.0,0.032176338
3675.0,3675.0,0.8006273
3676.0,3676.0,0.6008287
3677.0,3677.0,0.03700034
3678.0,3678.0,0.019760003
3679.0,3679.0,0.008322903
3680.0,3680.0,0.023703597
3681.0,3681.0,0.38646728
3682.0,3682.0,0.06494599
3683.0,3683.0,0.031564012
3684.0,3684.0,4.8695132E-5
3685.0,3685.0,0.11440458
3686.0,3686.0,0.11889891
3687.0,3687.0,0.6925053
3688.0,3688.0,0.035673607
3689.0,3689.0,0.011073063
3690.0,3690.0,0.079266496
3691.0,3691.0,0.1302202
3692.0,3692.0,0.10423539
3693.0,3693.0,0.30048722
3694.0,3694.0,0.5567386
3695.0,3695.0,0.29481328
3696.0,3696.0,0.12885587
3697.0,3697.0,0.059240274
3698.0,3698.0,0.0022148394
3699.0,3699.0,0.022711199
3700.0,3700.0,0.6956721
3701.0,3701.0,0.6972366
3702.0,3702.0,0.6473154
3703.0,3703.0,0.6734724
3704.0,3704.0,0.1473614
3705.0,3705.0,0.16546747
3706.0,3706.0,0.20589763
3707.0,3707.0,0.009827598
3708.0,3708.0,0.16034693
3709.0,3709.0,0.13516907
3710.0,3710.0,0.013821361
3711.0,3711.0,2.8272275E-6
3712.0,3712.0,0.061707396
3713.0,3713.0,0.17837194
3714.0,3714.0,0.0041271932
3715.0,3715.0,0.19332093
3716.0,3716.0,0.06728449
3717.0,3717.0,0.2983552
3718.0,3718.0,0.031625714
3719.0,3719.0,0.07237337
3720.0,3720.0,0.14203387
3721.0,3721.0,0.05910011
3722.0,3722.0,0.044752937
3723.0,3723.0,0.09733241
3724.0,3724.0,0.011515904
3725.0,3725.0,0.20021239
3726.0,3726.0,0.6220037
3727.0,3727.0,0.09519926
3728.0,3728.0,0.78377163
3729.0,3729.0,0.032391198
3730.0,3730.0,0.044521358
3731.0,3731.0,0.43725133
3732.0,3732.0,0.05562207
3733.0,3733.0,0.08440897
3734.0,3734.0,0.68681675
3735.0,3735.0,0.13131183
3736.0,3736.0,0.15514795
3737.0,3737.0,0.70600885
3738.0,3738.0,0.15737857
3739.0,3739.0,0.0018678554
3740.0,3740.0,0.07096131
3741.0,3741.0,0.029695954
3742.0,3742.0,0.018950697
3743.0,3743.0,0.20356677
3744.0,3744.0,0.50608444
3745.0,3745.0,0.053188626
3746.0,3746.0,0.24057308
3747.0,3747.0,0.21277152
3748.0,3748.0,0.022344306
3749.0,3749.0,0.05860149
3750.0,3750.0,0.07753998
3751.0,3751.0,0.23262225
3752.0,3752.0,0.02442142
3753.0,3753.0,0.24762473
3754.0,3754.0,0.3058783
3755.0,3755.0,0.46485987
3756.0,3756.0,0.03043284
3757.0,3757.0,0.33761308
3758.0,3758.0,0.018289596
3759.0,3759.0,0.019833243
3760.0,3760.0,0.035355657
3761.0,3761.0,5.206393E-4
3762.0,3762.0,0.18969873
3763.0,3763.0,0.01694284
3764.0,3764.0,0.6405037
3765.0,3765.0,4.7037148E-4
3766.0,3766.0,0.6805442
3767.0,3767.0,0.19652592
3768.0,3768.0,0.72076553
3769.0,3769.0,0.021495877
3770.0,3770.0,0.5461489
3771.0,3771.0,0.0034504707
3772.0,3772.0,0.29419813
3773.0,3773.0,0.4698153
3774.0,3774.0,0.017267978
3775.0,3775.0,0.5462522
3776.0,3776.0,0.4125735
3777.0,3777.0,0.11597136
3778.0,3778.0,0.07044758
3779.0,3779.0,0.029237034
3780.0,3780.0,0.122341126
3781.0,3781.0,0.0032111567
3782.0,3782.0,0.0074849008
3783.0,3783.0,0.13266759
3784.0,3784.0,0.001517223
3785.0,3785.0,0.10536931
3786.0,3786.0,0.5801781
3787.0,3787.0,0.010025843
3788.0,3788.0,0.042170078
3789.0,3789.0,0.07008914
3790.0,3790.0,0.0011392849
3791.0,3791.0,0.084926985
3792.0,3792.0,2.101319E-4
3793.0,3793.0,0.42836425
3794.0,3794.0,0.013689918
3795.0,3795.0,0.5718547
3796.0,3796.0,0.01415622
3797.0,3797.0,0.01317087
3798.0,3798.0,0.0013652175
3799.0,3799.0,0.040627807
3800.0,3800.0,2.518749E-4
3801.0,3801.0,0.008747407
3802.0,3802.0,0.03897685
3803.0,3803.0,0.060065363
3804.0,3804.0,0.036957845
3805.0,3805.0,0.020306202
3806.0,3806.0,0.13092789
3807.0,3807.0,0.06686018
3808.0,3808.0,0.04093091
3809.0,3809.0,0.021597235
3810.0,3810.0,0.032687664
3811.0,3811.0,0.6495482
3812.0,3812.0,0.042540733
3813.0,3813.0,0.09695068
3814.0,3814.0,0.056929972
3815.0,3815.0,0.10634974
3816.0,3816.0,0.016329916
3817.0,3817.0,2.080964E-4
3818.0,3818.0,0.12144354
3819.0,3819.0,0.011210229
3820.0,3820.0,0.28160644
3821.0,3821.0,0.80933243
3822.0,3822.0,0.01551266
3823.0,3823.0,0.020021232
3824.0,3824.0,0.060830045
3825.0,3825.0,0.011915918
3826.0,3826.0,0.0516393
3827.0,3827.0,0.0012551858
3828.0,3828.0,0.07029728
3829.0,3829.0,0.01003094
3830.0,3830.0,0.02116861
3831.0,3831.0,0.75532514
3832.0,3832.0,0.5893023
3833.0,3833.0,0.7520262
3834.0,3834.0,0.8079942
3835.0,3835.0,0.46290907
3836.0,3836.0,0.04405899
3837.0,3837.0,0.11500945
3838.0,3838.0,0.17144784
3839.0,3839.0,0.022439327
3840.0,3840.0,0.5094993
3841.0,3841.0,0.21817538
3842.0,3842.0,0.18286645
3843.0,3843.0,4.5294087E-6
3844.0,3844.0,0.044804994
3845.0,3845.0,0.074107826
3846.0,3846.0,0.065251574
3847.0,3847.0,0.046598334
3848.0,3848.0,0.0018799367
3849.0,3849.0,0.003372578
3850.0,3850.0,4.8284544E-4
3851.0,3851.0,0.02376094
3852.0,3852.0,0.21560453
3853.0,3853.0,0.5403541
3854.0,3854.0,0.6676241
3855.0,3855.0,0.6187901
3856.0,3856.0,0.13827273
3857.0,3857.0,0.29840064
3858.0,3858.0,0.15913185
3859.0,3859.0,0.025495881
3860.0,3860.0,0.2510648
3861.0,3861.0,0.005019449
3862.0,3862.0,0.0033312782
3863.0,3863.0,4.070775E-5
3864.0,3864.0,0.049954623
3865.0,3865.0,0.46435502
3866.0,3866.0,0.32582948
3867.0,3867.0,0.025579056
3868.0,3868.0,0.0063139535
3869.0,3869.0,0.034119923
3870.0,3870.0,3.934319E-6
3871.0,3871.0,0.008583531
3872.0,3872.0,0.018860945
3873.0,3873.0,0.024938123
3874.0,3874.0,0.5971691
3875.0,3875.0,0.19204856
3876.0,3876.0,0.0057546347
3877.0,3877.0,0.0034056916
3878.0,3878.0,0.09719918
3879.0,3879.0,0.075679526
3880.0,3880.0,0.020446382
3881.0,3881.0,0.23125605
3882.0,3882.0,0.0017354641
3883.0,3883.0,0.06374498
3884.0,3884.0,0.585165
3885.0,3885.0,0.6022695
3886.0,3886.0,0.048881706
3887.0,3887.0,0.6001351
3888.0,3888.0,0.01192992
3889.0,3889.0,0.13343936
3890.0,3890.0,4.1113675E-5
3891.0,3891.0,0.018114967
3892.0,3892.0,5.96458E-4
3893.0,3893.0,0.055962164
3894.0,3894.0,0.2220578
3895.0,3895.0,0.04375951
3896.0,3896.0,0.060857914
3897.0,3897.0,0.041577116
3898.0,3898.0,0.23020358
3899.0,3899.0,0.02241204
3900.0,3900.0,0.03036828
3901.0,3901.0,0.002760373
3902.0,3902.0,0.19342093
3903.0,3903.0,0.023932386
3904.0,3904.0,0.0026374897
3905.0,3905.0,0.17965761
3906.0,3906.0,0.10425555
3907.0,3907.0,0.04759822
3908.0,3908.0,0.116254404
3909.0,3909.0,0.028134763
3910.0,3910.0,0.12434656
3911.0,3911.0,0.033842012
3912.0,3912.0,0.4077852
3913.0,3913.0,1.3726177E-5
3914.0,3914.0,0.16888548
3915.0,3915.0,0.035520103
3916.0,3916.0,0.059358027
3917.0,3917.0,0.8178827
3918.0,3918.0,0.017634116
3919.0,3919.0,0.6049683
3920.0,3920.0,0.46282533
3921.0,3921.0,0.75634646
3922.0,3922.0,1.490938E-5
3923.0,3923.0,0.031105086
3924.0,3924.0,0.017002232
3925.0,3925.0,0.026569262
3926.0,3926.0,0.108861744
3927.0,3927.0,0.74882877
3928.0,3928.0,0.021191983
3929.0,3929.0,0.28049728
3930.0,3930.0,0.0131206885
3931.0,3931.0,0.0070937295
3932.0,3932.0,0.05144433
3933.0,3933.0,0.42683247
3934.0,3934.0,0.061240774
3935.0,3935.0,0.16764002
3936.0,3936.0,1.32643845E-5
3937.0,3937.0,0.1288007
3938.0,3938.0,0.25345212
3939.0,3939.0,0.04990826
3940.0,3940.0,0.5262297
3941.0,3941.0,0.15100102
3942.0,3942.0,0.7766819
3943.0,3943.0,0.53673947
3944.0,3944.0,0.02843286
3945.0,3945.0,0.032423638
3946.0,3946.0,0.820614
3947.0,3947.0,0.006133357
3948.0,3948.0,0.30690983
3949.0,3949.0,0.020275336
3950.0,3950.0,0.18436946
3951.0,3951.0,0.04831192
3952.0,3952.0,0.033391546
3953.0,3953.0,0.023511937
3954.0,3954.0,0.556285
3955.0,3955.0,0.005968517
3956.0,3956.0,0.005466567
3957.0,3957.0,0.00589886
3958.0,3958.0,0.008649355
3959.0,3959.0,0.4616679
3960.0,3960.0,0.46679652
3961.0,3961.0,0.03412169
3962.0,3962.0,0.78952384
3963.0,3963.0,0.03928356
3964.0,3964.0,0.09879404
3965.0,3965.0,9.195188E-6
3966.0,3966.0,0.029560823
3967.0,3967.0,0.014650259
3968.0,3968.0,6.440172E-6
3969.0,3969.0,0.5084918
3970.0,3970.0,0.056284983
3971.0,3971.0,0.009023727
3972.0,3972.0,0.43498045
3973.0,3973.0,0.007687517
3974.0,3974.0,0.007423933
3975.0,3975.0,0.013854449
3976.0,3976.0,0.07219763
3977.0,3977.0,0.029330928
3978.0,3978.0,3.3766753E-4
3979.0,3979.0,0.74974024
3980.0,3980.0,0.37812558
3981.0,3981.0,0.0016505632
3982.0,3982.0,0.03128041
3983.0,3983.0,0.05368838
3984.0,3984.0,0.53287715
3985.0,3985.0,0.082015164
3986.0,3986.0,1.4754701E-5
3987.0,3987.0,0.15218513
3988.0,3988.0,0.089954615
3989.0,3989.0,0.64445364
3990.0,3990.0,6.146362E-4
3991.0,3991.0,0.015194772
3992.0,3992.0,0.0019819343
3993.0,3993.0,0.03727812
3994.0,3994.0,0.075249456
3995.0,3995.0,0.056006692
3996.0,3996.0,8.619748E-4
3997.0,3997.0,0.110532984
3998.0,3998.0,0.029829498
3999.0,3999.0,0.029199023
4000.0,4000.0,0.646416
4001.0,4001.0,0.11409212
4002.0,4002.0,0.06855226
4003.0,4003.0,0.6852106
4004.0,4004.0,0.023909304
4005.0,4005.0,0.23418479
4006.0,4006.0,0.05295881
4007.0,4007.0,0.26117203
4008.0,4008.0,0.5645319
4009.0,4009.0,0.0066831065
4010.0,4010.0,8.3886186E-4
4011.0,4011.0,0.10963779
4012.0,4012.0,0.02823744
4013.0,4013.0,0.026191412
4014.0,4014.0,0.0010224535
4015.0,4015.0,0.0033092105
4016.0,4016.0,0.076891355
4017.0,4017.0,0.29651874
4018.0,4018.0,0.0856961
4019.0,4019.0,6.325695E-5
4020.0,4020.0,0.034153372
4021.0,4021.0,0.056139406
4022.0,4022.0,0.0247969
4023.0,4023.0,4.352894E-5
4024.0,4024.0,0.010927437
4025.0,4025.0,0.06602787
4026.0,4026.0,0.12105508
4027.0,4027.0,0.011071432
4028.0,4028.0,4.17689E-6
4029.0,4029.0,0.16254127
4030.0,4030.0,0.060951903
4031.0,4031.0,0.11897034
4032.0,4032.0,0.08145441
4033.0,4033.0,0.15483542
4034.0,4034.0,2.0138596E-4
4035.0,4035.0,0.7153577
4036.0,4036.0,0.74005
4037.0,4037.0,0.06169251
4038.0,4038.0,0.035125516
4039.0,4039.0,0.31126243
4040.0,4040.0,0.00792251
4041.0,4041.0,0.03802426
4042.0,4042.0,0.08426663
4043.0,4043.0,0.014565449
4044.0,4044.0,0.008735091
4045.0,4045.0,0.13018478
4046.0,4046.0,0.74308705
4047.0,4047.0,0.08433888
4048.0,4048.0,0.08895909
4049.0,4049.0,0.021679701
4050.0,4050.0,0.16178739
4051.0,4051.0,0.004944929
4052.0,4052.0,0.27322567
4053.0,4053.0,0.7301775
4054.0,4054.0,7.319576E-6
4055.0,4055.0,0.31933415
4056.0,4056.0,0.22776555
4057.0,4057.0,0.2618702
4058.0,4058.0,0.04688334
4059.0,4059.0,0.11026417
4060.0,4060.0,0.15275835
4061.0,4061.0,1.7430057E-4
4062.0,4062.0,0.053062793
4063.0,4063.0,0.12852135
4064.0,4064.0,0.26634207
4065.0,4065.0,8.2162407E-4
4066.0,4066.0,0.025109394
4067.0,4067.0,0.03918664
4068.0,4068.0,0.10980935
4069.0,4069.0,0.018637784
4070.0,4070.0,4.0573086E-5
4071.0,4071.0,0.03142251
4072.0,4072.0,0.6870308
4073.0,4073.0,0.5910349
4074.0,4074.0,0.14515212
4075.0,4075.0,0.040721938
4076.0,4076.0,0.16443689
4077.0,4077.0,0.7892851
4078.0,4078.0,0.057575285
4079.0,4079.0,0.07468954
4080.0,4080.0,0.13798736
4081.0,4081.0,0.5949613
4082.0,4082.0,0.030012378
4083.0,4083.0,0.76592886
4084.0,4084.0,0.04871231
4085.0,4085.0,0.031495064
4086.0,4086.0,0.013034594
4087.0,4087.0,0.6805216
4088.0,4088.0,0.0055958843
4089.0,4089.0,0.073475175
4090.0,4090.0,0.011303322
4091.0,4091.0,0.0018607404
4092.0,4092.0,0.09408652
4093.0,4093.0,0.38703614
4094.0,4094.0,0.014824378
4095.0,4095.0,0.7016123
4096.0,4096.0,0.7263727
4097.0,4097.0,0.18862611
4098.0,4098.0,0.8441848
4099.0,4099.0,0.0127239525
4100.0,4100.0,0.0024789406
4101.0,4101.0,0.092988536
4102.0,4102.0,0.02827451
4103.0,4103.0,0.006878419
4104.0,4104.0,0.017435899
4105.0,4105.0,9.028518E-4
4106.0,4106.0,0.040346846
4107.0,4107.0,0.014963402
4108.0,4108.0,0.5034155
4109.0,4109.0,0.0021222578
4110.0,4110.0,0.022680022
4111.0,4111.0,1.2546217E-6
4112.0,4112.0,0.03322065
4113.0,4113.0,0.08865593
4114.0,4114.0,0.014672471
4115.0,4115.0,0.0326095
4116.0,4116.0,0.15121286
4117.0,4117.0,0.23920795
4118.0,4118.0,0.61260426
4119.0,4119.0,0.02555649
4120.0,4120.0,0.03354759
4121.0,4121.0,0.047352295
4122.0,4122.0,0.0054100035
4123.0,4123.0,0.036933195
4124.0,4124.0,0.007173419
4125.0,4125.0,0.036753744
4126.0,4126.0,0.005386663
4127.0,4127.0,0.86273235
4128.0,4128.0,0.039253697
4129.0,4129.0,0.03500314
4130.0,4130.0,0.011904208
4131.0,4131.0,0.5240974
4132.0,4132.0,0.02192766
4133.0,4133.0,0.0017245148
4134.0,4134.0,0.02164552
4135.0,4135.0,0.0392326
4136.0,4136.0,0.10078178
4137.0,4137.0,0.54097384
4138.0,4138.0,0.7021256
4139.0,4139.0,0.05531908
4140.0,4140.0,0.116763115
4141.0,4141.0,0.03238642
4142.0,4142.0,0.018995503
4143.0,4143.0,0.0021202825
4144.0,4144.0,0.0051813377
4145.0,4145.0,0.7496701
4146.0,4146.0,0.60793126
4147.0,4147.0,0.0053935274
4148.0,4148.0,0.0025902712
4149.0,4149.0,0.5021366
4150.0,4150.0,0.064779446
4151.0,4151.0,0.04813291
4152.0,4152.0,0.018876817
4153.0,4153.0,0.16553624
4154.0,4154.0,0.08141403
4155.0,4155.0,1.4698697E-4
4156.0,4156.0,0.17988878
4157.0,4157.0,3.022497E-6
4158.0,4158.0,0.76106596
4159.0,4159.0,0.064071774
4160.0,4160.0,1.5954694E-5
4161.0,4161.0,0.028897397
4162.0,4162.0,0.032003816
4163.0,4163.0,0.47175398
4164.0,4164.0,0.57569337
4165.0,4165.0,0.01372342
4166.0,4166.0,0.068758614
4167.0,4167.0,0.12093811
4168.0,4168.0,0.08833714
4169.0,4169.0,0.05726792
4170.0,4170.0,0.013741118
4171.0,4171.0,0.016419768
4172.0,4172.0,0.011055314
4173.0,4173.0,0.021352077
4174.0,4174.0,2.4220711E-4
4175.0,4175.0,0.024348602
4176.0,4176.0,6.9255644E-4
4177.0,4177.0,0.038520932
4178.0,4178.0,0.76987076
4179.0,4179.0,0.8587963
4180.0,4180.0,0.12889655
4181.0,4181.0,0.3328883
4182.0,4182.0,0.02395836
4183.0,4183.0,0.014742173
4184.0,4184.0,0.022472652
4185.0,4185.0,0.24929675
4186.0,4186.0,0.025882518
4187.0,4187.0,0.009489818
4188.0,4188.0,0.557516
4189.0,4189.0,0.317103
4190.0,4190.0,0.15274218
4191.0,4191.0,0.021466631
4192.0,4192.0,0.01671903
4193.0,4193.0,0.057062022
4194.0,4194.0,0.006705759
4195.0,4195.0,0.7643967
4196.0,4196.0,0.010745231
4197.0,4197.0,0.3859869
4198.0,4198.0,0.025018828
4199.0,4199.0,0.027028982
4200.0,4200.0,6.1157066E-4
4201.0,4201.0,0.14149116
4202.0,4202.0,0.7797735
4203.0,4203.0,0.002398226
4204.0,4204.0,0.4392094
4205.0,4205.0,0.08382742
4206.0,4206.0,3.916457E-4
4207.0,4207.0,0.8223365
4208.0,4208.0,0.023595031
4209.0,4209.0,0.4444731
4210.0,4210.0,0.5595592
4211.0,4211.0,0.017904364
4212.0,4212.0,0.43242192
4213.0,4213.0,0.070407696
4214.0,4214.0,6.482495E-4
4215.0,4215.0,0.0025898097
4216.0,4216.0,0.18114634
4217.0,4217.0,2.7541275E-4
4218.0,4218.0,0.04888817
4219.0,4219.0,4.0815398E-4
4220.0,4220.0,0.032205656
4221.0,4221.0,0.017017184
4222.0,4222.0,0.15727352
4223.0,4223.0,0.010204889
4224.0,4224.0,0.19224241
4225.0,4225.0,9.969794E-4
4226.0,4226.0,0.099013165
4227.0,4227.0,1.336763E-6
4228.0,4228.0,0.0055350433
4229.0,4229.0,0.7090469
4230.0,4230.0,0.09893792
4231.0,4231.0,2.6600781E-5
4232.0,4232.0,0.037563153
4233.0,4233.0,9.934843E-5
4234.0,4234.0,0.017991457
4235.0,4235.0,0.08690634
4236.0,4236.0,0.67735237
4237.0,4237.0,0.058057956
4238.0,4238.0,0.62281346
4239.0,4239.0,0.42818815
4240.0,4240.0,5.6844412E-5
4241.0,4241.0,0.017046396
4242.0,4242.0,2.7498613E-6
4243.0,4243.0,0.043736596
4244.0,4244.0,0.0533647
4245.0,4245.0,0.60058236
4246.0,4246.0,2.331518E-5
4247.0,4247.0,0.042532716
4248.0,4248.0,2.4782973E-6
4249.0,4249.0,0.09920216
4250.0,4250.0,0.31106028
4251.0,4251.0,0.6933827
4252.0,4252.0,0.026947297
4253.0,4253.0,0.059410486
4254.0,4254.0,0.022926092
4255.0,4255.0,3.6921876E-5
4256.0,4256.0,0.23727414
4257.0,4257.0,0.049925357
4258.0,4258.0,0.0062254737
4259.0,4259.0,0.01815071
4260.0,4260.0,0.0336617
4261.0,4261.0,0.065486506
4262.0,4262.0,0.072821245
4263.0,4263.0,0.56899935
4264.0,4264.0,2.5403599E-5
4265.0,4265.0,0.038245387
4266.0,4266.0,0.04375774
4267.0,4267.0,0.09844415
4268.0,4268.0,2.6144615E-5
4269.0,4269.0,0.05338919
4270.0,4270.0,0.030079138
4271.0,4271.0,1.5564337E-4
4272.0,4272.0,0.1004299
4273.0,4273.0,0.13679144
4274.0,4274.0,0.6339376
4275.0,4275.0,0.007512306
4276.0,4276.0,0.0013871124
4277.0,4277.0,0.5887775
4278.0,4278.0,0.18234268
4279.0,4279.0,0.22366825
4280.0,4280.0,0.06856813
4281.0,4281.0,0.051253166
4282.0,4282.0,0.015931252
4283.0,4283.0,0.07175839
4284.0,4284.0,0.013475455
4285.0,4285.0,0.014086653
4286.0,4286.0,0.11273688
4287.0,4287.0,0.01339584
4288.0,4288.0,0.20013942
4289.0,4289.0,0.5239705
4290.0,4290.0,9.127389E-4
4291.0,4291.0,0.45265636
4292.0,4292.0,0.025660641
4293.0,4293.0,0.6973547
4294.0,4294.0,0.55579615
4295.0,4295.0,0.11386861
4296.0,4296.0,3.8301143E-5
4297.0,4297.0,0.033076145
4298.0,4298.0,0.0014656682
4299.0,4299.0,0.03768862
4300.0,4300.0,0.04504259
4301.0,4301.0,0.010922988
4302.0,4302.0,0.06205456
4303.0,4303.0,0.06292737
4304.0,4304.0,0.10616012
4305.0,4305.0,0.03845784
4306.0,4306.0,0.69809467
4307.0,4307.0,0.70465016
4308.0,4308.0,0.012969621
4309.0,4309.0,0.025567075
4310.0,4310.0,0.18274435
4311.0,4311.0,3.286575E-5
4312.0,4312.0,0.02456968
4313.0,4313.0,0.646509
4314.0,4314.0,0.009372946
4315.0,4315.0,0.044849202
4316.0,4316.0,0.05815576
4317.0,4317.0,0.004200695
4318.0,4318.0,0.0115270745
4319.0,4319.0,0.5690667
4320.0,4320.0,0.09129938
4321.0,4321.0,4.415145E-4
4322.0,4322.0,0.09070504
4323.0,4323.0,0.016202223
4324.0,4324.0,0.7110688
4325.0,4325.0,0.041324
4326.0,4326.0,0.5339641
4327.0,4327.0,0.08018148
4328.0,4328.0,0.0064546852
4329.0,4329.0,0.39468807
4330.0,4330.0,0.0039252164
4331.0,4331.0,0.030911762
4332.0,4332.0,0.39715564
4333.0,4333.0,0.22455248
4334.0,4334.0,0.6544175
4335.0,4335.0,0.020816268
4336.0,4336.0,0.15570702
4337.0,4337.0,0.009659899
4338.0,4338.0,0.628219
4339.0,4339.0,0.08108726
4340.0,4340.0,0.036544714
4341.0,4341.0,0.10190991
4342.0,4342.0,0.0020257584
4343.0,4343.0,0.04390785
4344.0,4344.0,0.015502196
4345.0,4345.0,0.39631876
4346.0,4346.0,0.14937101
4347.0,4347.0,0.029707547
4348.0,4348.0,0.23883523
4349.0,4349.0,2.2063887E-5
4350.0,4350.0,0.4863918
4351.0,4351.0,0.02425235
4352.0,4352.0,0.7930562
4353.0,4353.0,0.02182285
4354.0,4354.0,0.0010433276
4355.0,4355.0,0.17845534
4356.0,4356.0,0.0052878805
4357.0,4357.0,0.1458735
4358.0,4358.0,0.037729647
4359.0,4359.0,0.017582055
4360.0,4360.0,0.61516213
4361.0,4361.0,1.7394641E-5
4362.0,4362.0,0.5767494
4363.0,4363.0,0.019334275
4364.0,4364.0,0.028484266
4365.0,4365.0,0.7883778
4366.0,4366.0,0.021466842
4367.0,4367.0,0.45770618
4368.0,4368.0,0.037907984
4369.0,4369.0,0.076121435
4370.0,4370.0,0.49405244
4371.0,4371.0,0.099469334
4372.0,4372.0,4.0028512E-4
4373.0,4373.0,0.10067934
4374.0,4374.0,0.0024548785
4375.0,4375.0,0.014321905
4376.0,4376.0,2.5166584E-5
4377.0,4377.0,0.081144765
4378.0,4378.0,0.5813041
4379.0,4379.0,0.18708684
4380.0,4380.0,0.014973382
4381.0,4381.0,0.021202773
4382.0,4382.0,0.3355133
4383.0,4383.0,0.040525436
4384.0,4384.0,0.5872632
4385.0,4385.0,0.036703132
4386.0,4386.0,0.021781286
4387.0,4387.0,0.041494817
4388.0,4388.0,0.3841603
4389.0,4389.0,0.009189071
4390.0,4390.0,0.04968634
4391.0,4391.0,0.06160409
4392.0,4392.0,0.61524695
4393.0,4393.0,0.4515012
4394.0,4394.0,0.010461634
4395.0,4395.0,0.09636636
4396.0,4396.0,0.1347904
4397.0,4397.0,0.0054260045
4398.0,4398.0,0.17339061
4399.0,4399.0,0.25461096
4400.0,4400.0,0.021946128
4401.0,4401.0,0.046802856
4402.0,4402.0,0.04460138
4403.0,4403.0,7.033073E-4
4404.0,4404.0,0.012856315
4405.0,4405.0,0.19290279
4406.0,4406.0,0.44634795
4407.0,4407.0,0.13019744
4408.0,4408.0,0.03738243
4409.0,4409.0,0.04008958
4410.0,4410.0,0.07500672
4411.0,4411.0,0.21468773
4412.0,4412.0,0.058509428
4413.0,4413.0,0.05394168
4414.0,4414.0,0.33754328
4415.0,4415.0,0.096950054
4416.0,4416.0,0.017779361
4417.0,4417.0,0.07446039
4418.0,4418.0,0.020317338
4419.0,4419.0,0.014548288
4420.0,4420.0,0.54864305
4421.0,4421.0,0.5942148
4422.0,4422.0,0.032226782
4423.0,4423.0,0.22055656
4424.0,4424.0,0.69533765
4425.0,4425.0,0.09557025
4426.0,4426.0,0.021856977
4427.0,4427.0,0.013572796
4428.0,4428.0,0.013096637
4429.0,4429.0,0.014773475
4430.0,4430.0,0.026292372
4431.0,4431.0,0.17036937
4432.0,4432.0,0.066158354
4433.0,4433.0,0.59724116
4434.0,4434.0,0.04366918
4435.0,4435.0,0.008518238
4436.0,4436.0,0.64858127
4437.0,4437.0,0.08361646
4438.0,4438.0,0.0653504
4439.0,4439.0,0.23464005
4440.0,4440.0,0.07748181
4441.0,4441.0,4.6986545E-4
4442.0,4442.0,0.013770879
4443.0,4443.0,0.03195422
4444.0,4444.0,0.020038994
4445.0,4445.0,0.5728888
4446.0,4446.0,0.12116812
4447.0,4447.0,0.0048123146
4448.0,4448.0,0.07102087
4449.0,4449.0,0.0011838146
4450.0,4450.0,0.7997525
4451.0,4451.0,0.0057459045
4452.0,4452.0,0.035229165
4453.0,4453.0,0.26969403
4454.0,4454.0,0.60930926
4455.0,4455.0,0.02549572
4456.0,4456.0,0.027989816
4457.0,4457.0,0.028373731
4458.0,4458.0,0.031837214
4459.0,4459.0,0.034792695
4460.0,4460.0,0.10549827
4461.0,4461.0,0.011892378
4462.0,4462.0,0.02851309
4463.0,4463.0,0.011938449
4464.0,4464.0,0.24714503
4465.0,4465.0,0.024133585
4466.0,4466.0,1.7206119E-4
4467.0,4467.0,0.06854361
4468.0,4468.0,0.5030999
4469.0,4469.0,0.055284467
4470.0,4470.0,0.06840714
4471.0,4471.0,0.0536629
4472.0,4472.0,3.818083E-4
4473.0,4473.0,0.0469722
4474.0,4474.0,0.16437618
4475.0,4475.0,0.2406158
4476.0,4476.0,0.06458311
4477.0,4477.0,4.9163314E-4
4478.0,4478.0,0.29564768
4479.0,4479.0,0.7010721
4480.0,4480.0,0.31369165
4481.0,4481.0,0.0803956
4482.0,4482.0,0.07375318
4483.0,4483.0,0.01093234
4484.0,4484.0,0.09559253
4485.0,4485.0,0.022654872
4486.0,4486.0,0.3834025
4487.0,4487.0,0.1333639
4488.0,4488.0,0.069318004
4489.0,4489.0,0.0111085335
4490.0,4490.0,0.016155437
4491.0,4491.0,0.7416089
4492.0,4492.0,0.06659759
4493.0,4493.0,0.043632627
4494.0,4494.0,0.65488416
4495.0,4495.0,0.3320875
4496.0,4496.0,1.5010453E-4
4497.0,4497.0,0.16888463
4498.0,4498.0,1.9981725E-4
4499.0,4499.0,0.014602126
4500.0,4500.0,0.09103366
4501.0,4501.0,8.518908E-4
4502.0,4502.0,0.2516534
4503.0,4503.0,0.09326634
4504.0,4504.0,0.009270199
4505.0,4505.0,0.0071231327
4506.0,4506.0,0.031788867
4507.0,4507.0,0.02980363
4508.0,4508.0,0.68160164
4509.0,4509.0,0.014240249
4510.0,4510.0,0.047602583
4511.0,4511.0,2.804887E-4
4512.0,4512.0,0.010504474
4513.0,4513.0,0.0022849168
4514.0,4514.0,0.0058974526
4515.0,4515.0,0.012928233
4516.0,4516.0,0.021257237
4517.0,4517.0,0.02052251
4518.0,4518.0,0.014101203
4519.0,4519.0,0.041431855
4520.0,4520.0,0.21025836
4521.0,4521.0,0.0555326
4522.0,4522.0,0.0037834037
4523.0,4523.0,0.25559595
4524.0,4524.0,0.019812753
4525.0,4525.0,0.043215845
4526.0,4526.0,0.0548668
4527.0,4527.0,0.00874918
4528.0,4528.0,0.022442626
4529.0,4529.0,0.10735194
4530.0,4530.0,0.4799447
4531.0,4531.0,0.018161904
4532.0,4532.0,0.055363573
4533.0,4533.0,0.012337395
4534.0,4534.0,0.093338445
4535.0,4535.0,0.0393121
4536.0,4536.0,0.042375304
4537.0,4537.0,0.07405674
4538.0,4538.0,0.19306095
4539.0,4539.0,0.19635627
4540.0,4540.0,0.038319763
4541.0,4541.0,0.21182014
4542.0,4542.0,2.0272589E-4
4543.0,4543.0,0.025962004
4544.0,4544.0,0.010623576
4545.0,4545.0,7.640119E-5
4546.0,4546.0,0.23048027
4547.0,4547.0,0.37791482
4548.0,4548.0,0.007487787
4549.0,4549.0,0.03783409
4550.0,4550.0,0.06472272
4551.0,4551.0,0.6815267
4552.0,4552.0,0.01304468
4553.0,4553.0,0.091121264
4554.0,4554.0,0.026795
4555.0,4555.0,0.022230966
4556.0,4556.0,0.12527609
4557.0,4557.0,0.19610678
4558.0,4558.0,0.41828018
4559.0,4559.0,0.0755308
4560.0,4560.0,0.77662116
4561.0,4561.0,0.042480044
4562.0,4562.0,0.05360955
4563.0,4563.0,0.22052084
4564.0,4564.0,0.17105855
4565.0,4565.0,0.10250219
4566.0,4566.0,0.05152018
4567.0,4567.0,0.01771913
4568.0,4568.0,0.021046283
4569.0,4569.0,0.7471784
4570.0,4570.0,0.0031496247
4571.0,4571.0,0.033843588
4572.0,4572.0,0.0021922127
4573.0,4573.0,0.7494216
4574.0,4574.0,0.55045134
4575.0,4575.0,0.04955857
4576.0,4576.0,0.119302705
4577.0,4577.0,0.065408036
4578.0,4578.0,0.105270274
4579.0,4579.0,0.011337147
4580.0,4580.0,0.61643434
4581.0,4581.0,0.051699314
4582.0,4582.0,0.15123291
4583.0,4583.0,0.023656663
4584.0,4584.0,0.08759185
4585.0,4585.0,0.78375924
4586.0,4586.0,0.02812611
4587.0,4587.0,0.031729568
4588.0,4588.0,0.054420203
4589.0,4589.0,0.7856035
4590.0,4590.0,0.029583842
4591.0,4591.0,0.051392227
4592.0,4592.0,3.3386477E-5
4593.0,4593.0,0.009785603
4594.0,4594.0,0.07218113
4595.0,4595.0,0.020640275
4596.0,4596.0,0.3679941
4597.0,4597.0,0.0326949
4598.0,4598.0,0.69899106
4599.0,4599.0,0.110551596
4600.0,4600.0,0.014029178
4601.0,4601.0,0.008661011
4602.0,4602.0,0.01821054
4603.0,4603.0,0.050012924
4604.0,4604.0,0.65280294
4605.0,4605.0,0.3548334
4606.0,4606.0,0.041972063
4607.0,4607.0,0.025387222
4608.0,4608.0,0.013761567
4609.0,4609.0,0.033620443
4610.0,4610.0,0.02244136
4611.0,4611.0,0.020522714
4612.0,4612.0,0.49064615
4613.0,4613.0,1.6428689E-4
4614.0,4614.0,0.13908772
4615.0,4615.0,0.04410508
4616.0,4616.0,0.03149857
4617.0,4617.0,1.2876879E-4
4618.0,4618.0,0.0017900501
4619.0,4619.0,0.03429206
4620.0,4620.0,0.072656184
4621.0,4621.0,1.8573432E-4
4622.0,4622.0,0.011530336
4623.0,4623.0,0.0022495417
4624.0,4624.0,0.4966745
4625.0,4625.0,0.028470663
4626.0,4626.0,0.10696648
4627.0,4627.0,0.39565024
4628.0,4628.0,0.0018466375
4629.0,4629.0,0.023160772
4630.0,4630.0,0.012765777
4631.0,4631.0,0.06105506
4632.0,4632.0,0.087754175
4633.0,4633.0,0.09821497
4634.0,4634.0,0.004606553
4635.0,4635.0,0.0092866635
4636.0,4636.0,2.6296516E-4
4637.0,4637.0,0.017893754
4638.0,4638.0,0.75887406
4639.0,4639.0,0.037320703
4640.0,4640.0,0.11388451
4641.0,4641.0,0.025558611
4642.0,4642.0,0.055689562
4643.0,4643.0,0.6848054
4644.0,4644.0,0.8001414
4645.0,4645.0,0.023269631
4646.0,4646.0,0.4126131
4647.0,4647.0,0.0336498
4648.0,4648.0,2.1715307E-5
4649.0,4649.0,0.10458362
4650.0,4650.0,0.6673472
4651.0,4651.0,0.0026981346
4652.0,4652.0,0.36520275
4653.0,4653.0,0.021907084
4654.0,4654.0,0.6836255
4655.0,4655.0,0.5369968
4656.0,4656.0,0.09938709
4657.0,4657.0,0.06982799
4658.0,4658.0,0.13818815
4659.0,4659.0,6.61622E-4
4660.0,4660.0,0.09322147
4661.0,4661.0,0.019994209
4662.0,4662.0,0.2258994
4663.0,4663.0,6.217459E-6
4664.0,4664.0,0.6903384
4665.0,4665.0,0.012168731
4666.0,4666.0,0.7436693
4667.0,4667.0,0.17111467
4668.0,4668.0,0.3548055
4669.0,4669.0,0.02437498
4670.0,4670.0,0.015143362
4671.0,4671.0,0.52376723
4672.0,4672.0,0.0034439838
4673.0,4673.0,0.039231945
4674.0,4674.0,0.019252436
4675.0,4675.0,0.059012473
4676.0,4676.0,0.46441364
4677.0,4677.0,0.09871694
4678.0,4678.0,0.035812117
4679.0,4679.0,0.0123154055
4680.0,4680.0,0.14379212
4681.0,4681.0,0.001417561
4682.0,4682.0,0.050852023
4683.0,4683.0,7.4507657E-4
4684.0,4684.0,0.060247965
4685.0,4685.0,0.28377974
4686.0,4686.0,0.11461152
4687.0,4687.0,0.01390504
4688.0,4688.0,0.65846217
4689.0,4689.0,0.030997213
4690.0,4690.0,0.01808886
4691.0,4691.0,6.8750423E-6
4692.0,4692.0,0.1012101
4693.0,4693.0,0.0035580834
4694.0,4694.0,0.121785246
4695.0,4695.0,0.022815619
4696.0,4696.0,0.026637658
4697.0,4697.0,0.011686145
4698.0,4698.0,0.0934681
4699.0,4699.0,0.015709698
4700.0,4700.0,0.027898315
4701.0,4701.0,0.026471173
4702.0,4702.0,0.021687116
4703.0,4703.0,0.018881364
4704.0,4704.0,3.875387E-6
4705.0,4705.0,0.7015297
4706.0,4706.0,0.014077222
4707.0,4707.0,0.0046192156
4708.0,4708.0,0.68062675
4709.0,4709.0,0.0014404792
4710.0,4710.0,0.06302647
4711.0,4711.0,0.74619997
4712.0,4712.0,0.03718581
4713.0,4713.0,0.014654584
4714.0,4714.0,0.26252466
4715.0,4715.0,0.02744633
4716.0,4716.0,0.14793943
4717.0,4717.0,0.03351481
4718.0,4718.0,0.08797143
4719.0,4719.0,0.043959096
4720.0,4720.0,0.046967838
4721.0,4721.0,0.01627627
4722.0,4722.0,0.016328335
4723.0,4723.0,0.051678605
4724.0,4724.0,0.03428206
4725.0,4725.0,0.044073593
4726.0,4726.0,0.025518818
4727.0,4727.0,0.045317154
4728.0,4728.0,0.010446037
4729.0,4729.0,0.22982477
4730.0,4730.0,6.150527E-6
4731.0,4731.0,0.11098534
4732.0,4732.0,0.010015741
4733.0,4733.0,0.03963224
4734.0,4734.0,0.0011994012
4735.0,4735.0,0.29851043
4736.0,4736.0,0.07517007
4737.0,4737.0,9.4715615E-6
4738.0,4738.0,0.018003313
4739.0,4739.0,0.04360611
4740.0,4740.0,0.003260244
4741.0,4741.0,0.02161159
4742.0,4742.0,0.044023104
4743.0,4743.0,0.032715257
4744.0,4744.0,0.010176254
4745.0,4745.0,0.6199526
4746.0,4746.0,0.19066833
4747.0,4747.0,0.001725259
4748.0,4748.0,0.020092886
4749.0,4749.0,0.06583588
4750.0,4750.0,0.1032918
4751.0,4751.0,0.09133302
4752.0,4752.0,0.08649554
4753.0,4753.0,0.003300704
4754.0,4754.0,0.106074125
4755.0,4755.0,0.058617815
4756.0,4756.0,0.11297376
4757.0,4757.0,0.06946637
4758.0,4758.0,0.62194765
4759.0,4759.0,0.047116283
4760.0,4760.0,0.030059548
4761.0,4761.0,0.013436225
4762.0,4762.0,0.12507945
4763.0,4763.0,0.49791217
4764.0,4764.0,0.19616137
4765.0,4765.0,0.064955376
4766.0,4766.0,0.062208485
4767.0,4767.0,0.0020180526
4768.0,4768.0,0.27051982
4769.0,4769.0,0.4136115
4770.0,4770.0,0.018739447
4771.0,4771.0,1.0158944E-5
4772.0,4772.0,4.0279847E-6
4773.0,4773.0,0.019364268
4774.0,4774.0,0.0421812
4775.0,4775.0,0.07047573
4776.0,4776.0,0.031037563
4777.0,4777.0,1.8168967E-5
4778.0,4778.0,0.17646131
4779.0,4779.0,0.028028388
4780.0,4780.0,0.729072
4781.0,4781.0,0.5362564
4782.0,4782.0,0.008017058
4783.0,4783.0,0.016685681
4784.0,4784.0,0.27548367
4785.0,4785.0,0.02353966
4786.0,4786.0,0.6261706
4787.0,4787.0,0.046287447
4788.0,4788.0,0.2377222
4789.0,4789.0,0.01596286
4790.0,4790.0,0.07017068
4791.0,4791.0,0.00713081
4792.0,4792.0,0.039319668
4793.0,4793.0,0.13454093
4794.0,4794.0,0.27521437
4795.0,4795.0,0.004530687
4796.0,4796.0,0.039879788
4797.0,4797.0,1.5973214E-5
4798.0,4798.0,0.19964841
4799.0,4799.0,1.1690321E-4
4800.0,4800.0,0.2788609
4801.0,4801.0,0.07040823
4802.0,4802.0,0.0022487221
4803.0,4803.0,0.07464816
4804.0,4804.0,0.54424375
4805.0,4805.0,0.011992617
4806.0,4806.0,0.028532818
4807.0,4807.0,0.017120125
4808.0,4808.0,0.62733245
4809.0,4809.0,0.015348344
4810.0,4810.0,0.050372984
4811.0,4811.0,0.01649267
4812.0,4812.0,0.030584792
4813.0,4813.0,0.48487225
4814.0,4814.0,0.1078399
4815.0,4815.0,0.6554273
4816.0,4816.0,0.01553287
4817.0,4817.0,0.039638944
4818.0,4818.0,0.004156644
4819.0,4819.0,0.56909275
4820.0,4820.0,0.5827053
4821.0,4821.0,0.26667705
4822.0,4822.0,0.6696895
4823.0,4823.0,0.09339227
4824.0,4824.0,0.019592384
4825.0,4825.0,1.147243E-5
4826.0,4826.0,0.015325673
4827.0,4827.0,0.09010522
4828.0,4828.0,2.2658061E-5
4829.0,4829.0,0.005750765
4830.0,4830.0,0.3547436
4831.0,4831.0,0.83163047
4832.0,4832.0,0.04386259
4833.0,4833.0,0.042600118
4834.0,4834.0,0.019424004
4835.0,4835.0,0.028364703
4836.0,4836.0,3.9064148E-4
4837.0,4837.0,0.08865526
4838.0,4838.0,0.121613905
4839.0,4839.0,0.017720576
4840.0,4840.0,0.022176923
4841.0,4841.0,0.05959795
4842.0,4842.0,0.12043672
4843.0,4843.0,0.03654217
4844.0,4844.0,0.09275332
4845.0,4845.0,0.05794843
4846.0,4846.0,0.06319384
4847.0,4847.0,8.308141E-4
4848.0,4848.0,0.014813576
4849.0,4849.0,0.5893488
4850.0,4850.0,0.64541256
4851.0,4851.0,0.40899032
4852.0,4852.0,0.12240637
4853.0,4853.0,0.01398677
4854.0,4854.0,0.058127664
4855.0,4855.0,0.0042788577
4856.0,4856.0,0.010816024
4857.0,4857.0,0.029135527
4858.0,4858.0,0.034421455
4859.0,4859.0,0.5542978
4860.0,4860.0,0.7065949
4861.0,4861.0,0.052859
4862.0,4862.0,0.13670683
4863.0,4863.0,0.042640723
4864.0,4864.0,0.038652144
4865.0,4865.0,0.13523361
4866.0,4866.0,8.0227666E-4
4867.0,4867.0,0.025092335
4868.0,4868.0,0.44322896
4869.0,4869.0,0.79105675
4870.0,4870.0,0.22692885
4871.0,4871.0,0.01780269
4872.0,4872.0,0.02894663
4873.0,4873.0,0.026383068
4874.0,4874.0,0.10716308
4875.0,4875.0,0.07840675
4876.0,4876.0,0.027728304
4877.0,4877.0,0.07606878
4878.0,4878.0,0.027522681
4879.0,4879.0,0.72440076
4880.0,4880.0,0.024896812
4881.0,4881.0,0.030270087
4882.0,4882.0,0.14005613
4883.0,4883.0,0.016416138
4884.0,4884.0,0.041163422
4885.0,4885.0,0.024446242
4886.0,4886.0,0.015524319
4887.0,4887.0,0.010188295
4888.0,4888.0,0.70488715
4889.0,4889.0,0.0814559
4890.0,4890.0,0.017068991
4891.0,4891.0,0.7240901
4892.0,4892.0,0.017768757
4893.0,4893.0,0.018435135
4894.0,4894.0,0.67687196
4895.0,4895.0,0.013716687
4896.0,4896.0,0.07600648
4897.0,4897.0,0.013718735
4898.0,4898.0,0.004629704
4899.0,4899.0,0.062288523
4900.0,4900.0,0.0011145195
4901.0,4901.0,0.67473567
4902.0,4902.0,1.4257853E-4
4903.0,4903.0,0.5718243
4904.0,4904.0,0.29087964
4905.0,4905.0,0.17682087
4906.0,4906.0,0.4852533
4907.0,4907.0,0.039261103
4908.0,4908.0,0.77634025
4909.0,4909.0,0.10701625
4910.0,4910.0,0.007515233
4911.0,4911.0,0.0023468796
4912.0,4912.0,0.55612516
4913.0,4913.0,0.013818945
4914.0,4914.0,0.03559541
4915.0,4915.0,0.021136312
4916.0,4916.0,0.039203823
4917.0,4917.0,0.01721231
4918.0,4918.0,0.7962612
4919.0,4919.0,0.48853552
4920.0,4920.0,0.032292873
4921.0,4921.0,0.012077171
4922.0,4922.0,0.11792197
4923.0,4923.0,0.10111216
4924.0,4924.0,0.13450098
4925.0,4925.0,0.2873276
4926.0,4926.0,0.1439494
4927.0,4927.0,0.05056323
4928.0,4928.0,0.0038243197
4929.0,4929.0,0.0027626045
4930.0,4930.0,0.020526743
4931.0,4931.0,0.19696167
4932.0,4932.0,0.031180516
4933.0,4933.0,0.11936538
4934.0,4934.0,0.073537774
4935.0,4935.0,0.55424076
4936.0,4936.0,0.06415228
4937.0,4937.0,3.7646184E-6
4938.0,4938.0,0.5219734
4939.0,4939.0,0.47007972
4940.0,4940.0,8.128262E-4
4941.0,4941.0,5.8079822E-5
4942.0,4942.0,0.026821895
4943.0,4943.0,0.30101696
4944.0,4944.0,0.032255135
4945.0,4945.0,0.30399045
4946.0,4946.0,0.011631225
4947.0,4947.0,0.12318066
4948.0,4948.0,2.5052319E-5
4949.0,4949.0,0.008284722
4950.0,4950.0,0.115720056
4951.0,4951.0,0.38134518
4952.0,4952.0,0.7621532
4953.0,4953.0,0.06286546
4954.0,4954.0,0.5570953
4955.0,4955.0,0.11301586
4956.0,4956.0,0.03307989
4957.0,4957.0,0.011621785
4958.0,4958.0,0.059873424
4959.0,4959.0,0.144952
4960.0,4960.0,8.0125016E-4
4961.0,4961.0,0.16794597
4962.0,4962.0,0.14247487
4963.0,4963.0,0.011551809
4964.0,4964.0,0.062680416
4965.0,4965.0,0.042163018
4966.0,4966.0,0.008432399
4967.0,4967.0,1.405018E-4
4968.0,4968.0,0.61729956
4969.0,4969.0,0.023013752
4970.0,4970.0,1.1959595E-5
4971.0,4971.0,0.06406834
4972.0,4972.0,0.059307948
4973.0,4973.0,3.7761976E-5
4974.0,4974.0,0.42942876
4975.0,4975.0,0.040096547
4976.0,4976.0,0.083351165
4977.0,4977.0,0.11915113
4978.0,4978.0,0.02243134
4979.0,4979.0,1.43745E-5
4980.0,4980.0,0.09236591
4981.0,4981.0,0.042899247
4982.0,4982.0,0.5735784
4983.0,4983.0,0.009634743
4984.0,4984.0,0.09118578
4985.0,4985.0,0.015583305
4986.0,4986.0,0.11765114
4987.0,4987.0,0.010353368
4988.0,4988.0,0.0061379136
4989.0,4989.0,0.0139233535
4990.0,4990.0,0.1953804
4991.0,4991.0,0.16079882
4992.0,4992.0,0.03317349
4993.0,4993.0,0.08524806
4994.0,4994.0,0.07624516
4995.0,4995.0,0.15282232
4996.0,4996.0,0.7110823
4997.0,4997.0,0.06292706
4998.0,4998.0,0.062446572
4999.0,4999.0,0.046021707
5000.0,5000.0,0.08419054
5001.0,5001.0,2.9086543E-4
5002.0,5002.0,0.053283207
5003.0,5003.0,0.06462516
5004.0,5004.0,0.021806752
5005.0,5005.0,5.2368006E-4
5006.0,5006.0,2.7808801E-5
5007.0,5007.0,0.0146160545
5008.0,5008.0,0.09665499
5009.0,5009.0,9.8831006E-5
5010.0,5010.0,0.6716999
5011.0,5011.0,0.14346315
5012.0,5012.0,0.08384678
5013.0,5013.0,0.050465185
5014.0,5014.0,0.0011332878
5015.0,5015.0,0.68675816
5016.0,5016.0,0.0067845033
5017.0,5017.0,1.6356095E-4
5018.0,5018.0,0.20512345
5019.0,5019.0,0.77631354
5020.0,5020.0,1.6341744E-4
5021.0,5021.0,0.29245746
5022.0,5022.0,0.013676276
5023.0,5023.0,0.61624795
5024.0,5024.0,0.02819836
5025.0,5025.0,7.516636E-4
5026.0,5026.0,7.3383475E-5
5027.0,5027.0,0.02797267
5028.0,5028.0,0.015779862
5029.0,5029.0,0.0014254824
5030.0,5030.0,0.019977683
5031.0,5031.0,0.037056986
5032.0,5032.0,0.64238816
5033.0,5033.0,0.002761227
5034.0,5034.0,0.6649571
5035.0,5035.0,0.015291465
5036.0,5036.0,0.052156188
5037.0,5037.0,0.14311635
5038.0,5038.0,0.019282615
5039.0,5039.0,0.0062184664
5040.0,5040.0,0.04533747
5041.0,5041.0,0.06058659
5042.0,5042.0,0.08751764
5043.0,5043.0,0.037270427
5044.0,5044.0,4.1814383E-5
5045.0,5045.0,0.005461919
5046.0,5046.0,0.73528844
5047.0,5047.0,0.4030458
5048.0,5048.0,0.015191739
5049.0,5049.0,0.6227023
5050.0,5050.0,0.68640554
5051.0,5051.0,5.4119783E-4
5052.0,5052.0,0.1103427
5053.0,5053.0,0.021652123
5054.0,5054.0,0.0012813562
5055.0,5055.0,0.0029708277
5056.0,5056.0,0.026100712
5057.0,5057.0,0.025657034
5058.0,5058.0,0.02509231
5059.0,5059.0,0.0073298886
5060.0,5060.0,0.091268
5061.0,5061.0,8.6726627E-4
5062.0,5062.0,0.7062686
5063.0,5063.0,0.035053693
5064.0,5064.0,0.22044393
5065.0,5065.0,0.34685194
5066.0,5066.0,0.3988084
5067.0,5067.0,0.0766074
5068.0,5068.0,0.008920883
5069.0,5069.0,0.08172186
5070.0,5070.0,0.027825644
5071.0,5071.0,0.0022999193
5072.0,5072.0,0.73450696
5073.0,5073.0,0.0020646502
5074.0,5074.0,0.0059356396
5075.0,5075.0,0.018369103
5076.0,5076.0,0.007341114
5077.0,5077.0,0.7434415
5078.0,5078.0,0.46433502
5079.0,5079.0,0.38650987
5080.0,5080.0,0.02076622
5081.0,5081.0,0.0015335296
5082.0,5082.0,0.02535652
5083.0,5083.0,0.2947026
5084.0,5084.0,0.031632558
5085.0,5085.0,0.043644987
5086.0,5086.0,0.013575496
5087.0,5087.0,9.358748E-4
5088.0,5088.0,0.4149459
5089.0,5089.0,0.048096064
5090.0,5090.0,0.19977117
5091.0,5091.0,0.07931645
5092.0,5092.0,0.044174083
5093.0,5093.0,0.0104687195
5094.0,5094.0,0.003063688
5095.0,5095.0,0.046404976
5096.0,5096.0,0.04842609
5097.0,5097.0,0.09465641
5098.0,5098.0,4.282881E-4
5099.0,5099.0,0.040321715
5100.0,5100.0,0.017414192
5101.0,5101.0,0.027351944
5102.0,5102.0,0.012876609
5103.0,5103.0,3.600444E-4
5104.0,5104.0,0.8996762
5105.0,5105.0,0.061016575
5106.0,5106.0,2.2502862E-5
5107.0,5107.0,0.03781116
5108.0,5108.0,0.30045575
5109.0,5109.0,0.04579241
5110.0,5110.0,0.04667677
5111.0,5111.0,0.60423815
5112.0,5112.0,0.01821847
5113.0,5113.0,0.012819207
5114.0,5114.0,0.13604905
5115.0,5115.0,0.0029435568
5116.0,5116.0,0.009419997
5117.0,5117.0,0.53541476
5118.0,5118.0,0.015831087
5119.0,5119.0,0.2842618
5120.0,5120.0,0.8340764
5121.0,5121.0,0.012107142
5122.0,5122.0,0.7542552
5123.0,5123.0,0.5888971
5124.0,5124.0,0.010684835
5125.0,5125.0,0.0625365
5126.0,5126.0,0.12895656
5127.0,5127.0,0.0025898893
5128.0,5128.0,0.08048759
5129.0,5129.0,0.0010079227
5130.0,5130.0,2.5505084E-5
5131.0,5131.0,0.0012368673
5132.0,5132.0,0.014896046
5133.0,5133.0,2.623969E-4
5134.0,5134.0,0.28839016
5135.0,5135.0,0.042286616
5136.0,5136.0,0.016758779
5137.0,5137.0,0.0042409613
5138.0,5138.0,0.16033864
5139.0,5139.0,0.121607415
5140.0,5140.0,0.02082959
5141.0,5141.0,0.039380323
5142.0,5142.0,0.07650473
5143.0,5143.0,0.067470975
5144.0,5144.0,0.01730281
5145.0,5145.0,0.053406756
5146.0,5146.0,0.025948154
5147.0,5147.0,0.0025059017
5148.0,5148.0,0.11983742
5149.0,5149.0,0.025814183
5150.0,5150.0,0.0042723427
5151.0,5151.0,0.8187336
5152.0,5152.0,0.5857559
5153.0,5153.0,0.0025951345
5154.0,5154.0,0.008789035
5155.0,5155.0,0.0043233107
5156.0,5156.0,2.030271E-4
5157.0,5157.0,0.1252315
5158.0,5158.0,0.051981486
5159.0,5159.0,7.041102E-5
5160.0,5160.0,0.119599
5161.0,5161.0,0.008189004
5162.0,5162.0,9.78394E-4
5163.0,5163.0,0.117616184
5164.0,5164.0,0.0034407126
5165.0,5165.0,0.0043110703
5166.0,5166.0,0.025442556
5167.0,5167.0,0.61723393
5168.0,5168.0,0.60931027
5169.0,5169.0,0.027485963
5170.0,5170.0,0.025294349
5171.0,5171.0,0.79737496
5172.0,5172.0,0.57244253
5173.0,5173.0,0.0012312673
5174.0,5174.0,0.029283812
5175.0,5175.0,0.021684555
5176.0,5176.0,0.03528631
5177.0,5177.0,0.35693285
5178.0,5178.0,0.0055515897
5179.0,5179.0,0.014431958
5180.0,5180.0,0.6308925
5181.0,5181.0,0.1462064
5182.0,5182.0,0.011782869
5183.0,5183.0,0.12628216
5184.0,5184.0,5.7313684E-4
5185.0,5185.0,0.0049522277
5186.0,5186.0,0.6256496
5187.0,5187.0,0.020611884
5188.0,5188.0,0.028925233
5189.0,5189.0,0.3694221
5190.0,5190.0,0.8040347
5191.0,5191.0,0.04107521
5192.0,5192.0,0.05788634
5193.0,5193.0,0.18225777
5194.0,5194.0,0.036089025
5195.0,5195.0,0.14217421
5196.0,5196.0,0.7113344
5197.0,5197.0,0.012435996
5198.0,5198.0,0.024747467
5199.0,5199.0,0.038521636
5200.0,5200.0,0.123381674
5201.0,5201.0,0.0030898084
5202.0,5202.0,0.46517587
5203.0,5203.0,0.027940148
5204.0,5204.0,0.52340895
5205.0,5205.0,0.018426497
5206.0,5206.0,0.032910954
5207.0,5207.0,0.035168692
5208.0,5208.0,0.78087556
5209.0,5209.0,1.1284307E-4
5210.0,5210.0,0.04727413
5211.0,5211.0,0.026238577
5212.0,5212.0,0.05076631
5213.0,5213.0,0.0012362988
5214.0,5214.0,0.066663384
5215.0,5215.0,0.020448504
5216.0,5216.0,0.022402842
5217.0,5217.0,0.6753554
5218.0,5218.0,0.43808657
5219.0,5219.0,3.8861865E-4
5220.0,5220.0,0.56853265
5221.0,5221.0,0.546329
5222.0,5222.0,0.18713619
5223.0,5223.0,0.28413337
5224.0,5224.0,5.6450506E-5
5225.0,5225.0,0.011569618
5226.0,5226.0,0.049079094
5227.0,5227.0,0.06459147
5228.0,5228.0,1.354386E-4
5229.0,5229.0,0.03230737
5230.0,5230.0,0.042411376
5231.0,5231.0,0.074921325
5232.0,5232.0,0.10086132
5233.0,5233.0,0.5117945
5234.0,5234.0,0.11171114
5235.0,5235.0,0.571069
5236.0,5236.0,0.0111559555
5237.0,5237.0,0.010261643
5238.0,5238.0,1.0630014E-4
5239.0,5239.0,0.016088959
5240.0,5240.0,0.7512497
5241.0,5241.0,0.73028386
5242.0,5242.0,0.02592437
5243.0,5243.0,0.187488
5244.0,5244.0,1.6606996E-4
5245.0,5245.0,0.023965996
5246.0,5246.0,0.05683996
5247.0,5247.0,0.30097243
5248.0,5248.0,0.7588124
5249.0,5249.0,0.0066139093
5250.0,5250.0,0.08968345
5251.0,5251.0,0.39893293
5252.0,5252.0,0.376341
5253.0,5253.0,0.004558256
5254.0,5254.0,0.006321713
5255.0,5255.0,0.52114666
5256.0,5256.0,4.6959398E-5
5257.0,5257.0,0.79250544
5258.0,5258.0,0.06499842
5259.0,5259.0,0.7727777
5260.0,5260.0,0.10562911
5261.0,5261.0,0.1161863
5262.0,5262.0,0.64312845
5263.0,5263.0,0.014105118
5264.0,5264.0,0.020001324
5265.0,5265.0,0.070218876
5266.0,5266.0,0.16841006
5267.0,5267.0,0.0685538
5268.0,5268.0,0.6521461
5269.0,5269.0,0.42564127
5270.0,5270.0,0.067107394
5271.0,5271.0,0.007984132
5272.0,5272.0,0.5338589
5273.0,5273.0,0.595516
5274.0,5274.0,0.021866329
5275.0,5275.0,0.017112916
5276.0,5276.0,0.1365152
5277.0,5277.0,0.10221466
5278.0,5278.0,0.05851948
5279.0,5279.0,0.10887015
5280.0,5280.0,0.24967867
5281.0,5281.0,2.1206775E-4
5282.0,5282.0,0.046431784
5283.0,5283.0,1.1474866E-5
5284.0,5284.0,0.2860834
5285.0,5285.0,0.016601343
5286.0,5286.0,0.0011981981
5287.0,5287.0,8.6724394E-5
5288.0,5288.0,0.009744126
5289.0,5289.0,0.132745
5290.0,5290.0,0.45983607
5291.0,5291.0,0.21364428
5292.0,5292.0,0.0025639487
5293.0,5293.0,0.06211751
5294.0,5294.0,0.10642311
5295.0,5295.0,0.8939457
5296.0,5296.0,0.02964157
5297.0,5297.0,0.0010542955
5298.0,5298.0,0.004047962
5299.0,5299.0,0.0010839032
5300.0,5300.0,0.63103884
5301.0,5301.0,0.62613916
5302.0,5302.0,0.08251245
5303.0,5303.0,0.67333245
5304.0,5304.0,0.020728305
5305.0,5305.0,0.08737832
5306.0,5306.0,0.55797976
5307.0,5307.0,0.4617937
5308.0,5308.0,4.436622E-6
5309.0,5309.0,6.936439E-6
5310.0,5310.0,0.0056484113
5311.0,5311.0,0.10883375
5312.0,5312.0,0.17054224
5313.0,5313.0,0.017160378
5314.0,5314.0,0.011305025
5315.0,5315.0,0.7891367
5316.0,5316.0,0.007820963
5317.0,5317.0,0.009822787
5318.0,5318.0,0.019254904
5319.0,5319.0,0.680969
5320.0,5320.0,0.6233398
5321.0,5321.0,0.024522234
5322.0,5322.0,0.051837217
5323.0,5323.0,0.079665564
5324.0,5324.0,0.14034665
5325.0,5325.0,0.7919635
5326.0,5326.0,0.100673296
5327.0,5327.0,0.042802602
5328.0,5328.0,0.19837312
5329.0,5329.0,0.010343847
5330.0,5330.0,0.039609157
5331.0,5331.0,0.024115399
5332.0,5332.0,0.3605228
5333.0,5333.0,0.2669044
5334.0,5334.0,0.15729366
5335.0,5335.0,0.028224923
5336.0,5336.0,0.010537546
5337.0,5337.0,0.09534369
5338.0,5338.0,7.772963E-6
5339.0,5339.0,0.020269899
5340.0,5340.0,2.5289578E-4
5341.0,5341.0,0.58164483
5342.0,5342.0,0.0037801168
5343.0,5343.0,0.25888044
5344.0,5344.0,9.899291E-4
5345.0,5345.0,0.0069963294
5346.0,5346.0,0.0594712
5347.0,5347.0,0.025606494
5348.0,5348.0,0.005714866
5349.0,5349.0,0.20877755
5350.0,5350.0,0.032046877
5351.0,5351.0,0.09888842
5352.0,5352.0,0.06584324
5353.0,5353.0,0.6249604
5354.0,5354.0,0.034528185
5355.0,5355.0,0.16694716
5356.0,5356.0,0.0013606937
5357.0,5357.0,0.0748785
5358.0,5358.0,0.40583366
5359.0,5359.0,0.06820717
5360.0,5360.0,0.018883744
5361.0,5361.0,3.215782E-5
5362.0,5362.0,0.015807055
5363.0,5363.0,0.026969107
5364.0,5364.0,0.02010573
5365.0,5365.0,0.0436839
5366.0,5366.0,9.063766E-5
5367.0,5367.0,0.023751529
5368.0,5368.0,0.31346977
5369.0,5369.0,0.13695115
5370.0,5370.0,3.065541E-5
5371.0,5371.0,0.14490898
5372.0,5372.0,0.038765073
5373.0,5373.0,0.5559747
5374.0,5374.0,0.0013863598
5375.0,5375.0,0.681542
5376.0,5376.0,0.051152132
5377.0,5377.0,0.080245346
5378.0,5378.0,0.58742195
5379.0,5379.0,0.5781902
5380.0,5380.0,0.014124297
5381.0,5381.0,4.993224E-5
5382.0,5382.0,0.09194242
5383.0,5383.0,0.03389183
5384.0,5384.0,0.052266303
5385.0,5385.0,0.22779311
5386.0,5386.0,0.04533187
5387.0,5387.0,0.030306976
5388.0,5388.0,0.24293584
5389.0,5389.0,0.11982625
5390.0,5390.0,0.53964293
5391.0,5391.0,0.78954065
5392.0,5392.0,0.008173447
5393.0,5393.0,0.005061405
5394.0,5394.0,0.19026172
5395.0,5395.0,0.10430753
5396.0,5396.0,0.80520785
5397.0,5397.0,0.7685727
5398.0,5398.0,0.6533846
5399.0,5399.0,0.67763215
5400.0,5400.0,0.013909757
5401.0,5401.0,0.48940268
5402.0,5402.0,0.021732988
5403.0,5403.0,0.7391769
5404.0,5404.0,0.57162523
5405.0,5405.0,0.006670054
5406.0,5406.0,0.07697035
5407.0,5407.0,4.808228E-5
5408.0,5408.0,0.0015128313
5409.0,5409.0,0.042627428
5410.0,5410.0,0.02247745
5411.0,5411.0,0.0030120406
5412.0,5412.0,0.19137524
5413.0,5413.0,0.010595764
5414.0,5414.0,0.049524542
5415.0,5415.0,0.47060543
5416.0,5416.0,0.13407098
5417.0,5417.0,0.0017573946
5418.0,5418.0,0.017932443
5419.0,5419.0,0.085327365
5420.0,5420.0,0.017006857
5421.0,5421.0,0.26760352
5422.0,5422.0,0.1068725
5423.0,5423.0,3.656906E-6
5424.0,5424.0,0.01581179
5425.0,5425.0,0.036233835
5426.0,5426.0,0.12171399
5427.0,5427.0,0.2930615
5428.0,5428.0,0.028138973
5429.0,5429.0,0.04142958
5430.0,5430.0,0.29514867
5431.0,5431.0,0.08270776
5432.0,5432.0,0.7815095
5433.0,5433.0,1.01177524E-4
5434.0,5434.0,4.6699377E-5
5435.0,5435.0,5.614864E-4
5436.0,5436.0,0.051587652
5437.0,5437.0,4.2093257E-6
5438.0,5438.0,6.8390145E-5
5439.0,5439.0,0.009193384
5440.0,5440.0,0.061342865
5441.0,5441.0,0.14417511
5442.0,5442.0,0.11556044
5443.0,5443.0,0.48971966
5444.0,5444.0,0.104341105
5445.0,5445.0,0.6177288
5446.0,5446.0,0.56503934
5447.0,5447.0,0.14151876
5448.0,5448.0,0.023728326
5449.0,5449.0,0.041297123
5450.0,5450.0,0.12435024
5451.0,5451.0,0.7057508
5452.0,5452.0,0.0024332292
5453.0,5453.0,0.12786649
5454.0,5454.0,0.031534128
5455.0,5455.0,0.028603163
5456.0,5456.0,0.039056703
5457.0,5457.0,0.20614924
5458.0,5458.0,1.3960477E-5
5459.0,5459.0,5.057478E-5
5460.0,5460.0,0.06384748
5461.0,5461.0,0.079906836
5462.0,5462.0,0.018726539
5463.0,5463.0,0.028488029
5464.0,5464.0,0.16444385
5465.0,5465.0,0.007269396
5466.0,5466.0,0.04523721
5467.0,5467.0,0.086416595
5468.0,5468.0,0.13052882
5469.0,5469.0,0.0063209995
5470.0,5470.0,0.53141755
5471.0,5471.0,0.41650975
5472.0,5472.0,0.34211043
5473.0,5473.0,0.032436132
5474.0,5474.0,0.6933337
5475.0,5475.0,0.026907885
5476.0,5476.0,0.6243163
5477.0,5477.0,0.0077608763
5478.0,5478.0,6.2704794E-6
5479.0,5479.0,6.3899555E-5
5480.0,5480.0,0.002031421
5481.0,5481.0,0.02173987
5482.0,5482.0,0.030234352
5483.0,5483.0,0.030733358
5484.0,5484.0,1.0194924E-4
5485.0,5485.0,0.05467338
5486.0,5486.0,0.014545964
5487.0,5487.0,0.07558985
5488.0,5488.0,0.018436484
5489.0,5489.0,0.018770741
5490.0,5490.0,0.17574969
5491.0,5491.0,1.6852193E-5
5492.0,5492.0,0.021387232
5493.0,5493.0,0.10130495
5494.0,5494.0,0.8029672
5495.0,5495.0,0.16006023
5496.0,5496.0,0.39571145
5497.0,5497.0,0.5445009
5498.0,5498.0,0.03885034
5499.0,5499.0,0.026798256
5500.0,5500.0,0.15579605
5501.0,5501.0,0.0014242554
5502.0,5502.0,0.018316207
5503.0,5503.0,1.3775999E-5
5504.0,5504.0,0.03330354
5505.0,5505.0,0.71288073
5506.0,5506.0,0.04752507
5507.0,5507.0,0.60047084
5508.0,5508.0,0.17672744
5509.0,5509.0,0.19665788
5510.0,5510.0,0.046541672
5511.0,5511.0,0.15106525
5512.0,5512.0,0.025986472
5513.0,5513.0,1.9681561E-4
5514.0,5514.0,0.010587555
5515.0,5515.0,0.28848934
5516.0,5516.0,0.60436517
5517.0,5517.0,0.028084341
5518.0,5518.0,0.11772164
5519.0,5519.0,0.4147889
5520.0,5520.0,0.74931604
5521.0,5521.0,0.3417249
5522.0,5522.0,0.30412152
5523.0,5523.0,0.1443929
5524.0,5524.0,0.07777242
5525.0,5525.0,0.54517907
5526.0,5526.0,0.21316363
5527.0,5527.0,0.75029546
5528.0,5528.0,0.018435448
5529.0,5529.0,0.36176476
5530.0,5530.0,0.04168987
5531.0,5531.0,0.008756038
5532.0,5532.0,0.035429146
5533.0,5533.0,1.6043428E-4
5534.0,5534.0,0.0140700955
5535.0,5535.0,0.06277236
5536.0,5536.0,0.38846043
5537.0,5537.0,0.025896408
5538.0,5538.0,0.015409301
5539.0,5539.0,0.09129467
5540.0,5540.0,5.9147493E-4
5541.0,5541.0,0.017523048
5542.0,5542.0,0.7020613
5543.0,5543.0,0.01164967
5544.0,5544.0,0.009459797
5545.0,5545.0,0.14611058
5546.0,5546.0,0.020826098
5547.0,5547.0,0.10242036
5548.0,5548.0,0.21782786
5549.0,5549.0,0.20291887
5550.0,5550.0,0.037042577
5551.0,5551.0,0.0832381
5552.0,5552.0,0.030580152
5553.0,5553.0,0.07532114
5554.0,5554.0,6.080311E-6
5555.0,5555.0,0.0025598025
5556.0,5556.0,0.06333308
5557.0,5557.0,0.059120413
5558.0,5558.0,0.13978845
5559.0,5559.0,0.018765565
5560.0,5560.0,0.0027225658
5561.0,5561.0,0.09113727
5562.0,5562.0,0.014973911
5563.0,5563.0,5.993348E-4
5564.0,5564.0,0.051013853
5565.0,5565.0,0.66185933
5566.0,5566.0,0.107645355
5567.0,5567.0,0.68471503
5568.0,5568.0,8.7609614E-4
5569.0,5569.0,0.08042818
5570.0,5570.0,0.37029338
5571.0,5571.0,0.09604158
5572.0,5572.0,0.1417644
5573.0,5573.0,0.0045586918
5574.0,5574.0,0.16864789
5575.0,5575.0,0.13064794
5576.0,5576.0,0.5521325
5577.0,5577.0,0.5792214
5578.0,5578.0,0.7456285
5579.0,5579.0,0.41241252
5580.0,5580.0,0.015385035
5581.0,5581.0,0.42862907
5582.0,5582.0,4.5311335E-5
5583.0,5583.0,0.16195194
5584.0,5584.0,0.019208994
5585.0,5585.0,0.027655058
5586.0,5586.0,0.016056737
5587.0,5587.0,4.0071987E-5
5588.0,5588.0,0.09614044
5589.0,5589.0,7.350935E-5
5590.0,5590.0,0.035610303
5591.0,5591.0,0.631479
5592.0,5592.0,0.10451487
5593.0,5593.0,0.055208914
5594.0,5594.0,0.33905816
5595.0,5595.0,0.031711973
5596.0,5596.0,0.016028926
5597.0,5597.0,0.01988505
5598.0,5598.0,0.01049039
5599.0,5599.0,0.011414418
5600.0,5600.0,0.08679803
5601.0,5601.0,0.13337211
5602.0,5602.0,0.029493771
5603.0,5603.0,0.0023460146
5604.0,5604.0,0.75194633
5605.0,5605.0,0.14250256
5606.0,5606.0,0.7434505
5607.0,5607.0,0.00559403
5608.0,5608.0,0.34829178
5609.0,5609.0,0.087082565
5610.0,5610.0,0.61694443
5611.0,5611.0,0.035458006
5612.0,5612.0,0.11638939
5613.0,5613.0,0.08873356
5614.0,5614.0,0.09204112
5615.0,5615.0,1.1012302E-6
5616.0,5616.0,0.014420353
5617.0,5617.0,0.4610414
5618.0,5618.0,0.07378382
5619.0,5619.0,0.74431014
5620.0,5620.0,0.07791588
5621.0,5621.0,0.047177844
5622.0,5622.0,0.35854998
5623.0,5623.0,0.56380653
5624.0,5624.0,0.101582445
5625.0,5625.0,0.01159085
5626.0,5626.0,0.109601386
5627.0,5627.0,0.034573946
5628.0,5628.0,0.072530545
5629.0,5629.0,0.08966047
5630.0,5630.0,0.0016541826
5631.0,5631.0,0.037594825
5632.0,5632.0,0.5183377
5633.0,5633.0,0.017461147
5634.0,5634.0,0.07807585
5635.0,5635.0,3.461946E-5
5636.0,5636.0,0.038624637
5637.0,5637.0,0.22458857
5638.0,5638.0,0.007889221
5639.0,5639.0,0.37015286
5640.0,5640.0,0.1946457
5641.0,5641.0,0.03630416
5642.0,5642.0,0.12472261
5643.0,5643.0,0.5543882
5644.0,5644.0,7.641393E-4
5645.0,5645.0,0.046482183
5646.0,5646.0,0.21736151
5647.0,5647.0,0.23393506
5648.0,5648.0,0.029788818
5649.0,5649.0,0.035057835
5650.0,5650.0,0.1959582
5651.0,5651.0,0.17427981
5652.0,5652.0,0.008126351
5653.0,5653.0,0.020810585
5654.0,5654.0,0.0638073
5655.0,5655.0,0.086799465
5656.0,5656.0,0.049510453
5657.0,5657.0,0.6221412
5658.0,5658.0,5.6095283E-5
5659.0,5659.0,0.113910235
5660.0,5660.0,0.33268234
5661.0,5661.0,0.011908548
5662.0,5662.0,0.014668023
5663.0,5663.0,0.0105205905
5664.0,5664.0,0.065184206
5665.0,5665.0,0.061872635
5666.0,5666.0,0.017998544
5667.0,5667.0,0.13554855
5668.0,5668.0,0.024772437
5669.0,5669.0,0.08833285
5670.0,5670.0,0.32333732
5671.0,5671.0,0.24580452
5672.0,5672.0,0.27035344
5673.0,5673.0,4.948893E-5
5674.0,5674.0,0.06379554
5675.0,5675.0,0.0019323986
5676.0,5676.0,0.5670654
5677.0,5677.0,0.013860383
5678.0,5678.0,3.7658094E-5
5679.0,5679.0,0.042164035
5680.0,5680.0,0.8567193
5681.0,5681.0,1.4535444E-4
5682.0,5682.0,0.69596577
5683.0,5683.0,0.007826256
5684.0,5684.0,0.46081334
5685.0,5685.0,0.020175733
5686.0,5686.0,3.0135273E-4
5687.0,5687.0,0.02433345
5688.0,5688.0,0.034138646
5689.0,5689.0,0.7341848
5690.0,5690.0,0.07275096
5691.0,5691.0,0.58469313
5692.0,5692.0,0.04237527
5693.0,5693.0,0.73446053
5694.0,5694.0,0.0032750117
5695.0,5695.0,0.039283723
5696.0,5696.0,0.038196243
5697.0,5697.0,0.011709703
5698.0,5698.0,0.5530303
5699.0,5699.0,0.029199813
5700.0,5700.0,0.019695062
5701.0,5701.0,0.037141606
5702.0,5702.0,0.38890606
5703.0,5703.0,0.11935152
5704.0,5704.0,0.26062527
5705.0,5705.0,0.018365286
5706.0,5706.0,0.13479656
5707.0,5707.0,0.06512672
5708.0,5708.0,0.041518033
5709.0,5709.0,0.19947676
5710.0,5710.0,0.04684248
5711.0,5711.0,0.08518088
5712.0,5712.0,0.093677096
5713.0,5713.0,0.019097155
5714.0,5714.0,2.9708477E-5
5715.0,5715.0,0.49561527
5716.0,5716.0,0.06507155
5717.0,5717.0,0.06830418
5718.0,5718.0,0.13390584
5719.0,5719.0,0.09369563
5720.0,5720.0,0.5498279
5721.0,5721.0,0.02794192
5722.0,5722.0,0.041179255
5723.0,5723.0,0.012778576
5724.0,5724.0,4.1984467E-4
5725.0,5725.0,0.6538182
5726.0,5726.0,0.04525085
5727.0,5727.0,2.056989E-4
5728.0,5728.0,0.75643444
5729.0,5729.0,7.503279E-4
5730.0,5730.0,7.665623E-4
5731.0,5731.0,0.10472858
5732.0,5732.0,0.077486955
5733.0,5733.0,0.7519998
5734.0,5734.0,0.004967993
5735.0,5735.0,0.022122853
5736.0,5736.0,0.09026648
5737.0,5737.0,0.10909283
5738.0,5738.0,0.16809867
5739.0,5739.0,0.006453582
5740.0,5740.0,0.028495125
5741.0,5741.0,0.04710649
5742.0,5742.0,0.010384491
5743.0,5743.0,0.34523726
5744.0,5744.0,0.108670995
5745.0,5745.0,0.0024726866
5746.0,5746.0,0.14019266
5747.0,5747.0,0.04798202
5748.0,5748.0,0.027971042
5749.0,5749.0,0.11720564
5750.0,5750.0,0.69895697
5751.0,5751.0,0.043645147
5752.0,5752.0,0.021550037
5753.0,5753.0,0.048581243
5754.0,5754.0,1.5118232E-4
5755.0,5755.0,0.016208772
5756.0,5756.0,0.2014102
5757.0,5757.0,0.009591866
5758.0,5758.0,0.19109832
5759.0,5759.0,0.06498569
5760.0,5760.0,0.012440322
5761.0,5761.0,0.26155508
5762.0,5762.0,0.110360205
5763.0,5763.0,0.58061004
5764.0,5764.0,0.040776245
5765.0,5765.0,0.03662923
5766.0,5766.0,0.08551682
5767.0,5767.0,0.5697496
5768.0,5768.0,0.015754825
5769.0,5769.0,0.06443289
5770.0,5770.0,0.005212869
5771.0,5771.0,0.08915296
5772.0,5772.0,0.00432984
5773.0,5773.0,0.18431354
5774.0,5774.0,0.16463909
5775.0,5775.0,0.05629468
5776.0,5776.0,0.026427936
5777.0,5777.0,0.27340722
5778.0,5778.0,0.034574673
5779.0,5779.0,1.1728819E-4
5780.0,5780.0,0.5901764
5781.0,5781.0,0.060122967
5782.0,5782.0,0.0072173793
5783.0,5783.0,0.032750104
5784.0,5784.0,0.009573702
5785.0,5785.0,0.039578393
5786.0,5786.0,0.079693444
5787.0,5787.0,0.29079998
5788.0,5788.0,0.5960016
5789.0,5789.0,0.10385168
5790.0,5790.0,0.098164394
5791.0,5791.0,0.016304791
5792.0,5792.0,0.010887682
5793.0,5793.0,0.0040963
5794.0,5794.0,0.0061146375
5795.0,5795.0,0.6973008
5796.0,5796.0,0.19565015
5797.0,5797.0,0.0036567403
5798.0,5798.0,0.017489715
5799.0,5799.0,0.619473
5800.0,5800.0,0.05136663
5801.0,5801.0,0.0709912
5802.0,5802.0,0.13253126
5803.0,5803.0,0.063837305
5804.0,5804.0,0.15116973
5805.0,5805.0,0.11935187
5806.0,5806.0,0.08648733
5807.0,5807.0,0.013562633
5808.0,5808.0,2.8777458E-6
5809.0,5809.0,0.003759518
5810.0,5810.0,0.07211821
5811.0,5811.0,3.7283296E-4
5812.0,5812.0,0.014391151
5813.0,5813.0,0.19229735
5814.0,5814.0,0.06503544
5815.0,5815.0,0.022576248
5816.0,5816.0,0.02689859
5817.0,5817.0,0.034557644
5818.0,5818.0,0.02735653
5819.0,5819.0,0.32428688
5820.0,5820.0,0.042112827
5821.0,5821.0,3.9506045E-5
5822.0,5822.0,1.6855897E-4
5823.0,5823.0,0.044222727
5824.0,5824.0,0.018845012
5825.0,5825.0,0.026943464
5826.0,5826.0,0.069731414
5827.0,5827.0,0.022471314
5828.0,5828.0,0.035939824
5829.0,5829.0,0.28709614
5830.0,5830.0,0.042663343
5831.0,5831.0,0.60753053
5832.0,5832.0,0.05940042
5833.0,5833.0,0.021950789
5834.0,5834.0,0.016869666
5835.0,5835.0,0.06349595
5836.0,5836.0,0.026109999
5837.0,5837.0,0.7974692
5838.0,5838.0,0.20877323
5839.0,5839.0,0.57102746
5840.0,5840.0,4.8204252E-5
5841.0,5841.0,0.47845346
5842.0,5842.0,0.0028547961
5843.0,5843.0,0.03190194
5844.0,5844.0,0.2192156
5845.0,5845.0,0.057203
5846.0,5846.0,0.005305036
5847.0,5847.0,0.2800617
5848.0,5848.0,0.08787547
5849.0,5849.0,0.1457898
5850.0,5850.0,0.053950943
5851.0,5851.0,0.054649223
5852.0,5852.0,1.5993284E-4
5853.0,5853.0,0.010378089
5854.0,5854.0,0.6887832
5855.0,5855.0,0.031063132
5856.0,5856.0,0.6094563
5857.0,5857.0,0.58702815
5858.0,5858.0,0.07613275
5859.0,5859.0,0.70577776
5860.0,5860.0,0.028969228
5861.0,5861.0,0.0033050524
5862.0,5862.0,5.9489325E-6
5863.0,5863.0,0.03597641
5864.0,5864.0,0.23571058
5865.0,5865.0,0.1217743
5866.0,5866.0,0.07309279
5867.0,5867.0,0.070970625
5868.0,5868.0,0.17142272
5869.0,5869.0,0.002735225
5870.0,5870.0,0.005359027
5871.0,5871.0,0.007355786
5872.0,5872.0,0.020992601
5873.0,5873.0,0.27053484
5874.0,5874.0,0.7246866
5875.0,5875.0,0.012908535
5876.0,5876.0,4.2664374E-6
5877.0,5877.0,3.7468702E-4
5878.0,5878.0,0.002450223
5879.0,5879.0,0.012109724
5880.0,5880.0,0.08226004
5881.0,5881.0,0.45984718
5882.0,5882.0,3.838012E-5
5883.0,5883.0,0.022501767
5884.0,5884.0,0.012791697
5885.0,5885.0,0.057576958
5886.0,5886.0,0.5163913
5887.0,5887.0,0.6889471
5888.0,5888.0,0.0069083525
5889.0,5889.0,0.0012816545
5890.0,5890.0,0.81987053
5891.0,5891.0,0.380282
5892.0,5892.0,0.032073442
5893.0,5893.0,0.061517395
5894.0,5894.0,0.031613167
5895.0,5895.0,0.24003813
5896.0,5896.0,0.37383878
5897.0,5897.0,0.010391047
5898.0,5898.0,0.009234923
5899.0,5899.0,0.0018462626
5900.0,5900.0,0.013764099
5901.0,5901.0,0.09717347
5902.0,5902.0,0.011555218
5903.0,5903.0,0.083053105
5904.0,5904.0,2.9158063E-4
5905.0,5905.0,0.024115838
5906.0,5906.0,0.05675624
5907.0,5907.0,0.012435301
5908.0,5908.0,0.6458378
5909.0,5909.0,0.08846742
5910.0,5910.0,0.014891959
5911.0,5911.0,0.16207498
5912.0,5912.0,0.048046317
5913.0,5913.0,0.48341978
5914.0,5914.0,0.016312672
5915.0,5915.0,0.13617468
5916.0,5916.0,0.32110602
5917.0,5917.0,0.65106046
5918.0,5918.0,0.0027490265
5919.0,5919.0,0.022304239
5920.0,5920.0,0.007266903
5921.0,5921.0,0.04587226
5922.0,5922.0,0.07747333
5923.0,5923.0,0.031032883
5924.0,5924.0,0.7564646
5925.0,5925.0,0.39178422
5926.0,5926.0,0.1631774
5927.0,5927.0,1.5687845E-4
5928.0,5928.0,0.12528802
5929.0,5929.0,0.023492077
5930.0,5930.0,0.714883
5931.0,5931.0,0.65351063
5932.0,5932.0,0.11114775
5933.0,5933.0,0.07383505
5934.0,5934.0,0.22993864
5935.0,5935.0,0.104941905
5936.0,5936.0,0.008965839
5937.0,5937.0,0.7125821
5938.0,5938.0,0.02778555
5939.0,5939.0,0.020610139
5940.0,5940.0,0.08207726
5941.0,5941.0,0.0013427893
5942.0,5942.0,0.0263176
5943.0,5943.0,0.09881878
5944.0,5944.0,0.018715944
5945.0,5945.0,0.61645675
5946.0,5946.0,0.09848766
5947.0,5947.0,0.04846499
5948.0,5948.0,0.069305226
5949.0,5949.0,0.02615188
5950.0,5950.0,0.0011038866
5951.0,5951.0,0.08295448
5952.0,5952.0,0.671788
5953.0,5953.0,0.047036443
5954.0,5954.0,0.0061457856
5955.0,5955.0,0.102752425
5956.0,5956.0,0.31921887
5957.0,5957.0,0.009523714
5958.0,5958.0,1.51627155E-5
5959.0,5959.0,0.019520616
5960.0,5960.0,0.056616317
5961.0,5961.0,0.07440722
5962.0,5962.0,0.5775076
5963.0,5963.0,0.005752727
5964.0,5964.0,0.024859859
5965.0,5965.0,0.76711816
5966.0,5966.0,0.11491948
5967.0,5967.0,0.013803051
5968.0,5968.0,0.66003555
5969.0,5969.0,0.076247655
5970.0,5970.0,0.04409966
5971.0,5971.0,0.6179533
5972.0,5972.0,2.538617E-4
5973.0,5973.0,0.015198374
5974.0,5974.0,0.011504229
5975.0,5975.0,0.12956385
5976.0,5976.0,0.045021493
5977.0,5977.0,0.087691784
5978.0,5978.0,0.06253339
5979.0,5979.0,0.40338653
5980.0,5980.0,0.0038839548
5981.0,5981.0,0.07651245
5982.0,5982.0,0.052470986
5983.0,5983.0,0.021704622
5984.0,5984.0,0.17218198
5985.0,5985.0,0.65067196
5986.0,5986.0,0.3051834
5987.0,5987.0,0.0013257981
5988.0,5988.0,0.043201614
5989.0,5989.0,0.33944136
5990.0,5990.0,0.5992031
5991.0,5991.0,0.0018727775
5992.0,5992.0,0.06256821
5993.0,5993.0,0.6094362
5994.0,5994.0,0.0019643977
5995.0,5995.0,0.0010723578
5996.0,5996.0,0.019457195
5997.0,5997.0,0.0055673663
5998.0,5998.0,0.028560936
5999.0,5999.0,0.38574165
6000.0,6000.0,0.094157636
6001.0,6001.0,0.6160985
6002.0,6002.0,1.1895873E-5
6003.0,6003.0,0.029776845
6004.0,6004.0,0.049596835
6005.0,6005.0,0.7402448
6006.0,6006.0,0.037147768
6007.0,6007.0,0.009396715
6008.0,6008.0,0.042829018
6009.0,6009.0,0.01114371
6010.0,6010.0,0.07820399
6011.0,6011.0,0.095985666
6012.0,6012.0,0.6147768
6013.0,6013.0,0.024421731
6014.0,6014.0,0.15527429
6015.0,6015.0,0.12891965
6016.0,6016.0,0.061410114
6017.0,6017.0,0.031003926
6018.0,6018.0,0.15591086
6019.0,6019.0,0.18616831
6020.0,6020.0,0.6056753
6021.0,6021.0,0.4128115
6022.0,6022.0,2.0033376E-5
6023.0,6023.0,0.045486465
6024.0,6024.0,0.21304049
6025.0,6025.0,0.03568211
6026.0,6026.0,0.048472464
6027.0,6027.0,0.0023934082
6028.0,6028.0,0.0070591187
6029.0,6029.0,0.24607629
6030.0,6030.0,0.08494291
6031.0,6031.0,0.15449557
6032.0,6032.0,0.02995265
6033.0,6033.0,0.58017427
6034.0,6034.0,0.5242207
6035.0,6035.0,0.013034712
6036.0,6036.0,0.16136265
6037.0,6037.0,0.452491
6038.0,6038.0,0.02250088
6039.0,6039.0,0.1407339
6040.0,6040.0,0.08670734
6041.0,6041.0,0.01678312
6042.0,6042.0,0.1357264
6043.0,6043.0,0.05887631
6044.0,6044.0,0.13302164
6045.0,6045.0,0.027548559
6046.0,6046.0,0.21581814
6047.0,6047.0,3.977438E-6
6048.0,6048.0,0.6225653
6049.0,6049.0,0.8373359
6050.0,6050.0,0.2106701
6051.0,6051.0,0.008914081
6052.0,6052.0,0.49731675
6053.0,6053.0,0.20858292
6054.0,6054.0,0.017448891
6055.0,6055.0,0.14558513
6056.0,6056.0,0.05906425
6057.0,6057.0,0.018536486
6058.0,6058.0,0.021886958
6059.0,6059.0,0.2366506
6060.0,6060.0,0.71234995
6061.0,6061.0,0.74827427
6062.0,6062.0,0.01571184
6063.0,6063.0,6.39891E-5
6064.0,6064.0,0.7338427
6065.0,6065.0,0.025992744
6066.0,6066.0,0.0010739942
6067.0,6067.0,0.036364477
6068.0,6068.0,0.19451192
6069.0,6069.0,0.023781033
6070.0,6070.0,0.09922453
6071.0,6071.0,0.21886036
6072.0,6072.0,0.012870845
6073.0,6073.0,0.016057132
6074.0,6074.0,0.32266703
6075.0,6075.0,0.09439103
6076.0,6076.0,0.04636022
6077.0,6077.0,0.077856176
6078.0,6078.0,0.74423057
6079.0,6079.0,0.031015757
6080.0,6080.0,1.1643473E-5
6081.0,6081.0,0.3702395
6082.0,6082.0,0.010132253
6083.0,6083.0,0.022780461
6084.0,6084.0,0.1320671
6085.0,6085.0,0.10551159
6086.0,6086.0,0.040074024
6087.0,6087.0,0.007878233
6088.0,6088.0,0.042088684
6089.0,6089.0,0.0102386195
6090.0,6090.0,0.041317582
6091.0,6091.0,0.052374788
6092.0,6092.0,0.02641315
6093.0,6093.0,0.025408817
6094.0,6094.0,0.010310814
6095.0,6095.0,0.03374543
6096.0,6096.0,0.011331532
6097.0,6097.0,0.0012088004
6098.0,6098.0,8.4652123E-4
6099.0,6099.0,0.164551
6100.0,6100.0,0.0037945479
6101.0,6101.0,0.013792359
6102.0,6102.0,0.064282835
6103.0,6103.0,0.013009423
6104.0,6104.0,0.21554042
6105.0,6105.0,0.25968653
6106.0,6106.0,1.192377E-4
6107.0,6107.0,0.008564221
6108.0,6108.0,0.6650385
6109.0,6109.0,0.7278451
6110.0,6110.0,0.022438519
6111.0,6111.0,0.14172444
6112.0,6112.0,0.022186007
6113.0,6113.0,0.01808516
6114.0,6114.0,0.07659181
6115.0,6115.0,0.583739
6116.0,6116.0,1.03127575E-4
6117.0,6117.0,0.053810965
6118.0,6118.0,0.79055494
6119.0,6119.0,0.0011877919
6120.0,6120.0,0.026470348
6121.0,6121.0,8.7407196E-4
6122.0,6122.0,0.07217317
6123.0,6123.0,4.2934695E-4
6124.0,6124.0,0.13609694
6125.0,6125.0,0.17366046
6126.0,6126.0,0.29031688
6127.0,6127.0,0.06793608
6128.0,6128.0,0.2477062
6129.0,6129.0,0.021758255
6130.0,6130.0,0.06073659
6131.0,6131.0,0.59266174
6132.0,6132.0,0.036691047
6133.0,6133.0,0.08429227
6134.0,6134.0,0.023774466
6135.0,6135.0,0.00216576
6136.0,6136.0,0.61028785
6137.0,6137.0,0.039209783
6138.0,6138.0,0.08552859
6139.0,6139.0,7.4739773E-6
6140.0,6140.0,0.00879254
6141.0,6141.0,0.08694703
6142.0,6142.0,0.036221907
6143.0,6143.0,0.18051958
6144.0,6144.0,0.020903
6145.0,6145.0,0.094075754
6146.0,6146.0,0.82844913
6147.0,6147.0,0.0064415303
6148.0,6148.0,0.13717164
6149.0,6149.0,0.016407225
6150.0,6150.0,0.6549337
6151.0,6151.0,9.470318E-4
6152.0,6152.0,0.04492336
6153.0,6153.0,0.7967753
6154.0,6154.0,0.5810322
6155.0,6155.0,0.061288703
6156.0,6156.0,0.097870395
6157.0,6157.0,0.0067294077
6158.0,6158.0,0.0025636049
6159.0,6159.0,0.15108912
6160.0,6160.0,0.021838307
6161.0,6161.0,1.3590883E-4
6162.0,6162.0,0.058857772
6163.0,6163.0,0.04274801
6164.0,6164.0,0.13494036
6165.0,6165.0,0.078259625
6166.0,6166.0,0.013000228
6167.0,6167.0,0.6953794
6168.0,6168.0,0.15354732
6169.0,6169.0,0.30239758
6170.0,6170.0,0.032136165
6171.0,6171.0,0.0031963852
6172.0,6172.0,0.01116894
6173.0,6173.0,0.067092605
6174.0,6174.0,0.0075489674
6175.0,6175.0,0.0065045333
6176.0,6176.0,0.11942797
6177.0,6177.0,0.110634185
6178.0,6178.0,0.031435758
6179.0,6179.0,0.028468998
6180.0,6180.0,0.04061355
6181.0,6181.0,0.044084463
6182.0,6182.0,0.08064149
6183.0,6183.0,0.54475385
6184.0,6184.0,0.43877062
6185.0,6185.0,2.110643E-5
6186.0,6186.0,0.14665613
6187.0,6187.0,0.85718846
6188.0,6188.0,0.081609644
6189.0,6189.0,0.43626657
6190.0,6190.0,3.150133E-5
6191.0,6191.0,0.033187084
6192.0,6192.0,0.0041033914
6193.0,6193.0,8.64007E-5
6194.0,6194.0,0.08156496
6195.0,6195.0,0.30759338
6196.0,6196.0,0.026535926
6197.0,6197.0,2.6413118E-5
6198.0,6198.0,0.116765134
6199.0,6199.0,0.024868133
6200.0,6200.0,0.102374755
6201.0,6201.0,0.07179801
6202.0,6202.0,0.12237542
6203.0,6203.0,0.0016475762
6204.0,6204.0,0.58996207
6205.0,6205.0,0.045056283
6206.0,6206.0,0.01875362
6207.0,6207.0,0.25727585
6208.0,6208.0,0.00870461
6209.0,6209.0,0.02267734
6210.0,6210.0,0.10089829
6211.0,6211.0,0.010792351
6212.0,6212.0,0.032447137
6213.0,6213.0,0.841329
6214.0,6214.0,0.031626463
6215.0,6215.0,0.028098682
6216.0,6216.0,0.36492944
6217.0,6217.0,0.07114771
6218.0,6218.0,0.04727457
6219.0,6219.0,0.0013570299
6220.0,6220.0,0.6626852
6221.0,6221.0,0.0118568
6222.0,6222.0,0.08572729
6223.0,6223.0,0.10288768
6224.0,6224.0,0.013836237
6225.0,6225.0,0.5278075
6226.0,6226.0,0.08911647
6227.0,6227.0,0.03257398
6228.0,6228.0,0.23466787
6229.0,6229.0,0.11962186
6230.0,6230.0,0.0018650441
6231.0,6231.0,0.02530865
6232.0,6232.0,0.23839678
6233.0,6233.0,0.17938946
6234.0,6234.0,0.10259174
6235.0,6235.0,0.0068003554
6236.0,6236.0,1.9404713E-4
6237.0,6237.0,0.019447263
6238.0,6238.0,0.1765866
6239.0,6239.0,0.029930722
6240.0,6240.0,1.8558374E-5
6241.0,6241.0,0.023683656
6242.0,6242.0,0.21404585
6243.0,6243.0,0.017798096
6244.0,6244.0,0.051540576
6245.0,6245.0,0.030709356
6246.0,6246.0,0.017178664
6247.0,6247.0,0.74391377
6248.0,6248.0,0.7215196
6249.0,6249.0,0.3327304
6250.0,6250.0,2.6607502E-4
6251.0,6251.0,0.0058824793
6252.0,6252.0,0.072438255
6253.0,6253.0,0.10024428
6254.0,6254.0,0.081983306
6255.0,6255.0,0.087401964
6256.0,6256.0,0.0051420038
6257.0,6257.0,0.65184563
6258.0,6258.0,0.032686472
6259.0,6259.0,0.028588898
6260.0,6260.0,0.0030423454
6261.0,6261.0,0.035514213
6262.0,6262.0,0.022285674
6263.0,6263.0,0.066324115
6264.0,6264.0,0.028210022
6265.0,6265.0,0.021054445
6266.0,6266.0,0.11935331
6267.0,6267.0,0.11342202
6268.0,6268.0,0.017543282
6269.0,6269.0,0.03736903
6270.0,6270.0,0.23020609
6271.0,6271.0,0.22028168
6272.0,6272.0,0.027692085
6273.0,6273.0,0.01661572
6274.0,6274.0,0.32247087
6275.0,6275.0,0.066167906
6276.0,6276.0,0.095087536
6277.0,6277.0,0.07613386
6278.0,6278.0,0.12483247
6279.0,6279.0,0.040396497
6280.0,6280.0,4.7392523E-6
6281.0,6281.0,0.42923218
6282.0,6282.0,0.0049338546
6283.0,6283.0,0.023517506
6284.0,6284.0,0.03332035
6285.0,6285.0,0.011945854
6286.0,6286.0,0.007934855
6287.0,6287.0,0.09100536
6288.0,6288.0,1.943555E-5
6289.0,6289.0,0.0054392917
6290.0,6290.0,0.0315573
6291.0,6291.0,0.013554163
6292.0,6292.0,0.0013882166
6293.0,6293.0,0.019509014
6294.0,6294.0,0.019442603
6295.0,6295.0,0.009036612
6296.0,6296.0,0.639928
6297.0,6297.0,0.03744154
6298.0,6298.0,0.8290214
6299.0,6299.0,3.813129E-5
6300.0,6300.0,0.004542752
6301.0,6301.0,0.20802933
6302.0,6302.0,0.63473284
6303.0,6303.0,0.11792555
6304.0,6304.0,0.30300128
6305.0,6305.0,0.4785318
6306.0,6306.0,0.75415915
6307.0,6307.0,0.45900327
6308.0,6308.0,0.045699842
6309.0,6309.0,0.011937805
6310.0,6310.0,0.016417587
6311.0,6311.0,0.63222027
6312.0,6312.0,0.027252767
6313.0,6313.0,0.0352419
6314.0,6314.0,0.8342135
6315.0,6315.0,0.033486463
6316.0,6316.0,0.11654705
6317.0,6317.0,0.011271924
6318.0,6318.0,0.00456499
6319.0,6319.0,0.12842774
6320.0,6320.0,0.57733864
6321.0,6321.0,0.089031994
6322.0,6322.0,1.8998029E-4
6323.0,6323.0,0.74068534
6324.0,6324.0,0.65250385
6325.0,6325.0,0.07374826
6326.0,6326.0,0.028712321
6327.0,6327.0,3.6726E-5
6328.0,6328.0,0.34258404
6329.0,6329.0,0.5345986
6330.0,6330.0,0.53456104
6331.0,6331.0,0.17045395
6332.0,6332.0,0.76317143
6333.0,6333.0,0.654567
6334.0,6334.0,0.07416884
6335.0,6335.0,0.006066336
6336.0,6336.0,0.030713415
6337.0,6337.0,0.6234189
6338.0,6338.0,0.23368697
6339.0,6339.0,0.19053304
6340.0,6340.0,0.08921266
6341.0,6341.0,2.1897149E-4
6342.0,6342.0,0.10669557
6343.0,6343.0,0.0017995189
6344.0,6344.0,0.06440778
6345.0,6345.0,0.03399462
6346.0,6346.0,1.510154E-4
6347.0,6347.0,0.0474448
6348.0,6348.0,8.991029E-4
6349.0,6349.0,5.028658E-4
6350.0,6350.0,0.13062845
6351.0,6351.0,0.04232228
6352.0,6352.0,0.53060526
6353.0,6353.0,0.090289965
6354.0,6354.0,0.02243473
6355.0,6355.0,0.06700385
6356.0,6356.0,0.02530152
6357.0,6357.0,0.49256155
6358.0,6358.0,0.54747635
6359.0,6359.0,0.05489187
6360.0,6360.0,1.6518277E-5
6361.0,6361.0,0.059035238
6362.0,6362.0,0.75052315
6363.0,6363.0,0.13797003
6364.0,6364.0,0.5269113
6365.0,6365.0,4.705561E-6
6366.0,6366.0,0.057596568
6367.0,6367.0,0.058489397
6368.0,6368.0,0.033092212
6369.0,6369.0,0.020512355
6370.0,6370.0,0.20467147
6371.0,6371.0,0.0146558555
6372.0,6372.0,0.016748548
6373.0,6373.0,4.3277006E-4
6374.0,6374.0,0.39257783
6375.0,6375.0,0.0020922713
6376.0,6376.0,0.01854645
6377.0,6377.0,0.042768132
6378.0,6378.0,0.6453484
6379.0,6379.0,0.12891804
6380.0,6380.0,0.013312433
6381.0,6381.0,0.3092027
6382.0,6382.0,0.003158092
6383.0,6383.0,0.8335292
6384.0,6384.0,0.11841061
6385.0,6385.0,0.717512
6386.0,6386.0,0.028370973
6387.0,6387.0,0.022451526
6388.0,6388.0,0.05883159
6389.0,6389.0,0.44609934
6390.0,6390.0,0.6010642
6391.0,6391.0,0.3377352
6392.0,6392.0,0.029830795
6393.0,6393.0,0.04543509
6394.0,6394.0,0.015412405
6395.0,6395.0,0.09524713
6396.0,6396.0,0.012667309
6397.0,6397.0,0.70519334
6398.0,6398.0,0.10972225
6399.0,6399.0,0.027622601
6400.0,6400.0,0.07046008
6401.0,6401.0,0.044147283
6402.0,6402.0,9.662263E-4
6403.0,6403.0,0.012527962
6404.0,6404.0,0.46928176
6405.0,6405.0,0.018545657
6406.0,6406.0,0.008495049
6407.0,6407.0,0.0032169777
6408.0,6408.0,0.049254026
6409.0,6409.0,0.18198372
6410.0,6410.0,5.56646E-4
6411.0,6411.0,0.012330342
6412.0,6412.0,0.76738805
6413.0,6413.0,0.06647872
6414.0,6414.0,0.002368859
6415.0,6415.0,0.025336446
6416.0,6416.0,6.9676834E-4
6417.0,6417.0,0.07383655
6418.0,6418.0,0.60076606
6419.0,6419.0,0.29487568
6420.0,6420.0,0.01554
6421.0,6421.0,0.02190733
6422.0,6422.0,0.0068885037
6423.0,6423.0,0.037544154
6424.0,6424.0,0.12456484
6425.0,6425.0,0.26491776
6426.0,6426.0,0.029940085
6427.0,6427.0,0.0163545
6428.0,6428.0,0.82024497
6429.0,6429.0,0.026196903
6430.0,6430.0,0.08837332
6431.0,6431.0,0.5936715
6432.0,6432.0,0.13704498
6433.0,6433.0,0.09645885
6434.0,6434.0,0.030252948
6435.0,6435.0,0.7442468
6436.0,6436.0,0.23317422
6437.0,6437.0,0.4627974
6438.0,6438.0,0.029681835
6439.0,6439.0,0.6657034
6440.0,6440.0,0.12767622
6441.0,6441.0,0.031096289
6442.0,6442.0,0.006341222
6443.0,6443.0,0.06465481
6444.0,6444.0,0.09222731
6445.0,6445.0,0.25808704
6446.0,6446.0,0.05730347
6447.0,6447.0,0.66624635
6448.0,6448.0,0.013358979
6449.0,6449.0,0.056069765
6450.0,6450.0,0.12998399
6451.0,6451.0,0.32166246
6452.0,6452.0,1.6970985E-4
6453.0,6453.0,0.714813
6454.0,6454.0,0.28784138
6455.0,6455.0,0.12838884
6456.0,6456.0,0.7499896
6457.0,6457.0,0.10691681
6458.0,6458.0,0.7664389
6459.0,6459.0,0.013885187
6460.0,6460.0,0.17729375
6461.0,6461.0,0.11505805
6462.0,6462.0,0.008525624
6463.0,6463.0,0.6480955
6464.0,6464.0,0.1333685
6465.0,6465.0,0.017802417
6466.0,6466.0,0.07280416
6467.0,6467.0,1.9710469E-4
6468.0,6468.0,0.14231011
6469.0,6469.0,0.66512793
6470.0,6470.0,0.17432474
6471.0,6471.0,0.07511855
6472.0,6472.0,0.11255241
6473.0,6473.0,0.09882511
6474.0,6474.0,0.024956563
6475.0,6475.0,0.040126678
6476.0,6476.0,0.016413653
6477.0,6477.0,0.1486886
6478.0,6478.0,0.14057878
6479.0,6479.0,0.039427657
6480.0,6480.0,0.0267561
6481.0,6481.0,0.80739427
6482.0,6482.0,0.695422
6483.0,6483.0,0.095933676
6484.0,6484.0,0.42058173
6485.0,6485.0,0.38540116
6486.0,6486.0,0.045394
6487.0,6487.0,0.0057154377
6488.0,6488.0,0.70998037
6489.0,6489.0,1.18960525E-4
6490.0,6490.0,0.010448559
6491.0,6491.0,0.50820845
6492.0,6492.0,0.10140275
6493.0,6493.0,0.026767144
6494.0,6494.0,0.037039936
6495.0,6495.0,0.52592933
6496.0,6496.0,0.10008104
6497.0,6497.0,0.047175445
6498.0,6498.0,0.04042427
6499.0,6499.0,0.085513264
6500.0,6500.0,0.061394013
6501.0,6501.0,0.28851756
6502.0,6502.0,0.16679232
6503.0,6503.0,0.017008653
6504.0,6504.0,0.0500039
6505.0,6505.0,1.3718374E-4
6506.0,6506.0,1.2943454E-4
6507.0,6507.0,0.043376643
6508.0,6508.0,0.67378247
6509.0,6509.0,0.013580164
6510.0,6510.0,0.06993742
6511.0,6511.0,0.14310977
6512.0,6512.0,0.05734803
6513.0,6513.0,0.05764653
6514.0,6514.0,0.06837038
6515.0,6515.0,0.8213591
6516.0,6516.0,0.5945748
6517.0,6517.0,0.046342466
6518.0,6518.0,0.03345515
6519.0,6519.0,0.03934638
6520.0,6520.0,0.4386626
6521.0,6521.0,9.365722E-6
6522.0,6522.0,0.80322963
6523.0,6523.0,0.1968091
6524.0,6524.0,0.043484654
6525.0,6525.0,0.60882443
6526.0,6526.0,0.13334142
6527.0,6527.0,0.07021868
6528.0,6528.0,0.7673293
6529.0,6529.0,0.014609102
6530.0,6530.0,0.6520737
6531.0,6531.0,0.14465646
6532.0,6532.0,0.0069671795
6533.0,6533.0,0.09830162
6534.0,6534.0,1.02485326E-4
6535.0,6535.0,0.07024578
6536.0,6536.0,0.37644327
6537.0,6537.0,0.2753476
6538.0,6538.0,0.022646863
6539.0,6539.0,0.25016636
6540.0,6540.0,0.13182174
6541.0,6541.0,0.05208794
6542.0,6542.0,0.8603552
6543.0,6543.0,0.068690985
6544.0,6544.0,0.44666913
6545.0,6545.0,0.08551089
6546.0,6546.0,0.01889937
6547.0,6547.0,0.023309255
6548.0,6548.0,0.005086254
6549.0,6549.0,0.031279195
6550.0,6550.0,0.044766933
6551.0,6551.0,0.0029085025
6552.0,6552.0,5.9154718E-5
6553.0,6553.0,0.09420608
6554.0,6554.0,0.0036910954
6555.0,6555.0,2.1997257E-4
6556.0,6556.0,0.31508684
6557.0,6557.0,7.636637E-5
6558.0,6558.0,0.046495657
6559.0,6559.0,0.034049917
6560.0,6560.0,0.008891335
6561.0,6561.0,0.020191306
6562.0,6562.0,0.37980467
6563.0,6563.0,1.5285074E-4
6564.0,6564.0,0.14816725
6565.0,6565.0,0.20480038
6566.0,6566.0,0.08268817
6567.0,6567.0,3.357484E-5
6568.0,6568.0,0.024045883
6569.0,6569.0,0.015149454
6570.0,6570.0,0.64746356
6571.0,6571.0,0.015483163
6572.0,6572.0,1.7433589E-4
6573.0,6573.0,0.0023115138
6574.0,6574.0,0.046386123
6575.0,6575.0,0.12645057
6576.0,6576.0,0.7669811
6577.0,6577.0,0.05789672
6578.0,6578.0,0.04178837
6579.0,6579.0,0.75306064
6580.0,6580.0,0.015542116
6581.0,6581.0,0.034817237
6582.0,6582.0,0.032152202
6583.0,6583.0,0.008766963
6584.0,6584.0,0.037113845
6585.0,6585.0,0.105724595
6586.0,6586.0,0.45110288
6587.0,6587.0,0.03358891
6588.0,6588.0,0.09116921
6589.0,6589.0,0.0018725648
6590.0,6590.0,1.711422E-4
6591.0,6591.0,0.28670165
6592.0,6592.0,0.029864175
6593.0,6593.0,0.095768005
6594.0,6594.0,0.031431165
6595.0,6595.0,0.5991243
6596.0,6596.0,0.08112743
6597.0,6597.0,0.69562507
6598.0,6598.0,0.01790026
6599.0,6599.0,0.0063989335
6600.0,6600.0,1.3465298E-5
6601.0,6601.0,0.012366581
6602.0,6602.0,0.576467
6603.0,6603.0,0.011338998
6604.0,6604.0,0.006807276
6605.0,6605.0,0.02546227
6606.0,6606.0,0.070549265
6607.0,6607.0,0.019374138
6608.0,6608.0,0.011627164
6609.0,6609.0,0.04705617
6610.0,6610.0,0.02743651
6611.0,6611.0,0.04704164
6612.0,6612.0,0.040264446
6613.0,6613.0,0.56333
6614.0,6614.0,0.11430393
6615.0,6615.0,0.14456835
6616.0,6616.0,0.034845073
6617.0,6617.0,0.013902789
6618.0,6618.0,0.074416034
6619.0,6619.0,0.6935322
6620.0,6620.0,0.060129162
6621.0,6621.0,0.026651397
6622.0,6622.0,0.03579858
6623.0,6623.0,0.043366063
6624.0,6624.0,0.1268117
6625.0,6625.0,0.5151043
6626.0,6626.0,0.6103171
6627.0,6627.0,0.04753464
6628.0,6628.0,0.021569964
6629.0,6629.0,0.04282555
6630.0,6630.0,0.084802195
6631.0,6631.0,6.467541E-5
6632.0,6632.0,0.5489156
6633.0,6633.0,0.0011955113
6634.0,6634.0,0.0050773313
6635.0,6635.0,0.04077152
6636.0,6636.0,0.01795724
6637.0,6637.0,0.2617177
6638.0,6638.0,0.13820238
6639.0,6639.0,0.3932742
6640.0,6640.0,0.020176807
6641.0,6641.0,0.10661064
6642.0,6642.0,0.22123532
6643.0,6643.0,0.012172864
6644.0,6644.0,0.0070119724
6645.0,6645.0,0.6070974
6646.0,6646.0,0.0010888546
6647.0,6647.0,0.030051539
6648.0,6648.0,0.06157699
6649.0,6649.0,0.009959208
6650.0,6650.0,4.3704094E-5
6651.0,6651.0,1.6910656E-6
6652.0,6652.0,0.0070734066
6653.0,6653.0,0.5437768
6654.0,6654.0,0.003836655
6655.0,6655.0,0.41872972
6656.0,6656.0,0.5895151
6657.0,6657.0,0.09949512
6658.0,6658.0,0.14942978
6659.0,6659.0,0.04253763
6660.0,6660.0,0.016860284
6661.0,6661.0,0.07374715
6662.0,6662.0,0.066870585
6663.0,6663.0,0.060694892
6664.0,6664.0,1.4461273E-4
6665.0,6665.0,0.0615708
6666.0,6666.0,0.33994287
6667.0,6667.0,0.011069247
6668.0,6668.0,0.5107993
6669.0,6669.0,0.15204674
6670.0,6670.0,0.1894112
6671.0,6671.0,0.75802255
6672.0,6672.0,7.5096046E-5
6673.0,6673.0,0.85304105
6674.0,6674.0,0.51234233
6675.0,6675.0,0.121101275
6676.0,6676.0,0.022003658
6677.0,6677.0,0.08225629
6678.0,6678.0,0.6951395
6679.0,6679.0,0.047432
6680.0,6680.0,0.34436563
6681.0,6681.0,0.16681515
6682.0,6682.0,0.17941079
6683.0,6683.0,0.7446263
6684.0,6684.0,0.7380068
6685.0,6685.0,0.068019
6686.0,6686.0,0.30968386
6687.0,6687.0,0.0013541197
6688.0,6688.0,0.24402624
6689.0,6689.0,0.20326768
6690.0,6690.0,0.04547426
6691.0,6691.0,0.0029888446
6692.0,6692.0,0.1939445
6693.0,6693.0,0.6547734
6694.0,6694.0,0.049239118
6695.0,6695.0,0.04957104
6696.0,6696.0,0.105891824
6697.0,6697.0,0.05152091
6698.0,6698.0,0.07435811
6699.0,6699.0,0.8364402
6700.0,6700.0,0.64599615
6701.0,6701.0,8.972999E-6
6702.0,6702.0,0.0049290988
6703.0,6703.0,0.16462895
6704.0,6704.0,0.022581361
6705.0,6705.0,0.07134682
6706.0,6706.0,0.018660208
6707.0,6707.0,0.5654532
6708.0,6708.0,1.273733E-4
6709.0,6709.0,0.09764818
6710.0,6710.0,0.3102667
6711.0,6711.0,0.062376462
6712.0,6712.0,6.96528E-6
6713.0,6713.0,0.0028490042
6714.0,6714.0,0.44269013
6715.0,6715.0,0.22227004
6716.0,6716.0,0.18429081
6717.0,6717.0,0.12591925
6718.0,6718.0,0.1118817
6719.0,6719.0,1.11850815E-4
6720.0,6720.0,0.08370911
6721.0,6721.0,0.20810623
6722.0,6722.0,0.12900235
6723.0,6723.0,0.2067438
6724.0,6724.0,0.14129323
6725.0,6725.0,0.015032899
6726.0,6726.0,0.01840728
6727.0,6727.0,0.12475783
6728.0,6728.0,0.046343375
6729.0,6729.0,0.01129947
6730.0,6730.0,0.10314487
6731.0,6731.0,0.21536113
6732.0,6732.0,0.030721806
6733.0,6733.0,0.7313805
6734.0,6734.0,0.30901852
6735.0,6735.0,0.037435185
6736.0,6736.0,0.027009081
6737.0,6737.0,0.09911533
6738.0,6738.0,0.0853001
6739.0,6739.0,0.12728234
6740.0,6740.0,0.15225513
6741.0,6741.0,0.0015935253
6742.0,6742.0,9.914422E-6
6743.0,6743.0,0.048574127
6744.0,6744.0,0.030096268
6745.0,6745.0,0.0337822
6746.0,6746.0,0.0017111212
6747.0,6747.0,0.023000365
6748.0,6748.0,4.3268607E-4
6749.0,6749.0,0.06312334
6750.0,6750.0,0.028239332
6751.0,6751.0,0.04608507
6752.0,6752.0,0.022217048
6753.0,6753.0,0.7367351
6754.0,6754.0,0.049089372
6755.0,6755.0,0.0014394057
6756.0,6756.0,0.0133214025
6757.0,6757.0,0.034879163
6758.0,6758.0,0.12341773
6759.0,6759.0,0.11738108
6760.0,6760.0,0.01325711
6761.0,6761.0,0.016886242
6762.0,6762.0,0.0077040484
6763.0,6763.0,0.0051080133
6764.0,6764.0,0.0010864693
6765.0,6765.0,0.3182779
6766.0,6766.0,0.22727507
6767.0,6767.0,8.263567E-5
6768.0,6768.0,0.12598307
6769.0,6769.0,0.75663406
6770.0,6770.0,0.54463416
6771.0,6771.0,0.013006227
6772.0,6772.0,0.004132197
6773.0,6773.0,0.74859375
6774.0,6774.0,0.5722528
6775.0,6775.0,0.05776237
6776.0,6776.0,0.05343719
6777.0,6777.0,0.121995345
6778.0,6778.0,0.008215469
6779.0,6779.0,0.00800498
6780.0,6780.0,0.0077278335
6781.0,6781.0,0.073338084
6782.0,6782.0,0.048221994
6783.0,6783.0,0.0011248466
6784.0,6784.0,1.12803216E-4
6785.0,6785.0,0.31848133
6786.0,6786.0,0.14224283
6787.0,6787.0,1.3868946E-5
6788.0,6788.0,0.32729447
6789.0,6789.0,4.7869037E-4
6790.0,6790.0,0.6403372
6791.0,6791.0,0.108534105
6792.0,6792.0,0.045734443
6793.0,6793.0,0.11221607
6794.0,6794.0,0.65890473
6795.0,6795.0,4.4586355E-4
6796.0,6796.0,0.10942584
6797.0,6797.0,0.11226772
6798.0,6798.0,0.067167394
6799.0,6799.0,0.3298692
6800.0,6800.0,0.07734825
6801.0,6801.0,8.498631E-5
6802.0,6802.0,0.05567656
6803.0,6803.0,0.0020291088
6804.0,6804.0,0.05738782
6805.0,6805.0,0.061406665
6806.0,6806.0,0.27564588
6807.0,6807.0,0.13522942
6808.0,6808.0,0.026910486
6809.0,6809.0,0.6476026
6810.0,6810.0,0.044837456
6811.0,6811.0,0.023558076
6812.0,6812.0,0.7319459
6813.0,6813.0,0.06537005
6814.0,6814.0,0.25374863
6815.0,6815.0,0.013577006
6816.0,6816.0,0.0025956694
6817.0,6817.0,0.015778938
6818.0,6818.0,0.19084343
6819.0,6819.0,0.04617323
6820.0,6820.0,0.055437833
6821.0,6821.0,2.7684614E-4
6822.0,6822.0,0.022269826
6823.0,6823.0,6.9586176E-6
6824.0,6824.0,0.74334764
6825.0,6825.0,0.0011039395
6826.0,6826.0,0.023737317
6827.0,6827.0,0.3459577
6828.0,6828.0,0.124322094
6829.0,6829.0,0.017675167
6830.0,6830.0,0.020045592
6831.0,6831.0,0.04068481
6832.0,6832.0,0.06368769
6833.0,6833.0,0.026101317
6834.0,6834.0,2.8081131E-5
6835.0,6835.0,0.3594766
6836.0,6836.0,0.44969636
6837.0,6837.0,0.120771445
6838.0,6838.0,0.06961253
6839.0,6839.0,0.14661908
6840.0,6840.0,0.010345699
6841.0,6841.0,0.79784054
6842.0,6842.0,0.0052504917
6843.0,6843.0,5.5029475E-5
6844.0,6844.0,0.029710287
6845.0,6845.0,0.08595274
6846.0,6846.0,0.1896677
6847.0,6847.0,0.016125536
6848.0,6848.0,0.14229113
6849.0,6849.0,0.19387889
6850.0,6850.0,0.019325059
6851.0,6851.0,0.049140405
6852.0,6852.0,0.87843746
6853.0,6853.0,0.18252216
6854.0,6854.0,0.045789167
6855.0,6855.0,0.008605674
6856.0,6856.0,0.015781166
6857.0,6857.0,0.0030578733
6858.0,6858.0,0.6696501
6859.0,6859.0,0.49969083
6860.0,6860.0,0.023331625
6861.0,6861.0,0.19687518
6862.0,6862.0,0.011548342
6863.0,6863.0,0.06446049
6864.0,6864.0,0.029594425
6865.0,6865.0,0.15042903
6866.0,6866.0,4.0719715E-6
6867.0,6867.0,0.008057263
6868.0,6868.0,0.011972464
6869.0,6869.0,0.07010434
6870.0,6870.0,0.064237304
6871.0,6871.0,0.072654225
6872.0,6872.0,0.021524131
6873.0,6873.0,0.092472054
6874.0,6874.0,0.023599412
6875.0,6875.0,0.017611258
6876.0,6876.0,0.12754701
6877.0,6877.0,0.021963846
6878.0,6878.0,0.026539776
6879.0,6879.0,0.012668065
6880.0,6880.0,0.6438866
6881.0,6881.0,0.015259426
6882.0,6882.0,0.009226828
6883.0,6883.0,7.638393E-4
6884.0,6884.0,0.04770106
6885.0,6885.0,0.37028232
6886.0,6886.0,0.6218047
6887.0,6887.0,0.13871059
6888.0,6888.0,0.04768184
6889.0,6889.0,0.016691443
6890.0,6890.0,0.6952882
6891.0,6891.0,0.114449635
6892.0,6892.0,0.006952595
6893.0,6893.0,0.01618732
6894.0,6894.0,0.04311145
6895.0,6895.0,0.045000304
6896.0,6896.0,0.021273779
6897.0,6897.0,0.19565624
6898.0,6898.0,0.05670924
6899.0,6899.0,0.45578715
6900.0,6900.0,0.007911069
6901.0,6901.0,0.036592916
6902.0,6902.0,0.0067967298
6903.0,6903.0,6.6835666E-4
6904.0,6904.0,0.004204315
6905.0,6905.0,0.37448564
6906.0,6906.0,0.104063295
6907.0,6907.0,0.63002807
6908.0,6908.0,0.045719888
6909.0,6909.0,0.15817477
6910.0,6910.0,0.027145613
6911.0,6911.0,0.0017841785
6912.0,6912.0,6.4462586E-4
6913.0,6913.0,0.028074715
6914.0,6914.0,0.60074973
6915.0,6915.0,0.09181147
6916.0,6916.0,0.03925664
6917.0,6917.0,0.23241645
6918.0,6918.0,0.1606666
6919.0,6919.0,0.034606267
6920.0,6920.0,0.5685038
6921.0,6921.0,0.14871618
6922.0,6922.0,0.017324695
6923.0,6923.0,0.038313195
6924.0,6924.0,0.013517191
6925.0,6925.0,0.11305775
6926.0,6926.0,0.049438555
6927.0,6927.0,0.45742235
6928.0,6928.0,0.38036925
6929.0,6929.0,0.54801536
6930.0,6930.0,0.096696064
6931.0,6931.0,0.045456868
6932.0,6932.0,0.01717438
6933.0,6933.0,0.6607523
6934.0,6934.0,0.04291573
6935.0,6935.0,0.005557988
6936.0,6936.0,0.025847614
6937.0,6937.0,0.1647976
6938.0,6938.0,0.01692101
6939.0,6939.0,0.036143605
6940.0,6940.0,0.061650023
6941.0,6941.0,0.076766506
6942.0,6942.0,0.07633465
6943.0,6943.0,0.17855385
6944.0,6944.0,0.8110125
6945.0,6945.0,0.013307905
6946.0,6946.0,0.04558037
6947.0,6947.0,0.065781124
6948.0,6948.0,0.0016079172
6949.0,6949.0,1.3270258E-4
6950.0,6950.0,0.08250342
6951.0,6951.0,0.027778968
6952.0,6952.0,0.024662511
6953.0,6953.0,0.04083119
6954.0,6954.0,0.032341886
6955.0,6955.0,0.114536785
6956.0,6956.0,0.054626398
6957.0,6957.0,0.25073224
6958.0,6958.0,0.004496876
6959.0,6959.0,0.024876788
6960.0,6960.0,0.55008423
6961.0,6961.0,0.27044576
6962.0,6962.0,0.035861034
6963.0,6963.0,0.15152158
6964.0,6964.0,0.02242101
6965.0,6965.0,0.7835567
6966.0,6966.0,0.807069
6967.0,6967.0,0.06812125
6968.0,6968.0,0.048507802
6969.0,6969.0,0.3737949
6970.0,6970.0,0.080126345
6971.0,6971.0,0.054371696
6972.0,6972.0,0.01507227
6973.0,6973.0,0.010433213
6974.0,6974.0,0.0036203496
6975.0,6975.0,0.16220789
6976.0,6976.0,0.073791154
6977.0,6977.0,0.2612174
6978.0,6978.0,0.6640609
6979.0,6979.0,1.7205646E-5
6980.0,6980.0,0.23797727
6981.0,6981.0,0.013315953
6982.0,6982.0,0.13683666
6983.0,6983.0,2.1223925E-5
6984.0,6984.0,0.0067274775
6985.0,6985.0,0.01406073
6986.0,6986.0,4.8537582E-5
6987.0,6987.0,2.423063E-4
6988.0,6988.0,0.66076976
6989.0,6989.0,0.22512017
6990.0,6990.0,0.022433963
6991.0,6991.0,0.15968472
6992.0,6992.0,0.57885784
6993.0,6993.0,0.037237216
6994.0,6994.0,0.0092066135
6995.0,6995.0,0.030759163
6996.0,6996.0,0.061234765
6997.0,6997.0,0.14608386
6998.0,6998.0,0.0092661
6999.0,6999.0,0.35134086
7000.0,7000.0,5.92768E-4
7001.0,7001.0,0.01891025
7002.0,7002.0,0.06281861
7003.0,7003.0,0.118260644
7004.0,7004.0,0.015138039
7005.0,7005.0,0.050485518
7006.0,7006.0,2.6038018E-5
7007.0,7007.0,0.7869171
7008.0,7008.0,0.0043918937
7009.0,7009.0,0.025186254
7010.0,7010.0,1.106707E-5
7011.0,7011.0,0.20441696
7012.0,7012.0,0.12513271
7013.0,7013.0,0.05018676
7014.0,7014.0,0.038178746
7015.0,7015.0,0.75078404
7016.0,7016.0,1.5868682E-4
7017.0,7017.0,0.07318786
7018.0,7018.0,0.016288422
7019.0,7019.0,0.013980749
7020.0,7020.0,0.6845352
7021.0,7021.0,0.18184924
7022.0,7022.0,0.58174473
7023.0,7023.0,0.22327736
7024.0,7024.0,0.21307129
7025.0,7025.0,0.03273829
7026.0,7026.0,0.0634438
7027.0,7027.0,0.00742235
7028.0,7028.0,0.023737999
7029.0,7029.0,0.4980621
7030.0,7030.0,0.1604256
7031.0,7031.0,0.0018138057
7032.0,7032.0,0.0031591922
7033.0,7033.0,0.0035587423
7034.0,7034.0,0.22614533
7035.0,7035.0,0.6395699
7036.0,7036.0,0.12578629
7037.0,7037.0,0.5453806
7038.0,7038.0,0.26594344
7039.0,7039.0,0.088595934
7040.0,7040.0,0.0020498496
7041.0,7041.0,0.047179352
7042.0,7042.0,5.15075E-5
7043.0,7043.0,4.539799E-6
7044.0,7044.0,0.054123726
7045.0,7045.0,0.003207812
7046.0,7046.0,0.022574583
7047.0,7047.0,7.9960085E-4
7048.0,7048.0,0.05471129
7049.0,7049.0,0.014718997
7050.0,7050.0,0.46721846
7051.0,7051.0,0.05057947
7052.0,7052.0,1.477383E-5
7053.0,7053.0,0.0012486834
7054.0,7054.0,0.04871608
7055.0,7055.0,0.64431936
7056.0,7056.0,0.008579323
7057.0,7057.0,0.61649686
7058.0,7058.0,0.001548617
7059.0,7059.0,0.10154444
7060.0,7060.0,0.04782868
7061.0,7061.0,0.1278505
7062.0,7062.0,8.176159E-4
7063.0,7063.0,0.0040745023
7064.0,7064.0,0.2031742
7065.0,7065.0,0.02561511
7066.0,7066.0,0.2773357
7067.0,7067.0,0.0052917176
7068.0,7068.0,0.056702755
7069.0,7069.0,0.6287763
7070.0,7070.0,0.11344017
7071.0,7071.0,0.057397377
7072.0,7072.0,0.10145935
7073.0,7073.0,0.021189552
7074.0,7074.0,0.012754904
7075.0,7075.0,9.816712E-5
7076.0,7076.0,8.782382E-5
7077.0,7077.0,0.023893692
7078.0,7078.0,0.02554455
7079.0,7079.0,0.03274284
7080.0,7080.0,0.5873703
7081.0,7081.0,0.11766011
7082.0,7082.0,0.05468171
7083.0,7083.0,0.019378113
7084.0,7084.0,0.016549109
7085.0,7085.0,0.4319714
7086.0,7086.0,0.021058451
7087.0,7087.0,0.056727815
7088.0,7088.0,0.84144604
7089.0,7089.0,0.03169414
7090.0,7090.0,0.13260585
7091.0,7091.0,0.18373716
7092.0,7092.0,0.081602916
7093.0,7093.0,0.5870525
7094.0,7094.0,0.14646605
7095.0,7095.0,0.02453331
7096.0,7096.0,0.47870603
7097.0,7097.0,0.06068631
7098.0,7098.0,0.018791454
7099.0,7099.0,0.01600844
7100.0,7100.0,0.5675586
7101.0,7101.0,0.14758739
7102.0,7102.0,0.06909198
7103.0,7103.0,0.0011151594
7104.0,7104.0,0.7396123
7105.0,7105.0,0.09980579
7106.0,7106.0,0.24869925
7107.0,7107.0,0.02369779
7108.0,7108.0,0.0574574
7109.0,7109.0,0.32221583
7110.0,7110.0,0.030323159
7111.0,7111.0,0.706876
7112.0,7112.0,0.12102331
7113.0,7113.0,0.018531926
7114.0,7114.0,0.01877869
7115.0,7115.0,0.011021083
7116.0,7116.0,0.046349898
7117.0,7117.0,0.035978973
7118.0,7118.0,0.8126877
7119.0,7119.0,3.8191665E-6
7120.0,7120.0,0.027892627
7121.0,7121.0,0.0030050678
7122.0,7122.0,4.5920906E-6
7123.0,7123.0,3.7358986E-4
7124.0,7124.0,0.3918487
7125.0,7125.0,0.69447905
7126.0,7126.0,0.5596264
7127.0,7127.0,0.50029945
7128.0,7128.0,0.3823686
7129.0,7129.0,0.04446801
7130.0,7130.0,0.013732258
7131.0,7131.0,0.0018418186
7132.0,7132.0,0.043987416
7133.0,7133.0,0.04641544
7134.0,7134.0,0.003028935
7135.0,7135.0,0.03534978
7136.0,7136.0,0.001891448
7137.0,7137.0,0.0019426044
7138.0,7138.0,9.017256E-5
7139.0,7139.0,0.010510378
7140.0,7140.0,0.01260774
7141.0,7141.0,0.026017178
7142.0,7142.0,0.074631765
7143.0,7143.0,0.25873524
7144.0,7144.0,0.6263315
7145.0,7145.0,0.19515857
7146.0,7146.0,0.03117951
7147.0,7147.0,0.051924285
7148.0,7148.0,0.3346843
7149.0,7149.0,0.03768655
7150.0,7150.0,0.37583524
7151.0,7151.0,0.020988148
7152.0,7152.0,0.011985389
7153.0,7153.0,0.03568578
7154.0,7154.0,0.16590528
7155.0,7155.0,0.006429007
7156.0,7156.0,0.001651893
7157.0,7157.0,0.013225741
7158.0,7158.0,0.63732564
7159.0,7159.0,0.09296392
7160.0,7160.0,0.017017964
7161.0,7161.0,0.12422311
7162.0,7162.0,0.001492343
7163.0,7163.0,0.7297447
7164.0,7164.0,1.1405972E-5
7165.0,7165.0,0.14599372
7166.0,7166.0,0.004187362
7167.0,7167.0,0.24307379
7168.0,7168.0,0.15970634
7169.0,7169.0,0.018328063
7170.0,7170.0,5.128441E-4
7171.0,7171.0,0.07652768
7172.0,7172.0,0.0038836617
7173.0,7173.0,0.56903505
7174.0,7174.0,0.06898075
7175.0,7175.0,4.5806228E-4
7176.0,7176.0,0.16969661
7177.0,7177.0,0.0070116655
7178.0,7178.0,0.09240628
7179.0,7179.0,0.0350108
7180.0,7180.0,0.7734982
7181.0,7181.0,0.020238109
7182.0,7182.0,0.15454106
7183.0,7183.0,0.017897382
7184.0,7184.0,0.013567863
7185.0,7185.0,0.03716275
7186.0,7186.0,0.35309187
7187.0,7187.0,5.7533803E-6
7188.0,7188.0,0.25741485
7189.0,7189.0,0.019253677
7190.0,7190.0,0.16060013
7191.0,7191.0,2.1742567E-4
7192.0,7192.0,0.108488016
7193.0,7193.0,0.13660683
7194.0,7194.0,0.28520033
7195.0,7195.0,0.43334737
7196.0,7196.0,0.013101103
7197.0,7197.0,0.0050327615
7198.0,7198.0,0.06757869
7199.0,7199.0,0.011674637
7200.0,7200.0,0.57225704
7201.0,7201.0,0.1216262
7202.0,7202.0,2.7338854E-5
7203.0,7203.0,0.007696498
7204.0,7204.0,0.062802605
7205.0,7205.0,0.0064871684
7206.0,7206.0,0.059398457
7207.0,7207.0,0.16915546
7208.0,7208.0,0.027205706
7209.0,7209.0,0.03981487
7210.0,7210.0,0.7046312
7211.0,7211.0,0.109691024
7212.0,7212.0,0.14857459
7213.0,7213.0,0.0010859383
7214.0,7214.0,0.5931995
7215.0,7215.0,0.13557824
7216.0,7216.0,0.076749146
7217.0,7217.0,0.021429366
7218.0,7218.0,0.74219424
7219.0,7219.0,2.5408794E-5
7220.0,7220.0,0.10323162
7221.0,7221.0,0.044833582
7222.0,7222.0,0.027945602
7223.0,7223.0,0.0851355
7224.0,7224.0,0.07600314
7225.0,7225.0,0.19901714
7226.0,7226.0,0.020457957
7227.0,7227.0,0.048682444
7228.0,7228.0,0.0026492202
7229.0,7229.0,0.06643233
7230.0,7230.0,0.12011888
7231.0,7231.0,0.72381204
7232.0,7232.0,0.33203813
7233.0,7233.0,0.011513175
7234.0,7234.0,0.50170135
7235.0,7235.0,0.024307672
7236.0,7236.0,0.06770635
7237.0,7237.0,0.806316
7238.0,7238.0,0.0023935535
7239.0,7239.0,0.20563644
7240.0,7240.0,1.005796E-5
7241.0,7241.0,0.0075981645
7242.0,7242.0,0.6735796
7243.0,7243.0,0.61897224
7244.0,7244.0,0.49115464
7245.0,7245.0,0.022761572
7246.0,7246.0,0.028163
7247.0,7247.0,0.57729685
7248.0,7248.0,0.06821747
7249.0,7249.0,0.26445705
7250.0,7250.0,0.058565143
7251.0,7251.0,0.03568355
7252.0,7252.0,0.38113907
7253.0,7253.0,0.13036576
7254.0,7254.0,0.0044132364
7255.0,7255.0,0.8065317
7256.0,7256.0,0.04818526
7257.0,7257.0,0.22811557
7258.0,7258.0,0.4317327
7259.0,7259.0,0.67287815
7260.0,7260.0,0.607991
7261.0,7261.0,0.08864565
7262.0,7262.0,0.17030472
7263.0,7263.0,0.3280225
7264.0,7264.0,0.015438813
7265.0,7265.0,0.06944885
7266.0,7266.0,0.015021345
7267.0,7267.0,0.01581325
7268.0,7268.0,0.3341909
7269.0,7269.0,0.0586101
7270.0,7270.0,0.04559552
7271.0,7271.0,0.622706
7272.0,7272.0,0.016117688
7273.0,7273.0,0.77858514
7274.0,7274.0,6.5382614E-5
7275.0,7275.0,0.026524635
7276.0,7276.0,0.64241374
7277.0,7277.0,0.664963
7278.0,7278.0,0.14554425
7279.0,7279.0,0.07722453
7280.0,7280.0,0.026619362
7281.0,7281.0,0.030087551
7282.0,7282.0,0.65783626
7283.0,7283.0,4.8844718E-6
7284.0,7284.0,0.07952663
7285.0,7285.0,0.057760734
7286.0,7286.0,0.05681628
7287.0,7287.0,0.10389309
7288.0,7288.0,0.043043353
7289.0,7289.0,6.831097E-5
7290.0,7290.0,0.015435735
7291.0,7291.0,0.55597764
7292.0,7292.0,0.008536653
7293.0,7293.0,0.07289776
7294.0,7294.0,0.03305595
7295.0,7295.0,0.01813611
7296.0,7296.0,0.055173818
7297.0,7297.0,0.030065672
7298.0,7298.0,0.0011093525
7299.0,7299.0,0.14710751
7300.0,7300.0,0.3528156
7301.0,7301.0,0.04014875
7302.0,7302.0,1.9206516E-5
7303.0,7303.0,0.10324545
7304.0,7304.0,0.7928106
7305.0,7305.0,0.5252069
7306.0,7306.0,0.08808395
7307.0,7307.0,0.76863426
7308.0,7308.0,0.030904679
7309.0,7309.0,0.0034053184
7310.0,7310.0,0.6498563
7311.0,7311.0,0.33589926
7312.0,7312.0,0.09216385
7313.0,7313.0,0.1711688
7314.0,7314.0,0.06554761
7315.0,7315.0,0.24467432
7316.0,7316.0,0.68367743
7317.0,7317.0,0.5510464
7318.0,7318.0,0.011055108
7319.0,7319.0,0.0046070428
7320.0,7320.0,0.33947763
7321.0,7321.0,0.014026189
7322.0,7322.0,0.59611994
7323.0,7323.0,0.0027212913
7324.0,7324.0,0.021186773
7325.0,7325.0,0.34262326
7326.0,7326.0,0.5104322
7327.0,7327.0,0.031387378
7328.0,7328.0,0.012980772
7329.0,7329.0,0.106521234
7330.0,7330.0,0.10009221
7331.0,7331.0,0.6585119
7332.0,7332.0,0.010783475
7333.0,7333.0,0.31797937
7334.0,7334.0,0.12161691
7335.0,7335.0,0.030457702
7336.0,7336.0,0.03960303
7337.0,7337.0,0.10734986
7338.0,7338.0,0.5159294
7339.0,7339.0,7.370949E-5
7340.0,7340.0,0.23602477
7341.0,7341.0,4.0454225E-4
7342.0,7342.0,0.015533011
7343.0,7343.0,0.37618893
7344.0,7344.0,0.121185586
7345.0,7345.0,0.014537134
7346.0,7346.0,0.03481384
7347.0,7347.0,0.02928874
7348.0,7348.0,0.12774624
7349.0,7349.0,0.009085011
7350.0,7350.0,0.10162358
7351.0,7351.0,7.494096E-4
7352.0,7352.0,0.07897004
7353.0,7353.0,0.099303275
7354.0,7354.0,0.7805608
7355.0,7355.0,0.14148581
7356.0,7356.0,4.238825E-4
7357.0,7357.0,0.59172845
7358.0,7358.0,0.65254146
7359.0,7359.0,0.5850499
7360.0,7360.0,0.01883788
7361.0,7361.0,0.03440432
7362.0,7362.0,9.1887894E-5
7363.0,7363.0,0.426095
7364.0,7364.0,0.17889337
7365.0,7365.0,0.18940529
7366.0,7366.0,0.21713813
7367.0,7367.0,0.6968153
7368.0,7368.0,0.063578196
7369.0,7369.0,0.024479628
7370.0,7370.0,0.7710119
7371.0,7371.0,0.041194938
7372.0,7372.0,0.76029783
7373.0,7373.0,0.05006014
7374.0,7374.0,0.6071019
7375.0,7375.0,0.0010927535
7376.0,7376.0,1.949724E-6
7377.0,7377.0,0.0042978697
7378.0,7378.0,0.8038296
7379.0,7379.0,0.011343125
7380.0,7380.0,0.26519024
7381.0,7381.0,0.07990633
7382.0,7382.0,0.01805615
7383.0,7383.0,0.057649426
7384.0,7384.0,0.39894414
7385.0,7385.0,0.053205263
7386.0,7386.0,0.014398014
7387.0,7387.0,0.015199598
7388.0,7388.0,0.033640012
7389.0,7389.0,0.1631636
7390.0,7390.0,2.3628466E-4
7391.0,7391.0,0.12928517
7392.0,7392.0,0.0012177307
7393.0,7393.0,0.017241368
7394.0,7394.0,0.03970619
7395.0,7395.0,0.49399096
7396.0,7396.0,0.028722482
7397.0,7397.0,0.030180912
7398.0,7398.0,0.72960305
7399.0,7399.0,0.10342179
7400.0,7400.0,1.9301999E-5
7401.0,7401.0,0.0709588
7402.0,7402.0,0.06275638
7403.0,7403.0,0.0797346
7404.0,7404.0,0.002304118
7405.0,7405.0,2.555652E-4
7406.0,7406.0,1.5534073E-5
7407.0,7407.0,0.052291457
7408.0,7408.0,0.058382586
7409.0,7409.0,2.5103003E-4
7410.0,7410.0,0.0011827832
7411.0,7411.0,0.0046371706
7412.0,7412.0,0.5775029
7413.0,7413.0,0.020161914
7414.0,7414.0,1.9115785E-5
7415.0,7415.0,9.87979E-5
7416.0,7416.0,8.2071655E-4
7417.0,7417.0,0.0019178356
7418.0,7418.0,0.0073243603
7419.0,7419.0,0.61709094
7420.0,7420.0,7.732973E-6
7421.0,7421.0,0.014268376
7422.0,7422.0,0.5321193
7423.0,7423.0,0.3158123
7424.0,7424.0,0.14968431
7425.0,7425.0,0.09483258
7426.0,7426.0,0.275873
7427.0,7427.0,0.5996698
7428.0,7428.0,0.047045376
7429.0,7429.0,0.02153013
7430.0,7430.0,0.1147633
7431.0,7431.0,0.08380535
7432.0,7432.0,0.63734066
7433.0,7433.0,0.052668862
7434.0,7434.0,0.6322278
7435.0,7435.0,0.029192206
7436.0,7436.0,1.0375978E-5
7437.0,7437.0,0.011268717
7438.0,7438.0,0.05517597
7439.0,7439.0,0.055392116
7440.0,7440.0,0.6918391
7441.0,7441.0,0.0021236017
7442.0,7442.0,1.1532535E-4
7443.0,7443.0,0.071353495
7444.0,7444.0,0.061279
7445.0,7445.0,0.021036701
7446.0,7446.0,0.25028765
7447.0,7447.0,0.06684865
7448.0,7448.0,0.64900374
7449.0,7449.0,9.956202E-4
7450.0,7450.0,0.0012075589
7451.0,7451.0,0.11847379
7452.0,7452.0,0.011865104
7453.0,7453.0,0.043180358
7454.0,7454.0,0.47774124
7455.0,7455.0,0.037714757
7456.0,7456.0,0.29643172
7457.0,7457.0,0.6349542
7458.0,7458.0,0.6652265
7459.0,7459.0,0.021365901
7460.0,7460.0,0.09379513
7461.0,7461.0,0.06307076
7462.0,7462.0,0.21166736
7463.0,7463.0,0.10778028
7464.0,7464.0,0.44468948
7465.0,7465.0,0.0074915895
7466.0,7466.0,0.04289057
7467.0,7467.0,0.033995125
7468.0,7468.0,0.0031292026
7469.0,7469.0,0.0078027034
7470.0,7470.0,0.04388725
7471.0,7471.0,0.28679314
7472.0,7472.0,0.33635753
7473.0,7473.0,0.018115204
7474.0,7474.0,0.65799356
7475.0,7475.0,0.07581952
7476.0,7476.0,0.037022527
7477.0,7477.0,0.17506735
7478.0,7478.0,0.34236783
7479.0,7479.0,0.6295115
7480.0,7480.0,9.05944E-4
7481.0,7481.0,0.058660354
7482.0,7482.0,0.07199714
7483.0,7483.0,0.14527334
7484.0,7484.0,0.32207677
7485.0,7485.0,0.53736526
7486.0,7486.0,0.063936055
7487.0,7487.0,0.7869482
7488.0,7488.0,0.023962885
7489.0,7489.0,0.0017392635
7490.0,7490.0,0.12119288
7491.0,7491.0,6.678298E-5
7492.0,7492.0,0.0070419945
7493.0,7493.0,0.002601234
7494.0,7494.0,6.214841E-4
7495.0,7495.0,0.21566747
7496.0,7496.0,0.068114065
7497.0,7497.0,0.03568495
7498.0,7498.0,0.6119611
7499.0,7499.0,0.0038886224
7500.0,7500.0,1.7922295E-5
7501.0,7501.0,0.029437844
7502.0,7502.0,0.10888821
7503.0,7503.0,4.724432E-5
7504.0,7504.0,0.66333747
7505.0,7505.0,0.04334998
7506.0,7506.0,0.058507204
7507.0,7507.0,0.016329216
7508.0,7508.0,0.07711951
7509.0,7509.0,4.678162E-5
7510.0,7510.0,0.76330864
7511.0,7511.0,0.10502322
7512.0,7512.0,0.012573442
7513.0,7513.0,0.06073318
7514.0,7514.0,0.008256134
7515.0,7515.0,3.2932432E-5
7516.0,7516.0,0.21578325
7517.0,7517.0,0.010152596
7518.0,7518.0,0.122222185
7519.0,7519.0,8.8989804E-4
7520.0,7520.0,0.6864475
7521.0,7521.0,0.6949045
7522.0,7522.0,0.014400814
7523.0,7523.0,0.018793445
7524.0,7524.0,0.017456112
7525.0,7525.0,0.76087266
7526.0,7526.0,0.035379957
7527.0,7527.0,0.1388391
7528.0,7528.0,0.112772256
7529.0,7529.0,0.060091667
7530.0,7530.0,0.12155544
7531.0,7531.0,9.793346E-4
7532.0,7532.0,8.9238974E-4
7533.0,7533.0,0.192841
7534.0,7534.0,0.004525834
7535.0,7535.0,0.049535062
7536.0,7536.0,1.4294211E-4
7537.0,7537.0,0.06263603
7538.0,7538.0,0.017922714
7539.0,7539.0,0.061810996
7540.0,7540.0,0.059375077
7541.0,7541.0,0.49308723
7542.0,7542.0,1.8114183E-6
7543.0,7543.0,0.086548686
7544.0,7544.0,0.028262649
7545.0,7545.0,0.2010815
7546.0,7546.0,0.0011696123
7547.0,7547.0,4.9270122E-5
7548.0,7548.0,0.0321791
7549.0,7549.0,0.008994341
7550.0,7550.0,0.0045649773
7551.0,7551.0,0.4547629
7552.0,7552.0,3.5624974E-4
7553.0,7553.0,0.43822065
7554.0,7554.0,0.023886632
7555.0,7555.0,0.022423202
7556.0,7556.0,0.16478367
7557.0,7557.0,0.023595585
7558.0,7558.0,0.03651935
7559.0,7559.0,0.69213754
7560.0,7560.0,0.025447397
7561.0,7561.0,0.016313931
7562.0,7562.0,0.014813967
7563.0,7563.0,0.15917535
7564.0,7564.0,0.029819459
7565.0,7565.0,0.14120398
7566.0,7566.0,0.03187619
7567.0,7567.0,0.59402037
7568.0,7568.0,0.13555552
7569.0,7569.0,5.4423645E-4
7570.0,7570.0,0.025402928
7571.0,7571.0,1.6737089E-5
7572.0,7572.0,0.6635278
7573.0,7573.0,0.04003539
7574.0,7574.0,0.04898434
7575.0,7575.0,0.14839418
7576.0,7576.0,0.61145586
7577.0,7577.0,0.18999337
7578.0,7578.0,0.059809733
7579.0,7579.0,0.1320019
7580.0,7580.0,0.19761378
7581.0,7581.0,2.756437E-4
7582.0,7582.0,0.12821281
7583.0,7583.0,3.607654E-5
7584.0,7584.0,0.12087945
7585.0,7585.0,0.07194771
7586.0,7586.0,0.6727684
7587.0,7587.0,0.015821932
7588.0,7588.0,0.10604737
7589.0,7589.0,0.023186479
7590.0,7590.0,0.8003169
7591.0,7591.0,0.025327776
7592.0,7592.0,0.08402035
7593.0,7593.0,0.0035717299
7594.0,7594.0,0.026235204
7595.0,7595.0,0.24639979
7596.0,7596.0,0.014889289
7597.0,7597.0,0.6959485
7598.0,7598.0,0.1456958
7599.0,7599.0,0.009329084
7600.0,7600.0,0.74134755
7601.0,7601.0,0.016427986
7602.0,7602.0,0.04062311
7603.0,7603.0,0.7233484
7604.0,7604.0,0.19252457
7605.0,7605.0,0.07654682
7606.0,7606.0,0.055856943
7607.0,7607.0,0.027211104
7608.0,7608.0,0.06455622
7609.0,7609.0,0.09969806
7610.0,7610.0,0.11482936
7611.0,7611.0,0.64880383
7612.0,7612.0,0.7212358
7613.0,7613.0,2.3128878E-4
7614.0,7614.0,0.018950686
7615.0,7615.0,0.029355232
7616.0,7616.0,0.019098708
7617.0,7617.0,0.017304715
7618.0,7618.0,0.23494382
7619.0,7619.0,7.926463E-6
7620.0,7620.0,0.15408702
7621.0,7621.0,0.043130845
7622.0,7622.0,1.8795748E-4
7623.0,7623.0,0.017628253
7624.0,7624.0,0.007085251
7625.0,7625.0,0.20641255
7626.0,7626.0,0.65381867
7627.0,7627.0,0.010483174
7628.0,7628.0,0.036730047
7629.0,7629.0,0.09058653
7630.0,7630.0,0.047138084
7631.0,7631.0,0.015379437
7632.0,7632.0,0.1933076
7633.0,7633.0,1.5572914E-6
7634.0,7634.0,0.0012800585
7635.0,7635.0,0.1650947
7636.0,7636.0,0.0018152916
7637.0,7637.0,0.591004
7638.0,7638.0,2.140353E-4
7639.0,7639.0,0.017963454
7640.0,7640.0,0.07890171
7641.0,7641.0,6.363785E-4
7642.0,7642.0,0.3904972
7643.0,7643.0,0.08982749
7644.0,7644.0,0.0030085535
7645.0,7645.0,0.35139635
7646.0,7646.0,0.057897523
7647.0,7647.0,0.007891899
7648.0,7648.0,0.27616465
7649.0,7649.0,0.02175381
7650.0,7650.0,0.6621737
7651.0,7651.0,0.020797772
7652.0,7652.0,0.036180563
7653.0,7653.0,0.0013517262
7654.0,7654.0,0.12159263
7655.0,7655.0,0.29130888
7656.0,7656.0,0.0023715815
7657.0,7657.0,0.5644266
7658.0,7658.0,0.019194972
7659.0,7659.0,0.01382557
7660.0,7660.0,0.5422578
7661.0,7661.0,0.0020586683
7662.0,7662.0,0.6556649
7663.0,7663.0,4.10416E-5
7664.0,7664.0,0.11157895
7665.0,7665.0,0.017669234
7666.0,7666.0,0.28739914
7667.0,7667.0,0.046045087
7668.0,7668.0,0.37821078
7669.0,7669.0,0.008760186
7670.0,7670.0,0.006983162
7671.0,7671.0,0.090422206
7672.0,7672.0,0.04919611
7673.0,7673.0,0.05482556
7674.0,7674.0,3.9036226E-4
7675.0,7675.0,0.016721845
7676.0,7676.0,0.0063027265
7677.0,7677.0,1.1708961E-5
7678.0,7678.0,0.048919447
7679.0,7679.0,0.027452908
7680.0,7680.0,3.9165642E-4
7681.0,7681.0,0.031291116
7682.0,7682.0,0.5575269
7683.0,7683.0,0.024620498
7684.0,7684.0,0.45015228
7685.0,7685.0,0.16270733
7686.0,7686.0,0.02561143
7687.0,7687.0,0.39235696
7688.0,7688.0,0.057620727
7689.0,7689.0,0.43309405
7690.0,7690.0,3.5149333E-5
7691.0,7691.0,0.15445101
7692.0,7692.0,2.7829938E-5
7693.0,7693.0,0.04284751
7694.0,7694.0,0.0994786
7695.0,7695.0,0.6982407
7696.0,7696.0,0.040866703
7697.0,7697.0,0.68584037
7698.0,7698.0,0.066469155
7699.0,7699.0,0.760352
7700.0,7700.0,0.391377
7701.0,7701.0,2.180488E-4
7702.0,7702.0,0.10598658
7703.0,7703.0,0.011710145
7704.0,7704.0,0.09818696
7705.0,7705.0,0.040548053
7706.0,7706.0,5.6139093E-6
7707.0,7707.0,0.0102667995
7708.0,7708.0,0.10512668
7709.0,7709.0,0.029781748
7710.0,7710.0,0.34163582
7711.0,7711.0,0.040357444
7712.0,7712.0,0.7855053
7713.0,7713.0,0.032906905
7714.0,7714.0,0.0379512
7715.0,7715.0,0.0463496
7716.0,7716.0,0.79419446
7717.0,7717.0,0.06914456
7718.0,7718.0,0.028075973
7719.0,7719.0,0.0946788
7720.0,7720.0,0.10267881
7721.0,7721.0,0.057098985
7722.0,7722.0,0.032301053
7723.0,7723.0,0.055784028
7724.0,7724.0,0.40429258
7725.0,7725.0,0.043701157
7726.0,7726.0,0.21419026
7727.0,7727.0,1.0211518E-5
7728.0,7728.0,0.44442034
7729.0,7729.0,0.05370393
7730.0,7730.0,0.06184105
7731.0,7731.0,0.6034473
7732.0,7732.0,0.050299715
7733.0,7733.0,0.16825883
7734.0,7734.0,0.281876
7735.0,7735.0,0.05758351
7736.0,7736.0,0.013369516
7737.0,7737.0,0.06710752
7738.0,7738.0,0.015702609
7739.0,7739.0,0.13138321
7740.0,7740.0,0.056480337
7741.0,7741.0,0.01273901
7742.0,7742.0,0.15755476
7743.0,7743.0,0.61987525
7744.0,7744.0,0.77103627
7745.0,7745.0,0.0022370375
7746.0,7746.0,0.02107306
7747.0,7747.0,0.007720733
7748.0,7748.0,0.005636215
7749.0,7749.0,0.01764928
7750.0,7750.0,0.020675382
7751.0,7751.0,0.0035916828
7752.0,7752.0,0.029443711
7753.0,7753.0,0.047255367
7754.0,7754.0,0.52574456
7755.0,7755.0,0.016097635
7756.0,7756.0,0.011222058
7757.0,7757.0,0.020546589
7758.0,7758.0,0.26079178
7759.0,7759.0,0.06584313
7760.0,7760.0,0.646541
7761.0,7761.0,6.548206E-4
7762.0,7762.0,0.035655476
7763.0,7763.0,0.52895766
7764.0,7764.0,0.07106687
7765.0,7765.0,0.025573933
7766.0,7766.0,0.04263362
7767.0,7767.0,0.018717224
7768.0,7768.0,0.080544315
7769.0,7769.0,0.030329365
7770.0,7770.0,0.037591506
7771.0,7771.0,0.0059318766
7772.0,7772.0,0.60025805
7773.0,7773.0,0.021848852
7774.0,7774.0,0.001833851
7775.0,7775.0,0.070639834
7776.0,7776.0,2.6058633E-4
7777.0,7777.0,0.23370446
7778.0,7778.0,0.82284194
7779.0,7779.0,0.003808649
7780.0,7780.0,0.05736727
7781.0,7781.0,0.08884291
7782.0,7782.0,0.007475833
7783.0,7783.0,0.016019333
7784.0,7784.0,0.02853556
7785.0,7785.0,0.07456129
7786.0,7786.0,0.6003299
7787.0,7787.0,0.009242192
7788.0,7788.0,0.0725824
7789.0,7789.0,2.3391758E-4
7790.0,7790.0,0.035253104
7791.0,7791.0,0.6575556
7792.0,7792.0,0.00782043
7793.0,7793.0,0.005231886
7794.0,7794.0,0.20339544
7795.0,7795.0,0.068696834
7796.0,7796.0,0.041973718
7797.0,7797.0,0.75233203
7798.0,7798.0,0.6257732
7799.0,7799.0,0.14783023
7800.0,7800.0,0.05823064
7801.0,7801.0,0.005013048
7802.0,7802.0,0.019974796
7803.0,7803.0,0.0034598282
7804.0,7804.0,0.21688633
7805.0,7805.0,0.15742707
7806.0,7806.0,0.033940695
7807.0,7807.0,3.7686698E-4
7808.0,7808.0,0.08794492
7809.0,7809.0,0.15768254
7810.0,7810.0,0.0880644
7811.0,7811.0,0.70849454
7812.0,7812.0,0.023933843
7813.0,7813.0,0.05871422
7814.0,7814.0,0.486292
7815.0,7815.0,0.531403
7816.0,7816.0,0.0020612315
7817.0,7817.0,6.157459E-5
7818.0,7818.0,0.07181961
7819.0,7819.0,2.6913895E-4
7820.0,7820.0,0.75169724
7821.0,7821.0,3.702374E-4
7822.0,7822.0,0.7710102
7823.0,7823.0,0.17275529
7824.0,7824.0,0.0028102603
7825.0,7825.0,0.06297916
7826.0,7826.0,2.0001274E-4
7827.0,7827.0,0.08029397
7828.0,7828.0,0.001608558
7829.0,7829.0,0.056454703
7830.0,7830.0,0.49061227
7831.0,7831.0,0.72760475
7832.0,7832.0,0.52740914
7833.0,7833.0,0.696649
7834.0,7834.0,0.057476502
7835.0,7835.0,0.027060404
7836.0,7836.0,0.057442203
7837.0,7837.0,0.055335656
7838.0,7838.0,0.01177608
7839.0,7839.0,0.0018793168
7840.0,7840.0,0.015074459
7841.0,7841.0,0.3205597
7842.0,7842.0,0.034023035
7843.0,7843.0,0.008830384
7844.0,7844.0,0.009644691
7845.0,7845.0,0.15412356
7846.0,7846.0,0.3265203
7847.0,7847.0,0.19176061
7848.0,7848.0,0.0035409583
7849.0,7849.0,0.77878004
7850.0,7850.0,0.76322466
7851.0,7851.0,5.1763386E-4
7852.0,7852.0,0.653304
7853.0,7853.0,4.6246763E-7
7854.0,7854.0,0.44182706
7855.0,7855.0,0.0371343
7856.0,7856.0,0.061041847
7857.0,7857.0,0.015275026
7858.0,7858.0,0.001615358
7859.0,7859.0,0.043658838
7860.0,7860.0,0.15174456
7861.0,7861.0,0.120294355
7862.0,7862.0,6.404702E-4
7863.0,7863.0,0.084790364
7864.0,7864.0,0.007232631
7865.0,7865.0,0.58980787
7866.0,7866.0,0.046006553
7867.0,7867.0,0.0011288178
7868.0,7868.0,0.051585406
7869.0,7869.0,4.5046872E-5
7870.0,7870.0,0.0018497772
7871.0,7871.0,9.1385056E-4
7872.0,7872.0,0.20049588
7873.0,7873.0,0.28205338
7874.0,7874.0,0.035054427
7875.0,7875.0,0.7960835
7876.0,7876.0,0.6840992
7877.0,7877.0,0.05745471
7878.0,7878.0,0.3602345
7879.0,7879.0,0.050956402
7880.0,7880.0,0.040709123
7881.0,7881.0,0.01652757
7882.0,7882.0,0.55190706
7883.0,7883.0,0.26756912
7884.0,7884.0,0.012059393
7885.0,7885.0,0.089848705
7886.0,7886.0,0.032383587
7887.0,7887.0,8.54124E-5
7888.0,7888.0,0.112128586
7889.0,7889.0,0.008361737
7890.0,7890.0,0.18347614
7891.0,7891.0,6.776864E-6
7892.0,7892.0,0.04521081
7893.0,7893.0,0.20941025
7894.0,7894.0,0.06274511
7895.0,7895.0,0.031523056
7896.0,7896.0,0.03811074
7897.0,7897.0,0.052457586
7898.0,7898.0,0.8378842
7899.0,7899.0,0.18199754
7900.0,7900.0,0.016515072
7901.0,7901.0,0.6049184
7902.0,7902.0,0.2751217
7903.0,7903.0,0.0014203604
7904.0,7904.0,0.019906469
7905.0,7905.0,0.03747991
7906.0,7906.0,0.05272375
7907.0,7907.0,0.0026626948
7908.0,7908.0,5.2913206E-6
7909.0,7909.0,4.046583E-4
7910.0,7910.0,0.039306276
7911.0,7911.0,0.05830441
7912.0,7912.0,0.19789834
7913.0,7913.0,0.005368726
7914.0,7914.0,0.08008835
7915.0,7915.0,0.51590216
7916.0,7916.0,0.026946243
7917.0,7917.0,0.0018529212
7918.0,7918.0,0.55698484
7919.0,7919.0,0.0034035633
7920.0,7920.0,2.6584223E-6
7921.0,7921.0,0.009094512
7922.0,7922.0,0.03989479
7923.0,7923.0,0.08290931
7924.0,7924.0,0.6916149
7925.0,7925.0,0.41560817
7926.0,7926.0,0.0065581826
7927.0,7927.0,0.04798499
7928.0,7928.0,0.70821035
7929.0,7929.0,0.0837352
7930.0,7930.0,0.09427066
7931.0,7931.0,0.11901123
7932.0,7932.0,0.027274713
7933.0,7933.0,0.09446525
7934.0,7934.0,0.73211884
7935.0,7935.0,0.7096124
7936.0,7936.0,0.43737262
7937.0,7937.0,0.20554869
7938.0,7938.0,0.12710728
7939.0,7939.0,4.274131E-5
7940.0,7940.0,0.0578178
7941.0,7941.0,0.07212077
7942.0,7942.0,0.020145057
7943.0,7943.0,0.043511476
7944.0,7944.0,0.15003572
7945.0,7945.0,0.07818826
7946.0,7946.0,0.61129165
7947.0,7947.0,0.06893401
7948.0,7948.0,0.0010513092
7949.0,7949.0,0.036071695
7950.0,7950.0,0.16514432
7951.0,7951.0,0.12812217
7952.0,7952.0,0.6557039
7953.0,7953.0,0.040873673
7954.0,7954.0,0.024716798
7955.0,7955.0,0.054805778
7956.0,7956.0,0.026893493
7957.0,7957.0,0.020663409
7958.0,7958.0,0.46222067
7959.0,7959.0,0.08177187
7960.0,7960.0,0.11197941
7961.0,7961.0,0.022200454
7962.0,7962.0,0.6699046
7963.0,7963.0,0.040872034
7964.0,7964.0,0.05294541
7965.0,7965.0,0.11498463
7966.0,7966.0,0.009882859
7967.0,7967.0,0.21979974
7968.0,7968.0,0.023367813
7969.0,7969.0,0.61267406
7970.0,7970.0,0.06781011
7971.0,7971.0,0.036699727
7972.0,7972.0,0.038272507
7973.0,7973.0,0.020335978
7974.0,7974.0,0.03201507
7975.0,7975.0,0.3314551
7976.0,7976.0,0.0801899
7977.0,7977.0,0.004148538
7978.0,7978.0,0.03344852
7979.0,7979.0,0.022027815
7980.0,7980.0,0.005081196
7981.0,7981.0,0.019023612
7982.0,7982.0,0.7873223
7983.0,7983.0,0.33976296
7984.0,7984.0,0.089741506
7985.0,7985.0,0.040188417
7986.0,7986.0,0.6260511
7987.0,7987.0,0.11162993
7988.0,7988.0,0.034443125
7989.0,7989.0,0.008025982
7990.0,7990.0,0.09145056
7991.0,7991.0,0.014737838
7992.0,7992.0,2.8499932E-4
7993.0,7993.0,0.71632206
7994.0,7994.0,0.121638976
7995.0,7995.0,0.025035841
7996.0,7996.0,0.07470562
7997.0,7997.0,0.67083806
7998.0,7998.0,0.023891898
7999.0,7999.0,0.03442376
8000.0,8000.0,0.069286704
8001.0,8001.0,0.80300325
8002.0,8002.0,0.059202608
8003.0,8003.0,0.08522254
8004.0,8004.0,0.061292164
8005.0,8005.0,0.27755365
8006.0,8006.0,0.0047460943
8007.0,8007.0,0.019374512
8008.0,8008.0,4.9180802E-5
8009.0,8009.0,0.8090004
8010.0,8010.0,0.054824665
8011.0,8011.0,0.22119251
8012.0,8012.0,0.002070596
8013.0,8013.0,0.02310345
8014.0,8014.0,0.09875694
8015.0,8015.0,0.6916443
8016.0,8016.0,0.57796687
8017.0,8017.0,0.17686021
8018.0,8018.0,0.030973248
8019.0,8019.0,0.34427154
8020.0,8020.0,0.002525991
8021.0,8021.0,0.021454072
8022.0,8022.0,0.10082927
8023.0,8023.0,0.82616425
8024.0,8024.0,0.18145481
8025.0,8025.0,0.0015388904
8026.0,8026.0,0.093164876
8027.0,8027.0,0.1643461
8028.0,8028.0,0.70129496
8029.0,8029.0,0.12712026
8030.0,8030.0,0.20924905
8031.0,8031.0,7.234033E-5
8032.0,8032.0,0.012166716
8033.0,8033.0,0.5916534
8034.0,8034.0,0.07804391
8035.0,8035.0,1.132277E-4
8036.0,8036.0,0.3648965
8037.0,8037.0,0.024699626
8038.0,8038.0,8.299725E-4
8039.0,8039.0,0.12927471
8040.0,8040.0,0.07682784
8041.0,8041.0,0.2567875
8042.0,8042.0,1.8608493E-4
8043.0,8043.0,0.050447334
8044.0,8044.0,0.0067451517
8045.0,8045.0,0.058897525
8046.0,8046.0,0.035543665
8047.0,8047.0,0.0026609257
8048.0,8048.0,0.45994082
8049.0,8049.0,0.091831334
8050.0,8050.0,6.503759E-4
8051.0,8051.0,0.6918387
8052.0,8052.0,0.025064286
8053.0,8053.0,7.919126E-4
8054.0,8054.0,0.24205902
8055.0,8055.0,0.49386773
8056.0,8056.0,0.69288254
8057.0,8057.0,0.09482822
8058.0,8058.0,0.054286815
8059.0,8059.0,0.077575356
8060.0,8060.0,0.43616113
8061.0,8061.0,0.010335011
8062.0,8062.0,1.7032062E-4
8063.0,8063.0,0.017663246
8064.0,8064.0,0.18052456
8065.0,8065.0,0.14258987
8066.0,8066.0,2.473608E-4
8067.0,8067.0,0.031542387
8068.0,8068.0,0.0019173638
8069.0,8069.0,0.21085879
8070.0,8070.0,0.032858137
8071.0,8071.0,0.020747606
8072.0,8072.0,0.08057918
8073.0,8073.0,0.010342469
8074.0,8074.0,0.06275435
8075.0,8075.0,0.06909154
8076.0,8076.0,0.05014574
8077.0,8077.0,0.0018124481
8078.0,8078.0,0.023098925
8079.0,8079.0,0.03633918
8080.0,8080.0,7.1125943E-4
8081.0,8081.0,0.013930839
8082.0,8082.0,0.027008345
8083.0,8083.0,0.022858618
8084.0,8084.0,0.007916253
8085.0,8085.0,3.4557673E-4
8086.0,8086.0,0.043830335
8087.0,8087.0,0.11243999
8088.0,8088.0,0.05881168
8089.0,8089.0,0.16957773
8090.0,8090.0,0.04798538
8091.0,8091.0,0.028411638
8092.0,8092.0,0.75754756
8093.0,8093.0,0.013993088
8094.0,8094.0,8.841251E-6
8095.0,8095.0,0.039938074
8096.0,8096.0,0.16932726
8097.0,8097.0,9.575554E-4
8098.0,8098.0,0.04771614
8099.0,8099.0,0.06351324
8100.0,8100.0,0.083958484
8101.0,8101.0,0.040076658
8102.0,8102.0,0.6159063
8103.0,8103.0,0.505005
8104.0,8104.0,0.026748188
8105.0,8105.0,6.392144E-5
8106.0,8106.0,8.242386E-4
8107.0,8107.0,0.6678048
8108.0,8108.0,0.02609863
8109.0,8109.0,0.036742087
8110.0,8110.0,0.0050009675
8111.0,8111.0,0.1656969
8112.0,8112.0,0.021570716
8113.0,8113.0,0.60815585
8114.0,8114.0,0.33481
8115.0,8115.0,0.0531796
8116.0,8116.0,0.045500003
8117.0,8117.0,0.1139449
8118.0,8118.0,0.30874127
8119.0,8119.0,0.02429558
8120.0,8120.0,6.489305E-4
8121.0,8121.0,0.1811679
8122.0,8122.0,0.1407234
8123.0,8123.0,0.100903556
8124.0,8124.0,0.020608813
8125.0,8125.0,0.11422878
8126.0,8126.0,0.6366348
8127.0,8127.0,0.020173313
8128.0,8128.0,0.58057684
8129.0,8129.0,0.058441896
8130.0,8130.0,0.699952
8131.0,8131.0,1.5170903E-4
8132.0,8132.0,1.0806001E-4
8133.0,8133.0,0.64359146
8134.0,8134.0,0.1231419
8135.0,8135.0,0.14734079
8136.0,8136.0,0.67637706
8137.0,8137.0,0.051496845
8138.0,8138.0,0.39820978
8139.0,8139.0,0.03386671
8140.0,8140.0,0.34617266
8141.0,8141.0,0.044279784
8142.0,8142.0,0.059019465
8143.0,8143.0,0.016766872
8144.0,8144.0,1.2234792E-4
8145.0,8145.0,0.6729537
8146.0,8146.0,6.947697E-5
8147.0,8147.0,0.05605844
8148.0,8148.0,0.5916526
8149.0,8149.0,0.02327589
8150.0,8150.0,0.33945554
8151.0,8151.0,0.04881642
8152.0,8152.0,0.039848004
8153.0,8153.0,0.0077376915
8154.0,8154.0,0.020010762
8155.0,8155.0,0.43123546
8156.0,8156.0,0.0021443488
8157.0,8157.0,0.14535135
8158.0,8158.0,0.06418522
8159.0,8159.0,0.017936327
8160.0,8160.0,0.04591771
8161.0,8161.0,0.28024024
8162.0,8162.0,0.29581136
8163.0,8163.0,0.011182279
8164.0,8164.0,0.014859334
8165.0,8165.0,0.081237294
8166.0,8166.0,0.23628652
8167.0,8167.0,0.17923076
8168.0,8168.0,0.3408667
8169.0,8169.0,0.075189196
8170.0,8170.0,0.068962656
8171.0,8171.0,0.06276278
8172.0,8172.0,0.0015216153
8173.0,8173.0,0.65948576
8174.0,8174.0,0.041581586
8175.0,8175.0,0.09104343
8176.0,8176.0,0.07037683
8177.0,8177.0,0.060362075
8178.0,8178.0,0.007595357
8179.0,8179.0,0.027449567
8180.0,8180.0,0.026208377
8181.0,8181.0,0.08261936
8182.0,8182.0,3.7453842E-4
8183.0,8183.0,0.010622388
8184.0,8184.0,0.05543224
8185.0,8185.0,0.15594414
8186.0,8186.0,0.018435316
8187.0,8187.0,0.036249496
8188.0,8188.0,6.326446E-4
8189.0,8189.0,0.19033377
8190.0,8190.0,0.028728578
8191.0,8191.0,0.6031252
8192.0,8192.0,0.32994124
8193.0,8193.0,0.16992241
8194.0,8194.0,0.0063019823
8195.0,8195.0,0.006478138
8196.0,8196.0,0.02212556
8197.0,8197.0,0.63610286
8198.0,8198.0,0.0056003453
8199.0,8199.0,0.018042494
8200.0,8200.0,0.6294453
8201.0,8201.0,0.020624612
8202.0,8202.0,0.55284935
8203.0,8203.0,0.4475172
8204.0,8204.0,0.7532575
8205.0,8205.0,0.040804543
8206.0,8206.0,0.01576128
8207.0,8207.0,0.7895871
8208.0,8208.0,0.107746445
8209.0,8209.0,0.60289586
8210.0,8210.0,0.7780348
8211.0,8211.0,1.9621502E-6
8212.0,8212.0,0.5570911
8213.0,8213.0,4.6230114E-5
8214.0,8214.0,0.019559551
8215.0,8215.0,0.008319553
8216.0,8216.0,0.16746438
8217.0,8217.0,6.510854E-5
8218.0,8218.0,0.030608412
8219.0,8219.0,0.26970366
8220.0,8220.0,0.4573328
8221.0,8221.0,0.55719674
8222.0,8222.0,0.014691243
8223.0,8223.0,0.071717806
8224.0,8224.0,0.33536604
8225.0,8225.0,0.74095607
8226.0,8226.0,0.0781385
8227.0,8227.0,0.11811595
8228.0,8228.0,1.3986861E-4
8229.0,8229.0,8.178211E-5
8230.0,8230.0,0.0014880414
8231.0,8231.0,6.807972E-4
8232.0,8232.0,0.043240983
8233.0,8233.0,0.5044576
8234.0,8234.0,0.18970375
8235.0,8235.0,4.1310024E-5
8236.0,8236.0,0.13541079
8237.0,8237.0,0.023551181
8238.0,8238.0,0.052976724
8239.0,8239.0,0.09184256
8240.0,8240.0,0.07200538
8241.0,8241.0,0.035726417
8242.0,8242.0,1.2944161E-4
8243.0,8243.0,2.1149027E-4
8244.0,8244.0,0.26090804
8245.0,8245.0,0.03382077
8246.0,8246.0,0.83422875
8247.0,8247.0,0.6770209
8248.0,8248.0,0.036943726
8249.0,8249.0,0.11584143
8250.0,8250.0,0.123178296
8251.0,8251.0,1.2837404E-5
8252.0,8252.0,0.04007371
8253.0,8253.0,0.055239324
8254.0,8254.0,0.2827828
8255.0,8255.0,0.026585381
8256.0,8256.0,0.74112123
8257.0,8257.0,0.0025161675
8258.0,8258.0,0.0017243813
8259.0,8259.0,0.01612553
8260.0,8260.0,8.155802E-5
8261.0,8261.0,0.045558672
8262.0,8262.0,0.018897116
8263.0,8263.0,0.067101985
8264.0,8264.0,0.060789093
8265.0,8265.0,0.5934996
8266.0,8266.0,0.44651955
8267.0,8267.0,0.6967154
8268.0,8268.0,0.021918628
8269.0,8269.0,0.46949038
8270.0,8270.0,0.06961346
8271.0,8271.0,0.53565353
8272.0,8272.0,0.008560556
8273.0,8273.0,0.015952654
8274.0,8274.0,0.7991183
8275.0,8275.0,0.5942169
8276.0,8276.0,0.049566876
8277.0,8277.0,0.01301709
8278.0,8278.0,0.08092588
8279.0,8279.0,0.030419096
8280.0,8280.0,0.089931734
8281.0,8281.0,0.08511146
8282.0,8282.0,0.0318294
8283.0,8283.0,0.1359418
8284.0,8284.0,0.00831356
8285.0,8285.0,0.030255321
8286.0,8286.0,0.42458194
8287.0,8287.0,0.15873924
8288.0,8288.0,0.006081794
8289.0,8289.0,0.015277714
8290.0,8290.0,0.0153026
8291.0,8291.0,0.6676615
8292.0,8292.0,0.00863601
8293.0,8293.0,0.20487729
8294.0,8294.0,0.010467723
8295.0,8295.0,0.63048685
8296.0,8296.0,0.48243427
8297.0,8297.0,0.004848769
8298.0,8298.0,0.007156515
8299.0,8299.0,0.17018919
8300.0,8300.0,0.52793384
8301.0,8301.0,0.6467643
8302.0,8302.0,0.58237755
8303.0,8303.0,0.6466752
8304.0,8304.0,0.5948894
8305.0,8305.0,0.036767855
8306.0,8306.0,0.025448255
8307.0,8307.0,0.071447425
8308.0,8308.0,0.010135034
8309.0,8309.0,0.017025024
8310.0,8310.0,0.8043547
8311.0,8311.0,0.01212077
8312.0,8312.0,0.081478775
8313.0,8313.0,0.026266828
8314.0,8314.0,0.027909536
8315.0,8315.0,0.039643563
8316.0,8316.0,0.0034758113
8317.0,8317.0,0.027264267
8318.0,8318.0,0.4471469
8319.0,8319.0,0.03094082
8320.0,8320.0,0.12280426
8321.0,8321.0,0.00424635
8322.0,8322.0,0.014432319
8323.0,8323.0,0.09522218
8324.0,8324.0,0.6640019
8325.0,8325.0,0.009018989
8326.0,8326.0,0.014051178
8327.0,8327.0,0.09325532
8328.0,8328.0,0.118213944
8329.0,8329.0,0.036578912
8330.0,8330.0,0.007976971
8331.0,8331.0,0.0706208
8332.0,8332.0,0.63995975
8333.0,8333.0,0.06754587
8334.0,8334.0,0.45852032
8335.0,8335.0,0.073624045
8336.0,8336.0,0.008872206
8337.0,8337.0,0.017226286
8338.0,8338.0,0.11726103
8339.0,8339.0,7.686399E-5
8340.0,8340.0,0.10509123
8341.0,8341.0,2.581199E-5
8342.0,8342.0,0.15745234
8343.0,8343.0,0.03238874
8344.0,8344.0,0.05766373
8345.0,8345.0,0.5464417
8346.0,8346.0,0.6801458
8347.0,8347.0,0.15877731
8348.0,8348.0,0.50042284
8349.0,8349.0,0.091725886
8350.0,8350.0,0.24116214
8351.0,8351.0,0.18698677
8352.0,8352.0,0.33142608
8353.0,8353.0,0.037822865
8354.0,8354.0,0.011356578
8355.0,8355.0,1.08214655E-4
8356.0,8356.0,0.008722152
8357.0,8357.0,0.08320497
8358.0,8358.0,0.019312318
8359.0,8359.0,0.0051740957
8360.0,8360.0,0.027098885
8361.0,8361.0,0.083392486
8362.0,8362.0,0.050313182
8363.0,8363.0,2.4581226E-4
8364.0,8364.0,0.015211672
8365.0,8365.0,0.049819704
8366.0,8366.0,0.018382568
8367.0,8367.0,0.03834217
8368.0,8368.0,0.04636603
8369.0,8369.0,0.027396584
8370.0,8370.0,0.10130729
8371.0,8371.0,0.23060314
8372.0,8372.0,0.018560821
8373.0,8373.0,7.5663224E-6
8374.0,8374.0,0.62914324
8375.0,8375.0,0.025402222
8376.0,8376.0,0.038182218
8377.0,8377.0,0.65683234
8378.0,8378.0,0.82388246
8379.0,8379.0,0.003910635
8380.0,8380.0,0.13922545
8381.0,8381.0,0.0198647
8382.0,8382.0,0.15062992
8383.0,8383.0,0.28150097
8384.0,8384.0,0.6630654
8385.0,8385.0,0.035213917
8386.0,8386.0,0.006608488
8387.0,8387.0,0.71418035
8388.0,8388.0,0.12510358
8389.0,8389.0,0.66980475
8390.0,8390.0,0.077567905
8391.0,8391.0,9.67971E-6
8392.0,8392.0,0.35476658
8393.0,8393.0,0.0060339263
8394.0,8394.0,0.15043548
8395.0,8395.0,0.40221584
8396.0,8396.0,0.0051240716
8397.0,8397.0,0.009980038
8398.0,8398.0,0.123387605
8399.0,8399.0,0.053306147
8400.0,8400.0,0.017840454
8401.0,8401.0,0.026122645
8402.0,8402.0,0.10282766
8403.0,8403.0,0.045967758
8404.0,8404.0,0.26472846
8405.0,8405.0,0.093011774
8406.0,8406.0,0.008118658
8407.0,8407.0,0.63567764
8408.0,8408.0,0.4585389
8409.0,8409.0,0.12482303
8410.0,8410.0,0.0071220333
8411.0,8411.0,2.604343E-6
8412.0,8412.0,0.062271636
8413.0,8413.0,0.016399851
8414.0,8414.0,0.020298235
8415.0,8415.0,0.019243127
8416.0,8416.0,1.393121E-4
8417.0,8417.0,0.082001776
8418.0,8418.0,0.051051825
8419.0,8419.0,0.0058511957
8420.0,8420.0,0.4358973
8421.0,8421.0,0.04009394
8422.0,8422.0,0.011923926
8423.0,8423.0,0.070489205
8424.0,8424.0,9.88694E-6
8425.0,8425.0,1.5581158E-4
8426.0,8426.0,0.5954416
8427.0,8427.0,0.029257294
8428.0,8428.0,0.06433601
8429.0,8429.0,0.012316879
8430.0,8430.0,1.2524512E-4
8431.0,8431.0,0.06289183
8432.0,8432.0,0.23326404
8433.0,8433.0,1.5623427E-5
8434.0,8434.0,0.0015451399
8435.0,8435.0,0.060962122
8436.0,8436.0,0.04013563
8437.0,8437.0,0.019065462
8438.0,8438.0,0.1971699
8439.0,8439.0,0.23273666
8440.0,8440.0,0.63070613
8441.0,8441.0,0.25716925
8442.0,8442.0,0.051169895
8443.0,8443.0,0.10823018
8444.0,8444.0,0.008349835
8445.0,8445.0,0.011761561
8446.0,8446.0,0.004512561
8447.0,8447.0,0.30041283
8448.0,8448.0,0.15661334
8449.0,8449.0,0.015417904
8450.0,8450.0,0.011406609
8451.0,8451.0,0.029806018
8452.0,8452.0,0.0070207054
8453.0,8453.0,0.15410589
8454.0,8454.0,0.03527848
8455.0,8455.0,0.2650394
8456.0,8456.0,0.11158725
8457.0,8457.0,0.09545335
8458.0,8458.0,0.057108283
8459.0,8459.0,0.16776678
8460.0,8460.0,0.22077727
8461.0,8461.0,0.013234114
8462.0,8462.0,3.1332314E-4
8463.0,8463.0,0.6433536
8464.0,8464.0,0.13031381
8465.0,8465.0,0.023908047
8466.0,8466.0,2.919958E-4
8467.0,8467.0,0.11815888
8468.0,8468.0,1.9449506E-4
8469.0,8469.0,0.59056276
8470.0,8470.0,4.2943965E-4
8471.0,8471.0,0.041655414
8472.0,8472.0,0.6484719
8473.0,8473.0,0.1741832
8474.0,8474.0,3.206455E-5
8475.0,8475.0,0.14079192
8476.0,8476.0,0.016028604
8477.0,8477.0,0.014769368
8478.0,8478.0,0.019582953
8479.0,8479.0,0.04220171
8480.0,8480.0,0.028938932
8481.0,8481.0,0.23062623
8482.0,8482.0,0.4461035
8483.0,8483.0,0.093284614
8484.0,8484.0,8.442234E-7
8485.0,8485.0,0.06544123
8486.0,8486.0,0.16300294
8487.0,8487.0,0.021325687
8488.0,8488.0,0.89806736
8489.0,8489.0,0.42332095
8490.0,8490.0,0.7450518
8491.0,8491.0,1.4428795E-5
8492.0,8492.0,0.012548893
8493.0,8493.0,0.094654545
8494.0,8494.0,0.20710175
8495.0,8495.0,0.025370983
8496.0,8496.0,0.1051727
8497.0,8497.0,0.80557007
8498.0,8498.0,0.07311656
8499.0,8499.0,0.06826932
8500.0,8500.0,0.0013824712
8501.0,8501.0,0.06830511
8502.0,8502.0,0.69620687
8503.0,8503.0,0.7658507
8504.0,8504.0,0.13163738
8505.0,8505.0,0.54069406
8506.0,8506.0,0.05914839
8507.0,8507.0,0.036460165
8508.0,8508.0,0.0045181117
8509.0,8509.0,0.03168814
8510.0,8510.0,0.18432401
8511.0,8511.0,0.41006884
8512.0,8512.0,0.019968217
8513.0,8513.0,0.053860057
8514.0,8514.0,0.7175485
8515.0,8515.0,0.025366694
8516.0,8516.0,0.5747266
8517.0,8517.0,0.18071014
8518.0,8518.0,0.06269903
8519.0,8519.0,0.061308883
8520.0,8520.0,0.07991085
8521.0,8521.0,6.120783E-4
8522.0,8522.0,0.24357377
8523.0,8523.0,0.02064251
8524.0,8524.0,0.5559939
8525.0,8525.0,0.19274417
8526.0,8526.0,0.013635931
8527.0,8527.0,0.007762186
8528.0,8528.0,0.16875054
8529.0,8529.0,0.082125776
8530.0,8530.0,0.52950776
8531.0,8531.0,0.102839
8532.0,8532.0,0.06395091
8533.0,8533.0,0.07842214
8534.0,8534.0,0.028878475
8535.0,8535.0,0.012813523
8536.0,8536.0,0.0066778813
8537.0,8537.0,0.017747864
8538.0,8538.0,0.16279304
8539.0,8539.0,0.29541463
8540.0,8540.0,0.0598653
8541.0,8541.0,0.010454524
8542.0,8542.0,0.076260425
8543.0,8543.0,0.6545319
8544.0,8544.0,0.64918053
8545.0,8545.0,0.06276031
8546.0,8546.0,0.40349877
8547.0,8547.0,0.5223097
8548.0,8548.0,0.018549038
8549.0,8549.0,2.03713E-5
8550.0,8550.0,0.73186916
8551.0,8551.0,0.693
8552.0,8552.0,0.03528468
8553.0,8553.0,0.038786363
8554.0,8554.0,0.08525899
8555.0,8555.0,0.10741197
8556.0,8556.0,0.16101655
8557.0,8557.0,0.0010910132
8558.0,8558.0,0.21637544
8559.0,8559.0,0.17770617
8560.0,8560.0,0.007267
8561.0,8561.0,0.05166865
8562.0,8562.0,0.13895436
8563.0,8563.0,0.04200119
8564.0,8564.0,0.46704972
8565.0,8565.0,0.06964921
8566.0,8566.0,0.0549499
8567.0,8567.0,0.28874028
8568.0,8568.0,0.07029783
8569.0,8569.0,0.48947132
8570.0,8570.0,0.06711046
8571.0,8571.0,0.0056246696
8572.0,8572.0,0.25402123
8573.0,8573.0,0.028693464
8574.0,8574.0,0.008977473
8575.0,8575.0,0.17867318
8576.0,8576.0,0.3616011
8577.0,8577.0,0.005886243
8578.0,8578.0,0.013772962
8579.0,8579.0,0.0424558
8580.0,8580.0,0.60934776
8581.0,8581.0,0.062843695
8582.0,8582.0,0.004924706
8583.0,8583.0,0.81953114
8584.0,8584.0,0.019230433
8585.0,8585.0,1.616288E-4
8586.0,8586.0,0.08855493
8587.0,8587.0,0.017123368
8588.0,8588.0,0.061465956
8589.0,8589.0,0.031760164
8590.0,8590.0,0.7080532
8591.0,8591.0,2.2555493E-4
8592.0,8592.0,0.07562257
8593.0,8593.0,0.011355147
8594.0,8594.0,0.1644378
8595.0,8595.0,0.6875184
8596.0,8596.0,0.080182284
8597.0,8597.0,0.008604133
8598.0,8598.0,3.1774284E-6
8599.0,8599.0,0.0057707727
8600.0,8600.0,0.05049106
8601.0,8601.0,0.0024725278
8602.0,8602.0,7.340681E-4
8603.0,8603.0,0.5935037
8604.0,8604.0,0.009107052
8605.0,8605.0,0.012817589
8606.0,8606.0,0.055700127
8607.0,8607.0,0.8098527
8608.0,8608.0,0.09819816
8609.0,8609.0,1.9958634E-4
8610.0,8610.0,0.14256954
8611.0,8611.0,0.1242314
8612.0,8612.0,0.07722156
8613.0,8613.0,0.62320685
8614.0,8614.0,0.16339006
8615.0,8615.0,0.111404926
8616.0,8616.0,0.0010396421
8617.0,8617.0,0.33193734
8618.0,8618.0,0.0420938
8619.0,8619.0,0.042263743
8620.0,8620.0,0.38948655
8621.0,8621.0,0.11680253
8622.0,8622.0,0.026379779
8623.0,8623.0,7.626552E-4
8624.0,8624.0,0.028295754
8625.0,8625.0,0.038283736
8626.0,8626.0,0.2776548
8627.0,8627.0,0.023287006
8628.0,8628.0,1.0454309E-4
8629.0,8629.0,0.09423011
8630.0,8630.0,0.015088461
8631.0,8631.0,0.08130219
8632.0,8632.0,5.086253E-4
8633.0,8633.0,0.013479702
8634.0,8634.0,0.72243977
8635.0,8635.0,0.42366597
8636.0,8636.0,0.042788856
8637.0,8637.0,0.19267084
8638.0,8638.0,0.0051922817
8639.0,8639.0,0.09252347
8640.0,8640.0,0.0014301988
8641.0,8641.0,0.18199399
8642.0,8642.0,0.0057215644
8643.0,8643.0,0.017876403
8644.0,8644.0,0.016264707
8645.0,8645.0,4.4865155E-5
8646.0,8646.0,4.778837E-5
8647.0,8647.0,0.05454913
8648.0,8648.0,3.7350484E-5
8649.0,8649.0,8.258616E-5
8650.0,8650.0,0.5750782
8651.0,8651.0,0.020099273
8652.0,8652.0,3.156022E-4
8653.0,8653.0,2.4377947E-5
8654.0,8654.0,0.38534063
8655.0,8655.0,0.009574098
8656.0,8656.0,0.80188936
8657.0,8657.0,0.0033108287
8658.0,8658.0,0.04000984
8659.0,8659.0,0.0050780717
8660.0,8660.0,0.7903576
8661.0,8661.0,0.13406858
8662.0,8662.0,0.09790718
8663.0,8663.0,0.6373651
8664.0,8664.0,2.1323522E-4
8665.0,8665.0,0.05872478
8666.0,8666.0,0.12591864
8667.0,8667.0,0.56043714
8668.0,8668.0,0.0029418666
8669.0,8669.0,0.00215033
8670.0,8670.0,0.14475901
8671.0,8671.0,0.041063778
8672.0,8672.0,0.0023219497
8673.0,8673.0,0.019753492
8674.0,8674.0,0.08916276
8675.0,8675.0,0.06972583
8676.0,8676.0,0.08481422
8677.0,8677.0,0.05081438
8678.0,8678.0,0.014919365
8679.0,8679.0,0.5613149
8680.0,8680.0,2.4092833E-5
8681.0,8681.0,0.24158615
8682.0,8682.0,0.6375014
8683.0,8683.0,4.2648706E-5
8684.0,8684.0,0.06423844
8685.0,8685.0,0.013860196
8686.0,8686.0,0.4121073
8687.0,8687.0,0.011610962
8688.0,8688.0,0.024444845
8689.0,8689.0,0.031362865
8690.0,8690.0,0.075319186
8691.0,8691.0,0.051274743
8692.0,8692.0,0.018846417
8693.0,8693.0,0.0769279
8694.0,8694.0,0.11009747
8695.0,8695.0,0.026748532
8696.0,8696.0,0.09052885
8697.0,8697.0,0.00836064
8698.0,8698.0,0.69288737
8699.0,8699.0,0.09389473
8700.0,8700.0,0.7353353
8701.0,8701.0,0.03908393
8702.0,8702.0,1.1685138E-4
8703.0,8703.0,0.0012294315
8704.0,8704.0,0.0021976647
8705.0,8705.0,0.017534643
8706.0,8706.0,0.6749471
8707.0,8707.0,0.79915595
8708.0,8708.0,0.58222884
8709.0,8709.0,0.025776042
8710.0,8710.0,0.6560276
8711.0,8711.0,0.03654003
8712.0,8712.0,0.02737044
8713.0,8713.0,0.04434821
8714.0,8714.0,0.027638316
8715.0,8715.0,0.62621146
8716.0,8716.0,0.2969184
8717.0,8717.0,0.001798925
8718.0,8718.0,0.08278975
8719.0,8719.0,0.026152942
8720.0,8720.0,0.036200814
8721.0,8721.0,0.11498678
8722.0,8722.0,6.612444E-5
8723.0,8723.0,0.41968733
8724.0,8724.0,0.007623348
8725.0,8725.0,0.08753325
8726.0,8726.0,0.20937283
8727.0,8727.0,0.052692212
8728.0,8728.0,0.034685
8729.0,8729.0,0.29631406
8730.0,8730.0,0.48894864
8731.0,8731.0,0.21162105
8732.0,8732.0,0.008647262
8733.0,8733.0,0.00696215
8734.0,8734.0,0.44858506
8735.0,8735.0,0.78309894
8736.0,8736.0,0.05737725
8737.0,8737.0,0.0016023669
8738.0,8738.0,0.007136989
8739.0,8739.0,0.010389311
8740.0,8740.0,0.0032490562
8741.0,8741.0,0.066561684
8742.0,8742.0,0.05788334
8743.0,8743.0,3.4136505E-5
8744.0,8744.0,0.0063323574
8745.0,8745.0,0.49932995
8746.0,8746.0,0.022511167
8747.0,8747.0,0.09883758
8748.0,8748.0,0.72210413
8749.0,8749.0,0.23518051
8750.0,8750.0,0.044346035
8751.0,8751.0,0.33947432
8752.0,8752.0,0.011946186
8753.0,8753.0,0.06842568
8754.0,8754.0,1.598114E-4
8755.0,8755.0,0.27487555
8756.0,8756.0,0.053752694
8757.0,8757.0,1.1959369E-5
8758.0,8758.0,0.73342925
8759.0,8759.0,0.14081405
8760.0,8760.0,0.15237029
8761.0,8761.0,0.5793324
8762.0,8762.0,0.047959387
8763.0,8763.0,0.056323558
8764.0,8764.0,0.012763168
8765.0,8765.0,0.7978823
8766.0,8766.0,0.011001327
8767.0,8767.0,0.01969351
8768.0,8768.0,0.027162228
8769.0,8769.0,0.013054226
8770.0,8770.0,0.63500416
8771.0,8771.0,0.63036656
8772.0,8772.0,0.0396463
8773.0,8773.0,0.12714155
8774.0,8774.0,0.01626544
8775.0,8775.0,0.015009389
8776.0,8776.0,0.07755102
8777.0,8777.0,0.012372838
8778.0,8778.0,0.109153904
8779.0,8779.0,1.1403608E-5
8780.0,8780.0,0.18545528
8781.0,8781.0,0.253206
8782.0,8782.0,0.00885354
8783.0,8783.0,1.8400306E-4
8784.0,8784.0,0.05980515
8785.0,8785.0,0.06461367
8786.0,8786.0,0.7956366
8787.0,8787.0,0.081550635
8788.0,8788.0,8.1571394E-5
8789.0,8789.0,0.010258128
8790.0,8790.0,0.08123388
8791.0,8791.0,1.1201999E-4
8792.0,8792.0,0.5741314
8793.0,8793.0,0.09328632
8794.0,8794.0,0.586609
8795.0,8795.0,0.01277309
8796.0,8796.0,0.068282254
8797.0,8797.0,1.0178098E-4
8798.0,8798.0,0.21371992
8799.0,8799.0,0.10848291
8800.0,8800.0,0.041758258
8801.0,8801.0,1.0411939E-5
8802.0,8802.0,0.75666845
8803.0,8803.0,0.0014324136
8804.0,8804.0,0.1186253
8805.0,8805.0,0.080625
8806.0,8806.0,0.17214637
8807.0,8807.0,0.15400119
8808.0,8808.0,0.0016234193
8809.0,8809.0,0.07534305
8810.0,8810.0,0.016519798
8811.0,8811.0,9.887647E-4
8812.0,8812.0,0.04508798
8813.0,8813.0,0.17179428
8814.0,8814.0,0.22265951
8815.0,8815.0,0.031292185
8816.0,8816.0,0.019434491
8817.0,8817.0,0.1445547
8818.0,8818.0,0.014117835
8819.0,8819.0,0.042731423
8820.0,8820.0,0.052613836
8821.0,8821.0,0.15072945
8822.0,8822.0,0.029291134
8823.0,8823.0,0.027871381
8824.0,8824.0,0.042860933
8825.0,8825.0,0.77119404
8826.0,8826.0,0.058789752
8827.0,8827.0,0.7406557
8828.0,8828.0,1.3328258E-4
8829.0,8829.0,0.6547352
8830.0,8830.0,0.011167952
8831.0,8831.0,0.042626094
8832.0,8832.0,0.017824847
8833.0,8833.0,0.014458961
8834.0,8834.0,0.71196127
8835.0,8835.0,0.0498311
8836.0,8836.0,0.084395155
8837.0,8837.0,0.001433474
8838.0,8838.0,0.052493528
8839.0,8839.0,0.009535246
8840.0,8840.0,0.11649349
8841.0,8841.0,0.24727635
8842.0,8842.0,0.05942774
8843.0,8843.0,0.14811331
8844.0,8844.0,0.01780025
8845.0,8845.0,0.0033147836
8846.0,8846.0,0.0061268206
8847.0,8847.0,0.06416379
8848.0,8848.0,0.0859138
8849.0,8849.0,0.080027714
8850.0,8850.0,0.23337337
8851.0,8851.0,0.021406002
8852.0,8852.0,0.030264499
8853.0,8853.0,0.035099138
8854.0,8854.0,0.009789162
8855.0,8855.0,4.0445175E-5
8856.0,8856.0,0.59571403
8857.0,8857.0,0.08012791
8858.0,8858.0,0.6864956
8859.0,8859.0,5.4891832E-5
8860.0,8860.0,4.4529046E-5
8861.0,8861.0,0.02756143
8862.0,8862.0,0.016828353
8863.0,8863.0,0.05598618
8864.0,8864.0,0.027256032
8865.0,8865.0,0.05887689
8866.0,8866.0,0.21714404
8867.0,8867.0,0.7696989
8868.0,8868.0,0.8389462
8869.0,8869.0,0.26626506
8870.0,8870.0,0.28621012
8871.0,8871.0,0.0027665002
8872.0,8872.0,0.25287864
8873.0,8873.0,0.011156622
8874.0,8874.0,0.69619787
8875.0,8875.0,0.010599504
8876.0,8876.0,0.026839806
8877.0,8877.0,0.16097482
8878.0,8878.0,0.019022465
8879.0,8879.0,0.18415324
8880.0,8880.0,1.9080439E-4
8881.0,8881.0,0.017072024
8882.0,8882.0,0.017289547
8883.0,8883.0,0.7892564
8884.0,8884.0,0.114210986
8885.0,8885.0,0.02766414
8886.0,8886.0,0.094011515
8887.0,8887.0,0.13223182
8888.0,8888.0,0.030513644
8889.0,8889.0,0.13822877
8890.0,8890.0,0.009852823
8891.0,8891.0,0.065771215
8892.0,8892.0,0.28706196
8893.0,8893.0,0.017579291
8894.0,8894.0,0.070971504
8895.0,8895.0,0.0069751297
8896.0,8896.0,0.040755674
8897.0,8897.0,0.036797963
8898.0,8898.0,0.0017938914
8899.0,8899.0,0.054524027
8900.0,8900.0,0.24943861
8901.0,8901.0,0.017684422
8902.0,8902.0,0.052902155
8903.0,8903.0,0.7679522
8904.0,8904.0,0.4122344
8905.0,8905.0,0.019737108
8906.0,8906.0,0.31454566
8907.0,8907.0,0.5124916
8908.0,8908.0,0.026737008
8909.0,8909.0,0.38889915
8910.0,8910.0,0.0071421443
8911.0,8911.0,0.04133132
8912.0,8912.0,0.034394003
8913.0,8913.0,0.5140087
8914.0,8914.0,6.0015894E-4
8915.0,8915.0,0.034039505
8916.0,8916.0,0.55420816
8917.0,8917.0,0.84512615
8918.0,8918.0,0.41774303
8919.0,8919.0,0.7483308
8920.0,8920.0,0.115174614
8921.0,8921.0,0.78139967
8922.0,8922.0,0.018339794
8923.0,8923.0,0.054979753
8924.0,8924.0,0.044722877
8925.0,8925.0,0.11270702
8926.0,8926.0,9.867072E-4
8927.0,8927.0,0.003576508
8928.0,8928.0,0.072250955
8929.0,8929.0,0.00854541
8930.0,8930.0,0.6044996
8931.0,8931.0,0.0010806356
8932.0,8932.0,0.09209237
8933.0,8933.0,0.14724435
8934.0,8934.0,0.062096056
8935.0,8935.0,0.04389906
8936.0,8936.0,0.0013298676
8937.0,8937.0,0.006305651
8938.0,8938.0,8.324239E-4
8939.0,8939.0,0.025990289
8940.0,8940.0,0.049719416
8941.0,8941.0,0.03514156
8942.0,8942.0,0.09948485
8943.0,8943.0,0.01907311
8944.0,8944.0,0.01593564
8945.0,8945.0,0.04016685
8946.0,8946.0,0.05406335
8947.0,8947.0,0.0046824133
8948.0,8948.0,0.08053255
8949.0,8949.0,0.53013307
8950.0,8950.0,0.39184523
8951.0,8951.0,0.010359387
8952.0,8952.0,2.737412E-4
8953.0,8953.0,0.0027932355
8954.0,8954.0,4.8533733E-5
8955.0,8955.0,0.45682418
8956.0,8956.0,0.019849103
8957.0,8957.0,0.093824714
8958.0,8958.0,0.0011156169
8959.0,8959.0,7.855295E-5
8960.0,8960.0,0.010425679
8961.0,8961.0,0.8293405
8962.0,8962.0,0.2511144
8963.0,8963.0,0.52342874
8964.0,8964.0,0.5874313
8965.0,8965.0,0.5227582
8966.0,8966.0,0.038230717
8967.0,8967.0,0.6777812
8968.0,8968.0,0.29179376
8969.0,8969.0,0.06594258
8970.0,8970.0,0.6713754
8971.0,8971.0,0.7274033
8972.0,8972.0,0.4831779
8973.0,8973.0,0.04081498
8974.0,8974.0,0.0011708057
8975.0,8975.0,0.0032355157
8976.0,8976.0,0.04789073
8977.0,8977.0,0.005777586
8978.0,8978.0,0.59065115
8979.0,8979.0,0.74148434
8980.0,8980.0,0.69777024
8981.0,8981.0,0.016228765
8982.0,8982.0,0.068310596
8983.0,8983.0,0.40160713
8984.0,8984.0,0.011195244
8985.0,8985.0,0.6218856
8986.0,8986.0,2.5338E-4
8987.0,8987.0,0.07491297
8988.0,8988.0,0.16637948
8989.0,8989.0,0.02462078
8990.0,8990.0,0.055252086
8991.0,8991.0,0.030170267
8992.0,8992.0,0.13417155
8993.0,8993.0,4.9278124E-6
8994.0,8994.0,0.018187013
8995.0,8995.0,0.01654635
8996.0,8996.0,0.6155751
8997.0,8997.0,0.14923732
8998.0,8998.0,0.025079476
8999.0,8999.0,1.754866E-6
9000.0,9000.0,0.09079744
9001.0,9001.0,0.207291
9002.0,9002.0,0.012549418
9003.0,9003.0,0.02087477
9004.0,9004.0,0.23693796
9005.0,9005.0,0.10543662
9006.0,9006.0,0.012846114
9007.0,9007.0,0.0075892764
9008.0,9008.0,0.65293837
9009.0,9009.0,0.11388068
9010.0,9010.0,0.1070143
9011.0,9011.0,0.03438722
9012.0,9012.0,0.026069952
9013.0,9013.0,0.082803
9014.0,9014.0,0.023257986
9015.0,9015.0,0.18284728
9016.0,9016.0,0.0018870265
9017.0,9017.0,0.35654637
9018.0,9018.0,0.019901143
9019.0,9019.0,0.024517385
9020.0,9020.0,0.29302654
9021.0,9021.0,1.9803387E-5
9022.0,9022.0,0.011759179
9023.0,9023.0,0.025248094
9024.0,9024.0,0.12519643
9025.0,9025.0,0.009236599
9026.0,9026.0,0.218737
9027.0,9027.0,0.0011272809
9028.0,9028.0,0.35336608
9029.0,9029.0,0.45796287
9030.0,9030.0,0.5576131
9031.0,9031.0,0.025885431
9032.0,9032.0,0.13494173
9033.0,9033.0,0.7332086
9034.0,9034.0,0.044564184
9035.0,9035.0,0.77316505
9036.0,9036.0,0.009651953
9037.0,9037.0,0.09935914
9038.0,9038.0,0.09954107
9039.0,9039.0,0.0010839251
9040.0,9040.0,0.21985845
9041.0,9041.0,0.0027451443
9042.0,9042.0,0.4787019
9043.0,9043.0,0.024120154
9044.0,9044.0,0.52103716
9045.0,9045.0,0.66398805
9046.0,9046.0,0.061321855
9047.0,9047.0,0.61765915
9048.0,9048.0,0.78245664
9049.0,9049.0,0.11365761
9050.0,9050.0,0.117296346
9051.0,9051.0,0.09336538
9052.0,9052.0,0.049637757
9053.0,9053.0,0.12631789
9054.0,9054.0,0.04248517
9055.0,9055.0,0.0596542
9056.0,9056.0,0.028913941
9057.0,9057.0,0.0045326534
9058.0,9058.0,0.033906855
9059.0,9059.0,0.047920097
9060.0,9060.0,0.81016207
9061.0,9061.0,1.5147087E-4
9062.0,9062.0,0.007777192
9063.0,9063.0,0.709296
9064.0,9064.0,0.02569985
9065.0,9065.0,0.07564823
9066.0,9066.0,0.39034238
9067.0,9067.0,0.6811583
9068.0,9068.0,0.35320938
9069.0,9069.0,0.00821702
9070.0,9070.0,0.049466632
9071.0,9071.0,0.20903735
9072.0,9072.0,0.023711462
9073.0,9073.0,0.023777496
9074.0,9074.0,1.9736846E-4
9075.0,9075.0,0.017783284
9076.0,9076.0,0.6236663
9077.0,9077.0,0.78537464
9078.0,9078.0,0.017493902
9079.0,9079.0,0.13262749
9080.0,9080.0,0.49300554
9081.0,9081.0,0.09275711
9082.0,9082.0,0.4963906
9083.0,9083.0,0.06507708
9084.0,9084.0,0.6549169
9085.0,9085.0,0.6265591
9086.0,9086.0,0.14819276
9087.0,9087.0,1.5825729E-4
9088.0,9088.0,0.019374825
9089.0,9089.0,0.6445019
9090.0,9090.0,9.3396654E-4
9091.0,9091.0,0.21739331
9092.0,9092.0,0.008479004
9093.0,9093.0,0.08965156
9094.0,9094.0,0.027943755
9095.0,9095.0,3.882726E-5
9096.0,9096.0,0.19297048
9097.0,9097.0,5.7629863E-5
9098.0,9098.0,0.016234623
9099.0,9099.0,0.41661862
9100.0,9100.0,2.9874816E-5
9101.0,9101.0,0.011812425
9102.0,9102.0,0.03069116
9103.0,9103.0,0.02950583
9104.0,9104.0,0.1411047
9105.0,9105.0,3.2317691E-6
9106.0,9106.0,0.4917235
9107.0,9107.0,0.011767616
9108.0,9108.0,0.05380009
9109.0,9109.0,0.013395864
9110.0,9110.0,0.011265927
9111.0,9111.0,0.2472229
9112.0,9112.0,0.024328558
9113.0,9113.0,0.011427338
9114.0,9114.0,0.08306442
9115.0,9115.0,0.3370195
9116.0,9116.0,0.04145602
9117.0,9117.0,0.14285429
9118.0,9118.0,0.022078052
9119.0,9119.0,0.01934212
9120.0,9120.0,0.031893898
9121.0,9121.0,0.018388756
9122.0,9122.0,2.553332E-4
9123.0,9123.0,0.41266793
9124.0,9124.0,0.05656524
9125.0,9125.0,1.2661378E-5
9126.0,9126.0,0.32114306
9127.0,9127.0,9.73383E-4
9128.0,9128.0,0.10421787
9129.0,9129.0,0.14041781
9130.0,9130.0,0.12703457
9131.0,9131.0,0.0036486783
9132.0,9132.0,0.015629448
9133.0,9133.0,0.12905307
9134.0,9134.0,0.071313985
9135.0,9135.0,0.03486639
9136.0,9136.0,0.079868026
9137.0,9137.0,0.07098682
9138.0,9138.0,0.3951761
9139.0,9139.0,0.872602
9140.0,9140.0,0.021811346
9141.0,9141.0,0.1795914
9142.0,9142.0,0.018075049
9143.0,9143.0,0.12156787
9144.0,9144.0,0.055607416
9145.0,9145.0,0.002786752
9146.0,9146.0,0.6284624
9147.0,9147.0,0.019657876
9148.0,9148.0,0.17160727
9149.0,9149.0,0.08001002
9150.0,9150.0,0.103296265
9151.0,9151.0,0.29462075
9152.0,9152.0,0.67660755
9153.0,9153.0,0.042000897
9154.0,9154.0,0.024190903
9155.0,9155.0,0.5096954
9156.0,9156.0,0.316701
9157.0,9157.0,0.34460443
9158.0,9158.0,2.3422761E-5
9159.0,9159.0,0.60557467
9160.0,9160.0,0.71529514
9161.0,9161.0,0.056319285
9162.0,9162.0,0.0017804861
9163.0,9163.0,0.09208724
9164.0,9164.0,0.04104322
9165.0,9165.0,0.0045383186
9166.0,9166.0,0.0027330057
9167.0,9167.0,0.75043714
9168.0,9168.0,8.422465E-5
9169.0,9169.0,0.0021032968
9170.0,9170.0,0.50348634
9171.0,9171.0,0.25290966
9172.0,9172.0,0.10299338
9173.0,9173.0,0.02475602
9174.0,9174.0,0.024049837
9175.0,9175.0,0.022257244
9176.0,9176.0,0.05000727
9177.0,9177.0,0.0027458172
9178.0,9178.0,0.37897137
9179.0,9179.0,0.06575138
9180.0,9180.0,0.19721322
9181.0,9181.0,0.11890895
9182.0,9182.0,0.43665174
9183.0,9183.0,0.03467722
9184.0,9184.0,0.07570882
9185.0,9185.0,0.0054475926
9186.0,9186.0,0.13969064
9187.0,9187.0,0.074328855
9188.0,9188.0,0.04836787
9189.0,9189.0,0.018291635
9190.0,9190.0,4.430227E-5
9191.0,9191.0,0.044472087
9192.0,9192.0,0.18935242
9193.0,9193.0,0.07419257
9194.0,9194.0,0.0059094504
9195.0,9195.0,0.12467311
9196.0,9196.0,7.132649E-4
9197.0,9197.0,0.43996528
9198.0,9198.0,0.0039840033
9199.0,9199.0,0.0154293105
9200.0,9200.0,7.761266E-6
9201.0,9201.0,0.040105343
9202.0,9202.0,0.0419952
9203.0,9203.0,0.060325876
9204.0,9204.0,0.0358186
9205.0,9205.0,0.27407876
9206.0,9206.0,1.3746224E-5
9207.0,9207.0,0.76144534
9208.0,9208.0,0.025874726
9209.0,9209.0,0.076361865
9210.0,9210.0,0.066247426
9211.0,9211.0,0.021688104
9212.0,9212.0,6.0367798E-5
9213.0,9213.0,0.17571847
9214.0,9214.0,0.022399673
9215.0,9215.0,0.18954821
9216.0,9216.0,0.55112916
9217.0,9217.0,0.06977495
9218.0,9218.0,0.021571403
9219.0,9219.0,0.30659804
9220.0,9220.0,0.08866455
9221.0,9221.0,0.002142612
9222.0,9222.0,0.1261681
9223.0,9223.0,0.0296983
9224.0,9224.0,0.108209155
9225.0,9225.0,0.5529575
9226.0,9226.0,0.025044987
9227.0,9227.0,0.051220685
9228.0,9228.0,0.058677822
9229.0,9229.0,0.43700153
9230.0,9230.0,0.028669469
9231.0,9231.0,0.038934503
9232.0,9232.0,0.0507735
9233.0,9233.0,0.030612316
9234.0,9234.0,8.852654E-6
9235.0,9235.0,0.0025338335
9236.0,9236.0,0.7163169
9237.0,9237.0,2.0020158E-5
9238.0,9238.0,0.57456213
9239.0,9239.0,0.67114884
9240.0,9240.0,0.11978755
9241.0,9241.0,0.048417322
9242.0,9242.0,0.03829001
9243.0,9243.0,0.2699238
9244.0,9244.0,0.17555021
9245.0,9245.0,1.198137E-5
9246.0,9246.0,0.017548904
9247.0,9247.0,0.012579422
9248.0,9248.0,0.15650466
9249.0,9249.0,0.06827298
9250.0,9250.0,0.6363832
9251.0,9251.0,0.04177526
9252.0,9252.0,0.35471904
9253.0,9253.0,0.12214651
9254.0,9254.0,0.015614833
9255.0,9255.0,0.103468195
9256.0,9256.0,0.6644771
9257.0,9257.0,0.036680017
9258.0,9258.0,0.022066182
9259.0,9259.0,0.012406156
9260.0,9260.0,0.07302259
9261.0,9261.0,0.023116592
9262.0,9262.0,0.002113278
9263.0,9263.0,1.2693724E-5
9264.0,9264.0,0.16030006
9265.0,9265.0,7.819588E-5
9266.0,9266.0,0.30913588
9267.0,9267.0,0.0044201347
9268.0,9268.0,0.0043934616
9269.0,9269.0,0.25920007
9270.0,9270.0,0.15792707
9271.0,9271.0,3.873415E-5
9272.0,9272.0,0.11135391
9273.0,9273.0,0.004503263
9274.0,9274.0,0.79249793
9275.0,9275.0,0.031921167
9276.0,9276.0,0.011886589
9277.0,9277.0,0.8128127
9278.0,9278.0,0.06969857
9279.0,9279.0,9.100301E-5
9280.0,9280.0,0.0076127313
9281.0,9281.0,0.021413106
9282.0,9282.0,0.015674595
9283.0,9283.0,0.018152842
9284.0,9284.0,0.026817262
9285.0,9285.0,0.04751461
9286.0,9286.0,2.48436E-5
9287.0,9287.0,0.6003974
9288.0,9288.0,0.009933203
9289.0,9289.0,0.056155615
9290.0,9290.0,0.023246003
9291.0,9291.0,0.0109400395
9292.0,9292.0,1.1287694E-5
9293.0,9293.0,0.03669227
9294.0,9294.0,0.084027216
9295.0,9295.0,0.12059207
9296.0,9296.0,0.057141703
9297.0,9297.0,0.020136906
9298.0,9298.0,3.084526E-5
9299.0,9299.0,0.016810324
9300.0,9300.0,0.2798967
9301.0,9301.0,1.8606632E-5
9302.0,9302.0,0.036598716
9303.0,9303.0,0.19884157
9304.0,9304.0,0.014489157
9305.0,9305.0,0.04788417
9306.0,9306.0,0.015908787
9307.0,9307.0,0.2869054
9308.0,9308.0,0.094233215
9309.0,9309.0,0.027785933
9310.0,9310.0,0.5686138
9311.0,9311.0,0.023701642
9312.0,9312.0,0.18108785
9313.0,9313.0,0.04180272
9314.0,9314.0,0.06243418
9315.0,9315.0,0.027164416
9316.0,9316.0,0.55267614
9317.0,9317.0,0.03310463
9318.0,9318.0,0.002199955
9319.0,9319.0,0.029466145
9320.0,9320.0,0.060042582
9321.0,9321.0,0.039348155
9322.0,9322.0,0.14170392
9323.0,9323.0,0.045765407
9324.0,9324.0,4.9110524E-5
9325.0,9325.0,0.0013861519
9326.0,9326.0,0.068274096
9327.0,9327.0,0.03916617
9328.0,9328.0,0.8323484
9329.0,9329.0,0.71574277
9330.0,9330.0,0.0765993
9331.0,9331.0,0.016834276
9332.0,9332.0,0.1647971
9333.0,9333.0,6.501619E-4
9334.0,9334.0,0.020495353
9335.0,9335.0,0.12754735
9336.0,9336.0,0.0026405184
9337.0,9337.0,0.046091843
9338.0,9338.0,0.0023626913
9339.0,9339.0,0.09681833
9340.0,9340.0,0.09850936
9341.0,9341.0,0.004050242
9342.0,9342.0,0.020123366
9343.0,9343.0,0.08468155
9344.0,9344.0,0.106079586
9345.0,9345.0,0.3578615
9346.0,9346.0,0.065176524
9347.0,9347.0,0.002470786
9348.0,9348.0,0.024912814
9349.0,9349.0,0.020522222
9350.0,9350.0,0.007374523
9351.0,9351.0,0.040096145
9352.0,9352.0,0.051415425
9353.0,9353.0,0.21160801
9354.0,9354.0,0.19058521
9355.0,9355.0,0.70681804
9356.0,9356.0,0.12497524
9357.0,9357.0,0.23909958
9358.0,9358.0,0.05407899
9359.0,9359.0,0.0238075
9360.0,9360.0,0.0051760934
9361.0,9361.0,0.0151996035
9362.0,9362.0,0.24409479
9363.0,9363.0,0.04505413
9364.0,9364.0,5.034947E-4
9365.0,9365.0,0.13164383
9366.0,9366.0,0.047395453
9367.0,9367.0,0.6110712
9368.0,9368.0,0.7255731
9369.0,9369.0,0.3848009
9370.0,9370.0,0.77153885
9371.0,9371.0,0.02554243
9372.0,9372.0,0.036322773
9373.0,9373.0,0.0051120035
9374.0,9374.0,0.04652674
9375.0,9375.0,0.0046069594
9376.0,9376.0,0.0037484607
9377.0,9377.0,0.007659485
9378.0,9378.0,0.5899413
9379.0,9379.0,0.48792228
9380.0,9380.0,0.04684333
9381.0,9381.0,0.029981196
9382.0,9382.0,0.741408
9383.0,9383.0,0.16558765
9384.0,9384.0,0.014656769
9385.0,9385.0,0.0951943
9386.0,9386.0,0.07463063
9387.0,9387.0,0.03118322
9388.0,9388.0,0.012122612
9389.0,9389.0,0.1218429
9390.0,9390.0,0.2909379
9391.0,9391.0,0.0010215391
9392.0,9392.0,3.0864397E-4
9393.0,9393.0,0.022648124
9394.0,9394.0,0.029808588
9395.0,9395.0,0.19976059
9396.0,9396.0,0.18119223
9397.0,9397.0,0.05590546
9398.0,9398.0,0.0064623514
9399.0,9399.0,0.10492268
9400.0,9400.0,0.004492463
9401.0,9401.0,0.010233343
9402.0,9402.0,0.061971508
9403.0,9403.0,0.0474012
9404.0,9404.0,0.8204966
9405.0,9405.0,0.01309532
9406.0,9406.0,0.018532306
9407.0,9407.0,0.0221991
9408.0,9408.0,0.6515632
9409.0,9409.0,0.26609254
9410.0,9410.0,0.09773669
9411.0,9411.0,0.09802203
9412.0,9412.0,0.54969794
9413.0,9413.0,0.001784115
9414.0,9414.0,0.5489789
9415.0,9415.0,0.48600736
9416.0,9416.0,0.11726491
9417.0,9417.0,0.057138026
9418.0,9418.0,1.7143616E-4
9419.0,9419.0,0.06291495
9420.0,9420.0,9.4862204E-5
9421.0,9421.0,0.0011072498
9422.0,9422.0,0.14474279
9423.0,9423.0,0.121270746
9424.0,9424.0,1.1804063E-4
9425.0,9425.0,0.0529174
9426.0,9426.0,0.28318125
9427.0,9427.0,0.5232991
9428.0,9428.0,0.033778526
9429.0,9429.0,0.0054298765
9430.0,9430.0,0.017440235
9431.0,9431.0,0.028949037
9432.0,9432.0,0.34818172
9433.0,9433.0,0.004246829
9434.0,9434.0,5.1387E-4
9435.0,9435.0,3.780073E-5
9436.0,9436.0,9.454232E-5
9437.0,9437.0,0.036931664
9438.0,9438.0,0.52363676
9439.0,9439.0,0.08312369
9440.0,9440.0,0.013680406
9441.0,9441.0,0.39829177
9442.0,9442.0,0.07332096
9443.0,9443.0,0.015271205
9444.0,9444.0,0.119130835
9445.0,9445.0,0.0481551
9446.0,9446.0,0.24217957
9447.0,9447.0,0.7007719
9448.0,9448.0,0.016155418
9449.0,9449.0,0.044898298
9450.0,9450.0,0.1460267
9451.0,9451.0,0.57780635
9452.0,9452.0,0.7106136
9453.0,9453.0,0.044061087
9454.0,9454.0,0.007089991
9455.0,9455.0,0.008184876
9456.0,9456.0,0.092665754
9457.0,9457.0,8.292165E-4
9458.0,9458.0,0.2684003
9459.0,9459.0,0.40650284
9460.0,9460.0,0.6456097
9461.0,9461.0,0.08992985
9462.0,9462.0,0.029212473
9463.0,9463.0,0.68309945
9464.0,9464.0,0.0036476222
9465.0,9465.0,0.037957117
9466.0,9466.0,0.1040298
9467.0,9467.0,0.009737034
9468.0,9468.0,0.06290833
9469.0,9469.0,0.003735982
9470.0,9470.0,0.005734536
9471.0,9471.0,0.0711547
9472.0,9472.0,0.5495276
9473.0,9473.0,0.0739826
9474.0,9474.0,0.010808078
9475.0,9475.0,0.01921953
9476.0,9476.0,0.75458676
9477.0,9477.0,0.22278245
9478.0,9478.0,0.0019354783
9479.0,9479.0,0.38343194
9480.0,9480.0,1.0019213E-5
9481.0,9481.0,8.3090623E-7
9482.0,9482.0,0.16620381
9483.0,9483.0,0.018130407
9484.0,9484.0,0.6898687
9485.0,9485.0,0.02026056
9486.0,9486.0,0.07673844
9487.0,9487.0,0.10385072
9488.0,9488.0,0.50534797
9489.0,9489.0,0.016165225
9490.0,9490.0,0.09297757
9491.0,9491.0,0.041293524
9492.0,9492.0,0.25489503
9493.0,9493.0,0.094838634
9494.0,9494.0,0.069393925
9495.0,9495.0,0.031085182
9496.0,9496.0,0.21457316
9497.0,9497.0,0.0024659666
9498.0,9498.0,0.026494695
9499.0,9499.0,1.4289823E-5
9500.0,9500.0,0.002384181
9501.0,9501.0,0.6853895
9502.0,9502.0,0.7842015
9503.0,9503.0,0.0069512
9504.0,9504.0,0.06752887
9505.0,9505.0,0.03342946
9506.0,9506.0,0.006736239
9507.0,9507.0,0.022839664
9508.0,9508.0,0.17192921
9509.0,9509.0,0.12497196
9510.0,9510.0,0.037547693
9511.0,9511.0,0.009456266
9512.0,9512.0,0.025277048
9513.0,9513.0,0.01814399
9514.0,9514.0,0.25251043
9515.0,9515.0,0.53156084
9516.0,9516.0,0.051722236
9517.0,9517.0,0.14396295
9518.0,9518.0,3.5418463E-5
9519.0,9519.0,0.07974113
9520.0,9520.0,0.04363177
9521.0,9521.0,0.00941579
9522.0,9522.0,0.015794449
9523.0,9523.0,0.008718591
9524.0,9524.0,0.014757112
9525.0,9525.0,0.5928106
9526.0,9526.0,0.0057483865
9527.0,9527.0,0.008049352
9528.0,9528.0,1.9153854E-4
9529.0,9529.0,0.6731646
9530.0,9530.0,8.237408E-5
9531.0,9531.0,0.17068847
9532.0,9532.0,0.010351959
9533.0,9533.0,0.020746477
9534.0,9534.0,0.040742293
9535.0,9535.0,0.60908675
9536.0,9536.0,0.5834835
9537.0,9537.0,0.16361381
9538.0,9538.0,0.2012608
9539.0,9539.0,0.0285337
9540.0,9540.0,0.6764082
9541.0,9541.0,0.0076246383
9542.0,9542.0,0.0011658726
9543.0,9543.0,0.5879475
9544.0,9544.0,0.11957615
9545.0,9545.0,0.048775658
9546.0,9546.0,0.07926763
9547.0,9547.0,0.10577032
9548.0,9548.0,0.67616147
9549.0,9549.0,0.6929856
9550.0,9550.0,0.6495206
9551.0,9551.0,0.017791165
9552.0,9552.0,0.6381421
9553.0,9553.0,0.036123026
9554.0,9554.0,6.117067E-6
9555.0,9555.0,3.3585835E-4
9556.0,9556.0,3.640907E-5
9557.0,9557.0,0.011846479
9558.0,9558.0,0.16096911
9559.0,9559.0,0.013593704
9560.0,9560.0,0.02849204
9561.0,9561.0,0.065655105
9562.0,9562.0,0.010255097
9563.0,9563.0,0.024059031
9564.0,9564.0,0.020320293
9565.0,9565.0,0.62151504
9566.0,9566.0,0.055933394
9567.0,9567.0,3.851529E-4
9568.0,9568.0,0.25570253
9569.0,9569.0,0.019903576
9570.0,9570.0,0.016063105
