x,y,species max
1.0,1.0,0.11909668
2.0,2.0,0.21926022
3.0,3.0,0.43391597
4.0,4.0,8.470044E-5
5.0,5.0,0.16349883
6.0,6.0,0.78039104
7.0,7.0,0.029009642
8.0,8.0,0.09292673
9.0,9.0,0.07237364
10.0,10.0,0.047759075
11.0,11.0,0.010236724
12.0,12.0,0.059906878
13.0,13.0,0.09859194
14.0,14.0,0.73867136
15.0,15.0,0.6956044
16.0,16.0,0.0792848
17.0,17.0,0.24322256
18.0,18.0,0.6960437
19.0,19.0,0.029831707
20.0,20.0,0.3579096
21.0,21.0,0.14731875
22.0,22.0,0.655931
23.0,23.0,0.002021959
24.0,24.0,0.12927875
25.0,25.0,0.22942619
26.0,26.0,0.054054044
27.0,27.0,0.086633824
28.0,28.0,0.14182545
29.0,29.0,0.08998156
30.0,30.0,0.1187215
31.0,31.0,1.12167414E-4
32.0,32.0,0.017009536
33.0,33.0,0.007560476
34.0,34.0,0.048116915
35.0,35.0,0.76780456
36.0,36.0,0.087315075
37.0,37.0,0.11247822
38.0,38.0,0.012028353
39.0,39.0,0.036232814
40.0,40.0,0.054816335
41.0,41.0,0.20453061
42.0,42.0,1.9697094E-4
43.0,43.0,0.106577985
44.0,44.0,3.8553455E-5
45.0,45.0,0.17192544
46.0,46.0,0.4067662
47.0,47.0,1.08979206E-4
48.0,48.0,0.36127883
49.0,49.0,0.10094673
50.0,50.0,0.062116057
51.0,51.0,0.5664386
52.0,52.0,0.19708918
53.0,53.0,0.0037740448
54.0,54.0,0.4438228
55.0,55.0,0.5426597
56.0,56.0,0.3849371
57.0,57.0,0.5855585
58.0,58.0,0.1044778
59.0,59.0,0.09059324
60.0,60.0,1.9034657E-4
61.0,61.0,0.055666663
62.0,62.0,0.013225396
63.0,63.0,0.09843759
64.0,64.0,0.029552631
65.0,65.0,0.42421836
66.0,66.0,0.11050988
67.0,67.0,0.0134227155
68.0,68.0,1.0000524E-4
69.0,69.0,0.11453198
70.0,70.0,0.13950215
71.0,71.0,0.41329443
72.0,72.0,0.13341247
73.0,73.0,0.7172745
74.0,74.0,0.27287683
75.0,75.0,0.14069824
76.0,76.0,0.009394623
77.0,77.0,0.033704903
78.0,78.0,0.03150543
79.0,79.0,0.06497152
80.0,80.0,0.0064835325
81.0,81.0,0.0014705702
82.0,82.0,0.069430605
83.0,83.0,0.050500073
84.0,84.0,0.11426364
85.0,85.0,0.38028637
86.0,86.0,0.09834746
87.0,87.0,0.048275854
88.0,88.0,0.02259899
89.0,89.0,0.34396493
90.0,90.0,0.014223297
91.0,91.0,0.109454684
92.0,92.0,0.053097874
93.0,93.0,0.31214413
94.0,94.0,9.85937E-4
95.0,95.0,0.1421018
96.0,96.0,0.13225764
97.0,97.0,0.05972904
98.0,98.0,0.061332613
99.0,99.0,0.14017689
100.0,100.0,0.13708504
101.0,101.0,0.39765
102.0,102.0,0.012930131
103.0,103.0,0.030237425
104.0,104.0,0.070482
105.0,105.0,0.16115278
106.0,106.0,0.3828229
107.0,107.0,0.020584868
108.0,108.0,0.11000677
109.0,109.0,0.1203126
110.0,110.0,6.3360116E-5
111.0,111.0,0.37658834
112.0,112.0,0.023603814
113.0,113.0,0.038092993
114.0,114.0,0.7671932
115.0,115.0,0.033180088
116.0,116.0,0.053056512
117.0,117.0,0.15632099
118.0,118.0,0.12578666
119.0,119.0,0.02989432
120.0,120.0,0.7167782
121.0,121.0,0.06386139
122.0,122.0,0.0016328904
123.0,123.0,0.37598327
124.0,124.0,0.6227567
125.0,125.0,0.24560663
126.0,126.0,0.046306465
127.0,127.0,0.06041144
128.0,128.0,0.32757336
129.0,129.0,0.32624495
130.0,130.0,0.040638212
131.0,131.0,0.048967715
132.0,132.0,0.24937342
133.0,133.0,0.22731054
134.0,134.0,0.021032965
135.0,135.0,1.4625666E-4
136.0,136.0,0.04342989
137.0,137.0,0.027731853
138.0,138.0,1.8887206E-4
139.0,139.0,0.058003396
140.0,140.0,0.5861327
141.0,141.0,0.012685177
142.0,142.0,0.765915
143.0,143.0,0.07066402
144.0,144.0,0.26084015
145.0,145.0,0.22101122
146.0,146.0,0.030954054
147.0,147.0,0.022596736
148.0,148.0,0.05983757
149.0,149.0,0.0014153324
150.0,150.0,0.6963038
151.0,151.0,0.40070745
152.0,152.0,0.052871663
153.0,153.0,0.58025855
154.0,154.0,0.20906834
155.0,155.0,0.13039483
156.0,156.0,0.49362975
157.0,157.0,0.17618924
158.0,158.0,0.05028837
159.0,159.0,0.095197305
160.0,160.0,0.020424947
161.0,161.0,0.33764744
162.0,162.0,0.7111217
163.0,163.0,0.36324292
164.0,164.0,0.04067747
165.0,165.0,0.12077868
166.0,166.0,0.031054404
167.0,167.0,3.6310364E-4
168.0,168.0,0.025346356
169.0,169.0,0.11393486
170.0,170.0,0.4245311
171.0,171.0,0.009672508
172.0,172.0,0.002745784
173.0,173.0,9.506552E-5
174.0,174.0,0.2609219
175.0,175.0,0.06800937
176.0,176.0,0.15735725
177.0,177.0,0.12681961
178.0,178.0,0.718477
179.0,179.0,0.09513518
180.0,180.0,0.08643971
181.0,181.0,0.063648954
182.0,182.0,0.06239218
183.0,183.0,0.06860263
184.0,184.0,0.3198989
185.0,185.0,0.7726854
186.0,186.0,0.035602957
187.0,187.0,0.07783176
188.0,188.0,0.13374364
189.0,189.0,7.62451E-4
190.0,190.0,4.357756E-5
191.0,191.0,0.10732065
192.0,192.0,0.24564406
193.0,193.0,0.11028751
194.0,194.0,0.020722829
195.0,195.0,0.051114507
196.0,196.0,0.1187285
197.0,197.0,0.06285068
198.0,198.0,0.8424655
199.0,199.0,0.28266466
200.0,200.0,4.3140122E-4
201.0,201.0,0.15442416
202.0,202.0,0.1398652
203.0,203.0,0.0025835624
204.0,204.0,0.0786213
205.0,205.0,0.022511944
206.0,206.0,0.07511926
207.0,207.0,0.74037236
208.0,208.0,0.14321835
209.0,209.0,0.26653272
210.0,210.0,0.20296827
211.0,211.0,3.8854763E-5
212.0,212.0,4.4350213E-4
213.0,213.0,0.79575455
214.0,214.0,0.01875959
215.0,215.0,0.5124155
216.0,216.0,0.41149113
217.0,217.0,0.5152664
218.0,218.0,0.40592977
219.0,219.0,0.047320373
220.0,220.0,0.7614791
221.0,221.0,0.08565269
222.0,222.0,0.0014687217
223.0,223.0,0.10367633
224.0,224.0,0.29917398
225.0,225.0,0.063085236
226.0,226.0,0.034507137
227.0,227.0,0.15397863
228.0,228.0,0.3174575
229.0,229.0,0.49750718
230.0,230.0,0.41911018
231.0,231.0,0.73431027
232.0,232.0,0.12459245
233.0,233.0,0.5045187
234.0,234.0,0.10858297
235.0,235.0,0.006955485
236.0,236.0,0.03655455
237.0,237.0,0.06327976
238.0,238.0,0.0073879287
239.0,239.0,1.14624934E-4
240.0,240.0,0.100112446
241.0,241.0,0.1526533
242.0,242.0,0.25145236
243.0,243.0,0.6288066
244.0,244.0,0.05804609
245.0,245.0,2.4041848E-4
246.0,246.0,0.0012454109
247.0,247.0,0.1928069
248.0,248.0,0.10627867
249.0,249.0,0.08607129
250.0,250.0,0.11662117
251.0,251.0,0.06708441
252.0,252.0,0.111298375
253.0,253.0,0.775406
254.0,254.0,0.44796857
255.0,255.0,2.1363732E-4
256.0,256.0,0.3619761
257.0,257.0,0.14197038
258.0,258.0,0.09089908
259.0,259.0,0.10280293
260.0,260.0,0.19522257
261.0,261.0,0.12284832
262.0,262.0,0.35106444
263.0,263.0,0.111315005
264.0,264.0,0.23186736
265.0,265.0,0.31116956
266.0,266.0,0.76978046
267.0,267.0,0.019405255
268.0,268.0,0.05504702
269.0,269.0,0.110999264
270.0,270.0,0.19289611
271.0,271.0,0.06250324
272.0,272.0,0.08551039
273.0,273.0,0.26125687
274.0,274.0,0.74511826
275.0,275.0,6.972031E-5
276.0,276.0,0.66195935
277.0,277.0,0.08660255
278.0,278.0,0.0011391573
279.0,279.0,0.351998
280.0,280.0,0.06689089
281.0,281.0,0.14895426
282.0,282.0,0.045385942
283.0,283.0,0.18036935
284.0,284.0,0.0025546504
285.0,285.0,0.10254037
286.0,286.0,0.22569042
287.0,287.0,0.12653263
288.0,288.0,0.114990935
289.0,289.0,0.21846448
290.0,290.0,0.46824667
291.0,291.0,0.30371836
292.0,292.0,0.021305665
293.0,293.0,0.21475302
294.0,294.0,0.028187662
295.0,295.0,0.28175157
296.0,296.0,0.18718992
297.0,297.0,6.6213665E-4
298.0,298.0,0.056605995
299.0,299.0,0.0790244
300.0,300.0,0.09309886
301.0,301.0,0.047174945
302.0,302.0,0.15094918
303.0,303.0,0.052617297
304.0,304.0,0.061439652
305.0,305.0,0.77225274
306.0,306.0,0.02823864
307.0,307.0,0.16413854
308.0,308.0,0.7331754
309.0,309.0,8.915265E-4
310.0,310.0,0.14384346
311.0,311.0,0.037717514
312.0,312.0,0.022435917
313.0,313.0,0.7610264
314.0,314.0,0.056665275
315.0,315.0,0.0095973145
316.0,316.0,0.11527081
317.0,317.0,0.032197017
318.0,318.0,0.15327892
319.0,319.0,0.026063392
320.0,320.0,0.16290334
321.0,321.0,0.005127905
322.0,322.0,0.31492445
323.0,323.0,0.7679067
324.0,324.0,0.051533274
325.0,325.0,0.10362854
326.0,326.0,0.0700238
327.0,327.0,0.14059146
328.0,328.0,0.7326674
329.0,329.0,0.089438386
330.0,330.0,0.17077836
331.0,331.0,0.085769914
332.0,332.0,0.024174284
333.0,333.0,0.10497499
334.0,334.0,0.010863826
335.0,335.0,2.2692572E-4
336.0,336.0,0.6373994
337.0,337.0,0.12812178
338.0,338.0,0.7662795
339.0,339.0,0.3630465
340.0,340.0,0.057955362
341.0,341.0,2.3492781E-4
342.0,342.0,0.74651796
343.0,343.0,0.82063526
344.0,344.0,0.07215226
345.0,345.0,0.09051254
346.0,346.0,0.1533859
347.0,347.0,0.7838984
348.0,348.0,0.8054424
349.0,349.0,0.17789574
350.0,350.0,0.6492572
351.0,351.0,0.011067623
352.0,352.0,0.17952205
353.0,353.0,0.8105257
354.0,354.0,1.9254764E-4
355.0,355.0,0.17588021
356.0,356.0,0.016556015
357.0,357.0,0.06564482
358.0,358.0,0.7402844
359.0,359.0,3.4101203E-4
360.0,360.0,0.048332997
361.0,361.0,0.5317436
362.0,362.0,6.0426805E-4
363.0,363.0,0.0660221
364.0,364.0,0.73381436
365.0,365.0,0.05865324
366.0,366.0,0.10586021
367.0,367.0,0.70784026
368.0,368.0,0.18242398
369.0,369.0,0.010426357
370.0,370.0,0.14081837
371.0,371.0,0.24886791
372.0,372.0,0.7559677
373.0,373.0,0.086649664
374.0,374.0,0.45179698
375.0,375.0,0.22740081
376.0,376.0,0.023819337
377.0,377.0,0.07126627
378.0,378.0,0.76151127
379.0,379.0,0.016551731
380.0,380.0,0.02015754
381.0,381.0,0.0967284
382.0,382.0,0.52627015
383.0,383.0,0.3940794
384.0,384.0,0.15993398
385.0,385.0,0.74034464
386.0,386.0,3.5992832E-4
387.0,387.0,0.025294045
388.0,388.0,0.6281219
389.0,389.0,0.04932423
390.0,390.0,0.6997089
391.0,391.0,0.17630854
392.0,392.0,0.7058772
393.0,393.0,0.0010421087
394.0,394.0,0.06355391
395.0,395.0,0.13257395
396.0,396.0,4.342634E-4
397.0,397.0,0.79541945
398.0,398.0,0.08907902
399.0,399.0,0.005453675
400.0,400.0,0.16801064
401.0,401.0,4.7855495E-4
402.0,402.0,0.27454007
403.0,403.0,0.06061732
404.0,404.0,0.108141854
405.0,405.0,0.06476352
406.0,406.0,0.13551316
407.0,407.0,0.0065441113
408.0,408.0,0.0025257317
409.0,409.0,0.759427
410.0,410.0,0.75788337
411.0,411.0,0.12659657
412.0,412.0,0.026577663
413.0,413.0,0.5119901
414.0,414.0,0.012882708
415.0,415.0,0.008662454
416.0,416.0,0.022694439
417.0,417.0,0.1572314
418.0,418.0,0.25113386
419.0,419.0,0.08864571
420.0,420.0,0.16821927
421.0,421.0,0.01893537
422.0,422.0,0.4756782
423.0,423.0,0.029629715
424.0,424.0,0.032771405
425.0,425.0,0.022080345
426.0,426.0,0.14149934
427.0,427.0,0.06385247
428.0,428.0,0.11503886
429.0,429.0,0.2100982
430.0,430.0,0.7271802
431.0,431.0,0.03368768
432.0,432.0,0.0899641
433.0,433.0,0.01290082
434.0,434.0,0.035797637
435.0,435.0,0.41689897
436.0,436.0,0.0742686
437.0,437.0,0.13008928
438.0,438.0,0.19745338
439.0,439.0,0.6965579
440.0,440.0,0.19951148
441.0,441.0,0.0030590799
442.0,442.0,0.5013017
443.0,443.0,0.11006546
444.0,444.0,0.056854494
445.0,445.0,0.09720789
446.0,446.0,0.06631011
447.0,447.0,0.7943788
448.0,448.0,0.4350184
449.0,449.0,0.39114678
450.0,450.0,0.10818033
451.0,451.0,0.39685383
452.0,452.0,0.0016213588
453.0,453.0,0.023251483
454.0,454.0,0.088113554
455.0,455.0,0.13728459
456.0,456.0,0.71687883
457.0,457.0,0.05623439
458.0,458.0,0.8291357
459.0,459.0,0.5088382
460.0,460.0,0.003944865
461.0,461.0,0.6983761
462.0,462.0,0.4504943
463.0,463.0,0.019548798
464.0,464.0,0.281067
465.0,465.0,0.07544962
466.0,466.0,0.17572056
467.0,467.0,0.1392981
468.0,468.0,0.1001862
469.0,469.0,0.28203118
470.0,470.0,0.13420351
471.0,471.0,0.3049315
472.0,472.0,0.029895805
473.0,473.0,0.15649928
474.0,474.0,0.0024237062
475.0,475.0,0.098112926
476.0,476.0,0.037532173
477.0,477.0,0.29383907
478.0,478.0,0.030934032
479.0,479.0,0.09895087
480.0,480.0,0.06748552
481.0,481.0,0.14668603
482.0,482.0,0.66394866
483.0,483.0,0.06273848
484.0,484.0,0.009935199
485.0,485.0,0.034675833
486.0,486.0,0.044481494
487.0,487.0,0.007449289
488.0,488.0,0.11165952
489.0,489.0,0.028018607
490.0,490.0,0.036475796
491.0,491.0,0.11652155
492.0,492.0,0.095454484
493.0,493.0,2.1296773E-4
494.0,494.0,0.14412351
495.0,495.0,0.063294925
496.0,496.0,0.04454946
497.0,497.0,0.107708886
498.0,498.0,0.035454918
499.0,499.0,0.03128571
500.0,500.0,0.69136655
501.0,501.0,0.052997623
502.0,502.0,0.057518307
503.0,503.0,0.83485436
504.0,504.0,0.09139417
505.0,505.0,0.075716555
506.0,506.0,0.14360756
507.0,507.0,7.349295E-5
508.0,508.0,0.30113232
509.0,509.0,0.07047548
510.0,510.0,0.036605
511.0,511.0,0.16547155
512.0,512.0,0.03303734
513.0,513.0,4.099571E-4
514.0,514.0,0.07552691
515.0,515.0,0.7439427
516.0,516.0,0.06410949
517.0,517.0,0.3106965
518.0,518.0,0.41663837
519.0,519.0,0.2509041
520.0,520.0,0.08402831
521.0,521.0,0.09150233
522.0,522.0,0.7309357
523.0,523.0,0.12379896
524.0,524.0,0.03074438
525.0,525.0,0.12932555
526.0,526.0,0.16726182
527.0,527.0,0.19171606
528.0,528.0,0.08340818
529.0,529.0,0.0075948625
530.0,530.0,0.121666774
531.0,531.0,0.15715756
532.0,532.0,0.081213534
533.0,533.0,0.017055316
534.0,534.0,0.21911483
535.0,535.0,7.787475E-4
536.0,536.0,0.7460566
537.0,537.0,0.056414776
538.0,538.0,0.21310493
539.0,539.0,1.5398057E-4
540.0,540.0,0.12096408
541.0,541.0,0.19509403
542.0,542.0,0.11256074
543.0,543.0,0.074839935
544.0,544.0,0.03157344
545.0,545.0,0.5410391
546.0,546.0,0.18033797
547.0,547.0,0.049232826
548.0,548.0,0.109144054
549.0,549.0,0.78713727
550.0,550.0,0.16650374
551.0,551.0,0.26340476
552.0,552.0,0.013020216
553.0,553.0,0.17837676
554.0,554.0,0.1066843
555.0,555.0,0.07020432
556.0,556.0,0.06096567
557.0,557.0,0.324359
558.0,558.0,0.0413927
559.0,559.0,0.09133475
560.0,560.0,0.48800772
561.0,561.0,0.15034145
562.0,562.0,0.02567015
563.0,563.0,0.11622382
564.0,564.0,0.08785452
565.0,565.0,0.07431866
566.0,566.0,0.082030736
567.0,567.0,2.9391644E-5
568.0,568.0,0.15874535
569.0,569.0,0.04660665
570.0,570.0,0.005853776
571.0,571.0,0.74485236
572.0,572.0,0.05893772
573.0,573.0,0.09327345
574.0,574.0,0.40749633
575.0,575.0,0.012453859
576.0,576.0,9.8332006E-5
577.0,577.0,0.76764727
578.0,578.0,0.63072914
579.0,579.0,0.15685228
580.0,580.0,0.75988483
581.0,581.0,0.0012501362
582.0,582.0,0.410667
583.0,583.0,0.06439986
584.0,584.0,0.021914734
585.0,585.0,0.072449856
586.0,586.0,0.06792011
587.0,587.0,0.14306305
588.0,588.0,0.06249047
589.0,589.0,0.016477797
590.0,590.0,0.103342004
591.0,591.0,0.052947767
592.0,592.0,0.070260406
593.0,593.0,0.04517101
594.0,594.0,0.12680744
595.0,595.0,0.097094685
596.0,596.0,0.1470636
597.0,597.0,0.38395667
598.0,598.0,0.5714763
599.0,599.0,0.05828738
600.0,600.0,0.7732449
601.0,601.0,0.062064797
602.0,602.0,0.1269794
603.0,603.0,0.058335464
604.0,604.0,0.16290395
605.0,605.0,4.8194328E-4
606.0,606.0,0.07949715
607.0,607.0,0.09141819
608.0,608.0,0.12389936
609.0,609.0,0.0055904994
610.0,610.0,0.13282321
611.0,611.0,0.018895404
612.0,612.0,0.5216408
613.0,613.0,0.5642479
614.0,614.0,0.29582468
615.0,615.0,0.72852784
616.0,616.0,1.253996E-4
617.0,617.0,0.07929106
618.0,618.0,0.018651938
619.0,619.0,0.024827572
620.0,620.0,0.001036733
621.0,621.0,0.14993633
622.0,622.0,0.062906
623.0,623.0,0.6470809
624.0,624.0,2.0698814E-4
625.0,625.0,0.79946107
626.0,626.0,0.28409016
627.0,627.0,0.026625695
628.0,628.0,0.6597771
629.0,629.0,0.7950098
630.0,630.0,0.33875093
631.0,631.0,0.7402442
632.0,632.0,0.7172442
633.0,633.0,0.060262393
634.0,634.0,0.063851446
635.0,635.0,0.11768697
636.0,636.0,0.46408328
637.0,637.0,0.07316874
638.0,638.0,0.006930167
639.0,639.0,0.0840914
640.0,640.0,0.799318
641.0,641.0,0.043664593
642.0,642.0,0.063656576
643.0,643.0,0.103067376
644.0,644.0,0.42359018
645.0,645.0,0.09052552
646.0,646.0,0.3835729
647.0,647.0,0.0014546452
648.0,648.0,0.06607584
649.0,649.0,0.18501048
650.0,650.0,0.5108067
651.0,651.0,0.018691909
652.0,652.0,0.10685599
653.0,653.0,4.622566E-5
654.0,654.0,0.0053027775
655.0,655.0,0.01504704
656.0,656.0,0.27888235
657.0,657.0,0.0060604797
658.0,658.0,0.7020717
659.0,659.0,0.767401
660.0,660.0,0.08383545
661.0,661.0,0.38748437
662.0,662.0,0.74912775
663.0,663.0,0.11305448
664.0,664.0,0.13321932
665.0,665.0,0.7836528
666.0,666.0,0.76067895
667.0,667.0,0.049901467
668.0,668.0,0.73856574
669.0,669.0,0.030785242
670.0,670.0,0.18516114
671.0,671.0,0.007848492
672.0,672.0,0.108202405
673.0,673.0,0.007926074
674.0,674.0,0.012132761
675.0,675.0,7.8615216E-5
676.0,676.0,0.016033122
677.0,677.0,0.16198675
678.0,678.0,0.015086172
679.0,679.0,0.05609671
680.0,680.0,0.4532178
681.0,681.0,0.13815258
682.0,682.0,0.04889409
683.0,683.0,0.16221797
684.0,684.0,0.3439545
685.0,685.0,0.0034772197
686.0,686.0,0.007410706
687.0,687.0,0.14047189
688.0,688.0,0.6552289
689.0,689.0,0.2020557
690.0,690.0,0.12953182
691.0,691.0,0.5857315
692.0,692.0,0.11498386
693.0,693.0,0.02252702
694.0,694.0,0.012606954
695.0,695.0,0.2691299
696.0,696.0,0.76738524
697.0,697.0,0.28639692
698.0,698.0,0.1048242
699.0,699.0,0.39780247
700.0,700.0,0.07472063
701.0,701.0,0.3994603
702.0,702.0,0.15833722
703.0,703.0,0.85693556
704.0,704.0,0.080453254
705.0,705.0,0.76712346
706.0,706.0,0.19162913
707.0,707.0,0.07228984
708.0,708.0,4.9616003E-5
709.0,709.0,0.100103065
710.0,710.0,0.18345703
711.0,711.0,0.030136567
712.0,712.0,0.4270743
713.0,713.0,0.07210865
714.0,714.0,0.054260768
715.0,715.0,0.10388412
716.0,716.0,0.8165417
717.0,717.0,0.083370775
718.0,718.0,0.041269556
719.0,719.0,0.6625116
720.0,720.0,0.791991
721.0,721.0,0.22264783
722.0,722.0,0.8245086
723.0,723.0,3.2902887E-4
724.0,724.0,0.07622795
725.0,725.0,0.007156021
726.0,726.0,0.6861349
727.0,727.0,0.056603402
728.0,728.0,0.010681088
729.0,729.0,0.80700153
730.0,730.0,0.17891957
731.0,731.0,0.016882662
732.0,732.0,0.0011145533
733.0,733.0,0.016377302
734.0,734.0,0.3863178
735.0,735.0,0.06979665
736.0,736.0,0.07328829
737.0,737.0,0.41412213
738.0,738.0,4.2409025E-5
739.0,739.0,0.13192888
740.0,740.0,0.0021096575
741.0,741.0,0.19664393
742.0,742.0,0.00796035
743.0,743.0,0.16414557
744.0,744.0,0.15160726
745.0,745.0,5.8494735E-4
746.0,746.0,0.120654754
747.0,747.0,0.05565813
748.0,748.0,0.13404004
749.0,749.0,9.451491E-5
750.0,750.0,0.12964183
751.0,751.0,0.001515334
752.0,752.0,0.008040176
753.0,753.0,0.2569027
754.0,754.0,0.07353263
755.0,755.0,0.11786466
756.0,756.0,0.13499191
757.0,757.0,0.12122422
758.0,758.0,0.03503048
759.0,759.0,0.294317
760.0,760.0,0.78391343
761.0,761.0,0.08882634
762.0,762.0,0.29484656
763.0,763.0,0.26576236
764.0,764.0,0.7702789
765.0,765.0,0.14758535
766.0,766.0,0.1013421
767.0,767.0,0.0012453459
768.0,768.0,0.241832
769.0,769.0,0.013945576
770.0,770.0,0.25465402
771.0,771.0,0.09781173
772.0,772.0,0.080118716
773.0,773.0,0.09238987
774.0,774.0,0.69451964
775.0,775.0,0.7916424
776.0,776.0,0.037153732
777.0,777.0,0.017371437
778.0,778.0,0.5832764
779.0,779.0,0.73832166
780.0,780.0,0.013575371
781.0,781.0,0.14676723
782.0,782.0,0.027057638
783.0,783.0,0.18588288
784.0,784.0,0.0020910073
785.0,785.0,0.10340885
786.0,786.0,0.53334475
787.0,787.0,0.049495295
788.0,788.0,0.04798414
789.0,789.0,0.118141666
790.0,790.0,0.11898384
791.0,791.0,0.027001696
792.0,792.0,0.054919176
793.0,793.0,0.067461126
794.0,794.0,0.04455091
795.0,795.0,0.122684926
796.0,796.0,0.06577822
797.0,797.0,0.7051069
798.0,798.0,0.7476985
799.0,799.0,4.58701E-5
800.0,800.0,0.73402643
801.0,801.0,0.15832168
802.0,802.0,0.20956978
803.0,803.0,0.10435969
804.0,804.0,0.13711654
805.0,805.0,0.17852497
806.0,806.0,0.018883495
807.0,807.0,0.038005743
808.0,808.0,0.0692703
809.0,809.0,0.7215624
810.0,810.0,0.33974943
811.0,811.0,0.0027861833
812.0,812.0,0.30887112
813.0,813.0,0.69548535
814.0,814.0,0.77828336
815.0,815.0,0.74632597
816.0,816.0,0.10287386
817.0,817.0,0.055053942
818.0,818.0,0.10492057
819.0,819.0,0.058493678
820.0,820.0,0.0390294
821.0,821.0,0.009422375
822.0,822.0,0.10679911
823.0,823.0,0.07817349
824.0,824.0,0.016542248
825.0,825.0,0.047234565
826.0,826.0,0.75886184
827.0,827.0,0.018904528
828.0,828.0,0.1347036
829.0,829.0,0.5056474
830.0,830.0,0.5548248
831.0,831.0,0.117507994
832.0,832.0,0.1401762
833.0,833.0,0.042959303
834.0,834.0,0.07171759
835.0,835.0,0.7371558
836.0,836.0,0.060828842
837.0,837.0,0.092534855
838.0,838.0,0.20888081
839.0,839.0,0.17763697
840.0,840.0,0.019029003
841.0,841.0,0.001978836
842.0,842.0,0.1847515
843.0,843.0,0.016653026
844.0,844.0,5.1304937E-4
845.0,845.0,2.9524761E-5
846.0,846.0,0.0872955
847.0,847.0,0.5793887
848.0,848.0,0.10648636
849.0,849.0,0.014634315
850.0,850.0,0.05080854
851.0,851.0,0.2059447
852.0,852.0,0.0017869287
853.0,853.0,0.0037727722
854.0,854.0,0.12213775
855.0,855.0,0.08501602
856.0,856.0,0.01046317
857.0,857.0,0.07656344
858.0,858.0,0.057562444
859.0,859.0,0.30093428
860.0,860.0,0.048096027
861.0,861.0,0.45342353
862.0,862.0,0.035646807
863.0,863.0,5.116538E-4
864.0,864.0,0.045355167
865.0,865.0,0.05499359
866.0,866.0,0.7966901
867.0,867.0,0.06105293
868.0,868.0,0.03703795
869.0,869.0,0.034134522
870.0,870.0,0.12077225
871.0,871.0,0.76251864
872.0,872.0,0.1724487
873.0,873.0,0.1336556
874.0,874.0,0.023871925
875.0,875.0,0.09390832
876.0,876.0,0.05264264
877.0,877.0,0.78114945
878.0,878.0,0.02813289
879.0,879.0,0.79958695
880.0,880.0,0.19533457
881.0,881.0,0.15589967
882.0,882.0,0.18644986
883.0,883.0,4.8448615E-5
884.0,884.0,0.066958934
885.0,885.0,0.047115028
886.0,886.0,0.22526625
887.0,887.0,5.427374E-4
888.0,888.0,0.06710197
889.0,889.0,0.13820791
890.0,890.0,0.15900564
891.0,891.0,0.05535139
892.0,892.0,0.011976129
893.0,893.0,0.075157866
894.0,894.0,0.001698948
895.0,895.0,0.01941743
896.0,896.0,6.9395587E-4
897.0,897.0,0.48409805
898.0,898.0,0.0033357951
899.0,899.0,1.3028302E-4
900.0,900.0,0.28202578
901.0,901.0,0.1340033
902.0,902.0,0.2082369
903.0,903.0,0.03669812
904.0,904.0,0.06841324
905.0,905.0,0.75194865
906.0,906.0,0.0034539374
907.0,907.0,0.10719377
908.0,908.0,0.17634307
909.0,909.0,0.067502834
910.0,910.0,0.11360946
911.0,911.0,0.031136159
912.0,912.0,0.011759476
913.0,913.0,0.11097849
914.0,914.0,0.10660254
915.0,915.0,0.12541927
916.0,916.0,0.19777375
917.0,917.0,0.7816597
918.0,918.0,0.09423802
919.0,919.0,0.06481915
920.0,920.0,0.074419245
921.0,921.0,0.007657043
922.0,922.0,0.12528312
923.0,923.0,0.7194464
924.0,924.0,0.025783967
925.0,925.0,0.007488545
926.0,926.0,0.3927514
927.0,927.0,0.12416549
928.0,928.0,0.0398297
929.0,929.0,3.0812087E-5
930.0,930.0,0.036410384
931.0,931.0,0.10503708
932.0,932.0,0.74573183
933.0,933.0,0.037699595
934.0,934.0,0.04993547
935.0,935.0,0.5553043
936.0,936.0,0.11015059
937.0,937.0,0.8355945
938.0,938.0,0.76650804
939.0,939.0,0.4378579
940.0,940.0,6.5829845E-5
941.0,941.0,0.012572199
942.0,942.0,6.658403E-4
943.0,943.0,0.05275703
944.0,944.0,0.5546737
945.0,945.0,0.35903287
946.0,946.0,0.70921284
947.0,947.0,0.67777485
948.0,948.0,0.0552309
949.0,949.0,0.04018717
950.0,950.0,0.04663879
951.0,951.0,0.06932573
952.0,952.0,0.069429435
953.0,953.0,0.15786941
954.0,954.0,0.038653713
955.0,955.0,0.4373023
956.0,956.0,0.7676728
957.0,957.0,0.062259216
958.0,958.0,0.63460153
959.0,959.0,0.1140795
960.0,960.0,0.7631951
961.0,961.0,0.067465454
962.0,962.0,0.07936704
963.0,963.0,0.15441123
964.0,964.0,0.7081538
965.0,965.0,0.11123119
966.0,966.0,0.0097020725
967.0,967.0,0.0652206
968.0,968.0,0.04781386
969.0,969.0,0.13168961
970.0,970.0,0.035214547
971.0,971.0,0.034803078
972.0,972.0,0.09240515
973.0,973.0,0.03311394
974.0,974.0,0.35921907
975.0,975.0,0.0491111
976.0,976.0,0.14635885
977.0,977.0,0.101282544
978.0,978.0,0.4112915
979.0,979.0,0.029816836
980.0,980.0,0.21553415
981.0,981.0,0.034897514
982.0,982.0,0.01749017
983.0,983.0,6.7849096E-4
984.0,984.0,0.3643659
985.0,985.0,0.016969087
986.0,986.0,0.165676
987.0,987.0,0.0338998
988.0,988.0,0.01677325
989.0,989.0,0.084869735
990.0,990.0,0.021782363
991.0,991.0,0.003962406
992.0,992.0,0.11704368
993.0,993.0,0.31273195
994.0,994.0,0.022091463
995.0,995.0,0.062105965
996.0,996.0,0.20065224
997.0,997.0,0.026666978
998.0,998.0,0.41871512
999.0,999.0,0.13153002
1000.0,1000.0,0.039109558
1001.0,1001.0,0.73870385
1002.0,1002.0,0.77660716
1003.0,1003.0,0.07393682
1004.0,1004.0,0.094933994
1005.0,1005.0,0.63188994
1006.0,1006.0,0.720136
1007.0,1007.0,0.5874793
1008.0,1008.0,2.1125237E-5
1009.0,1009.0,0.18046325
1010.0,1010.0,0.0015121514
1011.0,1011.0,0.0021908148
1012.0,1012.0,0.028607938
1013.0,1013.0,0.029425519
1014.0,1014.0,0.7131808
1015.0,1015.0,0.6374185
1016.0,1016.0,0.046955775
1017.0,1017.0,0.1156548
1018.0,1018.0,0.16039586
1019.0,1019.0,0.04348376
1020.0,1020.0,0.7151681
1021.0,1021.0,0.09818555
1022.0,1022.0,0.744375
1023.0,1023.0,1.18821066E-4
1024.0,1024.0,3.3044806E-5
1025.0,1025.0,0.12437291
1026.0,1026.0,0.12856016
1027.0,1027.0,0.15439829
1028.0,1028.0,0.09336526
1029.0,1029.0,0.023883281
1030.0,1030.0,0.095159836
1031.0,1031.0,0.37183225
1032.0,1032.0,3.1689534E-4
1033.0,1033.0,0.038067415
1034.0,1034.0,0.18921714
1035.0,1035.0,0.010732151
1036.0,1036.0,0.1104615
1037.0,1037.0,0.13424003
1038.0,1038.0,0.09350208
1039.0,1039.0,0.015868388
1040.0,1040.0,0.39540684
1041.0,1041.0,0.07031458
1042.0,1042.0,0.17407197
1043.0,1043.0,0.08455307
1044.0,1044.0,0.10530016
1045.0,1045.0,0.4093015
1046.0,1046.0,2.8616063E-5
1047.0,1047.0,0.1084723
1048.0,1048.0,0.13291365
1049.0,1049.0,0.5538341
1050.0,1050.0,0.07267313
1051.0,1051.0,0.2682588
1052.0,1052.0,0.75569695
1053.0,1053.0,0.86884093
1054.0,1054.0,0.22113657
1055.0,1055.0,9.595467E-5
1056.0,1056.0,0.22092158
1057.0,1057.0,0.11874349
1058.0,1058.0,0.0010719325
1059.0,1059.0,0.0042533865
1060.0,1060.0,0.8393432
1061.0,1061.0,0.12974882
1062.0,1062.0,0.04358791
1063.0,1063.0,0.006797919
1064.0,1064.0,0.07572684
1065.0,1065.0,0.22476384
1066.0,1066.0,6.442012E-4
1067.0,1067.0,0.011218608
1068.0,1068.0,0.31104255
1069.0,1069.0,3.9104707E-4
1070.0,1070.0,0.052718908
1071.0,1071.0,0.07939158
1072.0,1072.0,0.0030270533
1073.0,1073.0,0.020449799
1074.0,1074.0,0.14203179
1075.0,1075.0,0.017168442
1076.0,1076.0,0.10544669
1077.0,1077.0,1.12296686E-4
1078.0,1078.0,0.589159
1079.0,1079.0,0.044815473
1080.0,1080.0,0.11951741
1081.0,1081.0,0.7926709
1082.0,1082.0,0.4603066
1083.0,1083.0,0.35683095
1084.0,1084.0,0.14881942
1085.0,1085.0,0.061443474
1086.0,1086.0,0.121114075
1087.0,1087.0,0.0022552295
1088.0,1088.0,0.12293748
1089.0,1089.0,0.051926944
1090.0,1090.0,0.75520784
1091.0,1091.0,0.095550284
1092.0,1092.0,0.74495983
1093.0,1093.0,0.37614608
1094.0,1094.0,0.037379917
1095.0,1095.0,0.17454761
1096.0,1096.0,0.6576532
1097.0,1097.0,0.76756364
1098.0,1098.0,0.65147233
1099.0,1099.0,0.059309248
1100.0,1100.0,0.21580999
1101.0,1101.0,0.41887128
1102.0,1102.0,0.75003815
1103.0,1103.0,0.033189066
1104.0,1104.0,0.57105356
1105.0,1105.0,0.0031552785
1106.0,1106.0,0.056498386
1107.0,1107.0,0.06504515
1108.0,1108.0,0.19227071
1109.0,1109.0,0.13801607
1110.0,1110.0,0.45530942
1111.0,1111.0,0.12845632
1112.0,1112.0,0.089872904
1113.0,1113.0,0.08053548
1114.0,1114.0,0.1359434
1115.0,1115.0,0.024829559
1116.0,1116.0,0.7266363
1117.0,1117.0,0.16572198
1118.0,1118.0,5.9466204E-4
1119.0,1119.0,0.03181592
1120.0,1120.0,0.05974586
1121.0,1121.0,0.07662233
1122.0,1122.0,0.16405234
1123.0,1123.0,0.8544204
1124.0,1124.0,0.11433303
1125.0,1125.0,0.19385111
1126.0,1126.0,0.046313036
1127.0,1127.0,0.04533757
1128.0,1128.0,0.040647604
1129.0,1129.0,0.7362395
1130.0,1130.0,0.71584773
1131.0,1131.0,0.028187841
1132.0,1132.0,0.07452155
1133.0,1133.0,0.507725
1134.0,1134.0,0.0076551954
1135.0,1135.0,0.029254982
1136.0,1136.0,0.6968721
1137.0,1137.0,0.113545656
1138.0,1138.0,0.005842443
1139.0,1139.0,0.09308446
1140.0,1140.0,0.04848939
1141.0,1141.0,9.333574E-5
1142.0,1142.0,0.0736223
1143.0,1143.0,0.030336995
1144.0,1144.0,0.13203587
1145.0,1145.0,0.09134928
1146.0,1146.0,0.5938164
1147.0,1147.0,0.108774856
1148.0,1148.0,0.2513627
1149.0,1149.0,0.13264655
1150.0,1150.0,0.077736676
1151.0,1151.0,0.003358084
1152.0,1152.0,0.038471397
1153.0,1153.0,0.80202967
1154.0,1154.0,0.055639576
1155.0,1155.0,0.0404213
1156.0,1156.0,0.12964855
1157.0,1157.0,0.049163915
1158.0,1158.0,0.06997401
1159.0,1159.0,0.026247628
1160.0,1160.0,0.0038178482
1161.0,1161.0,0.072755866
1162.0,1162.0,0.09151357
1163.0,1163.0,0.058354862
1164.0,1164.0,0.09052061
1165.0,1165.0,0.54262507
1166.0,1166.0,0.0774619
1167.0,1167.0,0.6387555
1168.0,1168.0,0.035348482
1169.0,1169.0,0.10115118
1170.0,1170.0,7.1433344E-5
1171.0,1171.0,0.18448563
1172.0,1172.0,0.0077865925
1173.0,1173.0,0.22007357
1174.0,1174.0,0.5320169
1175.0,1175.0,0.039826825
1176.0,1176.0,0.720483
1177.0,1177.0,0.13870895
1178.0,1178.0,0.14710388
1179.0,1179.0,0.03935015
1180.0,1180.0,0.027538614
1181.0,1181.0,0.037292626
1182.0,1182.0,0.04571472
1183.0,1183.0,0.7385034
1184.0,1184.0,0.5166447
1185.0,1185.0,0.072057955
1186.0,1186.0,0.2619604
1187.0,1187.0,0.12282531
1188.0,1188.0,0.41687402
1189.0,1189.0,0.0031097606
1190.0,1190.0,0.04122684
1191.0,1191.0,0.7178784
1192.0,1192.0,0.78156644
1193.0,1193.0,0.44387984
1194.0,1194.0,0.8085148
1195.0,1195.0,0.19399786
1196.0,1196.0,0.59215254
1197.0,1197.0,0.8563301
1198.0,1198.0,0.1038126
1199.0,1199.0,0.399895
1200.0,1200.0,0.0012562955
1201.0,1201.0,0.062300064
1202.0,1202.0,0.038825862
1203.0,1203.0,1.8348113E-5
1204.0,1204.0,0.7885961
1205.0,1205.0,0.7539533
1206.0,1206.0,0.21591693
1207.0,1207.0,0.021008704
1208.0,1208.0,0.08481968
1209.0,1209.0,0.11554282
1210.0,1210.0,0.74688154
1211.0,1211.0,0.23388293
1212.0,1212.0,4.0268853E-5
1213.0,1213.0,0.0761152
1214.0,1214.0,0.013966195
1215.0,1215.0,0.017394112
1216.0,1216.0,0.7460785
1217.0,1217.0,1.041566E-4
1218.0,1218.0,0.3432507
1219.0,1219.0,0.02137085
1220.0,1220.0,0.16448806
1221.0,1221.0,0.15554935
1222.0,1222.0,0.09586738
1223.0,1223.0,0.77462804
1224.0,1224.0,0.112862736
1225.0,1225.0,0.14084226
1226.0,1226.0,0.05919777
1227.0,1227.0,0.0042832424
1228.0,1228.0,0.08051844
1229.0,1229.0,0.14790206
1230.0,1230.0,0.13750346
1231.0,1231.0,0.2717033
1232.0,1232.0,0.008608557
1233.0,1233.0,0.22201177
1234.0,1234.0,0.80137956
1235.0,1235.0,0.22404702
1236.0,1236.0,0.8000091
1237.0,1237.0,0.7587531
1238.0,1238.0,0.68072915
1239.0,1239.0,0.07593273
1240.0,1240.0,0.18491215
1241.0,1241.0,0.107909836
1242.0,1242.0,0.0020868424
1243.0,1243.0,0.26987603
1244.0,1244.0,0.11344889
1245.0,1245.0,0.03476668
1246.0,1246.0,0.6388815
1247.0,1247.0,0.04903137
1248.0,1248.0,0.00380457
1249.0,1249.0,0.3426426
1250.0,1250.0,0.15754318
1251.0,1251.0,0.20144576
1252.0,1252.0,0.0035148356
1253.0,1253.0,0.21256489
1254.0,1254.0,0.7233558
1255.0,1255.0,0.09115365
1256.0,1256.0,0.16666324
1257.0,1257.0,0.017132018
1258.0,1258.0,0.17778838
1259.0,1259.0,0.06892267
1260.0,1260.0,0.7140594
1261.0,1261.0,0.21011212
1262.0,1262.0,0.13023058
1263.0,1263.0,0.064867795
1264.0,1264.0,0.0040267734
1265.0,1265.0,0.7686014
1266.0,1266.0,0.07026954
1267.0,1267.0,0.038121745
1268.0,1268.0,0.045665983
1269.0,1269.0,0.14777462
1270.0,1270.0,0.9378696
1271.0,1271.0,6.787045E-4
1272.0,1272.0,0.09000232
1273.0,1273.0,0.056114376
1274.0,1274.0,0.74654764
1275.0,1275.0,0.3941003
1276.0,1276.0,0.25140983
1277.0,1277.0,0.750628
1278.0,1278.0,0.0697817
1279.0,1279.0,0.49113175
1280.0,1280.0,0.30418667
1281.0,1281.0,0.020511664
1282.0,1282.0,0.081838876
1283.0,1283.0,0.39211625
1284.0,1284.0,0.64698255
1285.0,1285.0,0.002155219
1286.0,1286.0,0.13006881
1287.0,1287.0,0.18736444
1288.0,1288.0,0.07081762
1289.0,1289.0,0.006152269
1290.0,1290.0,0.72250706
1291.0,1291.0,0.20778383
1292.0,1292.0,0.60461897
1293.0,1293.0,0.21032639
1294.0,1294.0,0.012590409
1295.0,1295.0,0.8349578
1296.0,1296.0,2.0611096E-4
1297.0,1297.0,6.595376E-4
1298.0,1298.0,0.38427544
1299.0,1299.0,0.11598789
1300.0,1300.0,0.28503066
1301.0,1301.0,0.13906959
1302.0,1302.0,0.04364666
1303.0,1303.0,0.8000664
1304.0,1304.0,0.13866916
1305.0,1305.0,0.057171095
1306.0,1306.0,0.08587814
1307.0,1307.0,0.07678175
1308.0,1308.0,0.007582445
1309.0,1309.0,0.73429537
1310.0,1310.0,0.116949834
1311.0,1311.0,0.74725
1312.0,1312.0,0.4857001
1313.0,1313.0,6.917612E-4
1314.0,1314.0,0.05590049
1315.0,1315.0,0.052603982
1316.0,1316.0,1.6977145E-4
1317.0,1317.0,0.0023866221
1318.0,1318.0,0.22912961
1319.0,1319.0,0.42794633
1320.0,1320.0,1.5551006E-4
1321.0,1321.0,0.07497822
1322.0,1322.0,0.7413511
1323.0,1323.0,0.026323326
1324.0,1324.0,5.1801897E-5
1325.0,1325.0,0.19499508
1326.0,1326.0,0.7193332
1327.0,1327.0,0.13032903
1328.0,1328.0,0.07325035
1329.0,1329.0,0.09993662
1330.0,1330.0,0.008153683
1331.0,1331.0,0.16186455
1332.0,1332.0,0.118589535
1333.0,1333.0,0.09323355
1334.0,1334.0,0.051696155
1335.0,1335.0,0.0895719
1336.0,1336.0,0.06134349
1337.0,1337.0,0.1619628
1338.0,1338.0,0.13506615
1339.0,1339.0,0.34076217
1340.0,1340.0,0.020944905
1341.0,1341.0,0.013650421
1342.0,1342.0,0.28092748
1343.0,1343.0,0.07449549
1344.0,1344.0,2.7052814E-4
1345.0,1345.0,0.28947186
1346.0,1346.0,0.10000956
1347.0,1347.0,0.007514493
1348.0,1348.0,2.9289824E-5
1349.0,1349.0,0.0575135
1350.0,1350.0,0.4825615
1351.0,1351.0,0.6629934
1352.0,1352.0,0.14654744
1353.0,1353.0,0.009351619
1354.0,1354.0,0.34171814
1355.0,1355.0,0.072335586
1356.0,1356.0,0.14835387
1357.0,1357.0,0.39886263
1358.0,1358.0,0.0021534434
1359.0,1359.0,0.041692685
1360.0,1360.0,0.3487671
1361.0,1361.0,0.71762794
1362.0,1362.0,0.74995166
1363.0,1363.0,0.043803453
1364.0,1364.0,0.6436652
1365.0,1365.0,0.1274531
1366.0,1366.0,0.14108892
1367.0,1367.0,0.25760752
1368.0,1368.0,0.026641278
1369.0,1369.0,0.037773933
1370.0,1370.0,0.08319165
1371.0,1371.0,0.8084631
1372.0,1372.0,0.5783147
1373.0,1373.0,0.26295683
1374.0,1374.0,0.09195602
1375.0,1375.0,0.5556589
1376.0,1376.0,0.08093985
1377.0,1377.0,0.84228015
1378.0,1378.0,0.67862433
1379.0,1379.0,0.077514976
1380.0,1380.0,0.074054964
1381.0,1381.0,0.034628857
1382.0,1382.0,0.17410094
1383.0,1383.0,0.027177805
1384.0,1384.0,0.01713677
1385.0,1385.0,0.11291091
1386.0,1386.0,3.2343432E-5
1387.0,1387.0,0.08022015
1388.0,1388.0,0.7376059
1389.0,1389.0,0.053587228
1390.0,1390.0,0.76588553
1391.0,1391.0,0.39956468
1392.0,1392.0,0.045659974
1393.0,1393.0,0.05790788
1394.0,1394.0,0.03956316
1395.0,1395.0,2.1853612E-5
1396.0,1396.0,0.045628276
1397.0,1397.0,0.43916726
1398.0,1398.0,0.03635443
1399.0,1399.0,0.59699446
1400.0,1400.0,0.009526603
1401.0,1401.0,0.056805357
1402.0,1402.0,0.09248371
1403.0,1403.0,0.08197776
1404.0,1404.0,1.412103E-4
1405.0,1405.0,0.15255141
1406.0,1406.0,0.21810319
1407.0,1407.0,0.11123633
1408.0,1408.0,0.18882865
1409.0,1409.0,0.05998335
1410.0,1410.0,3.683034E-5
1411.0,1411.0,0.089547634
1412.0,1412.0,0.3029686
1413.0,1413.0,0.16084477
1414.0,1414.0,0.047541905
1415.0,1415.0,0.0446786
1416.0,1416.0,0.0012646988
1417.0,1417.0,0.030104721
1418.0,1418.0,0.4508902
1419.0,1419.0,0.06986254
1420.0,1420.0,0.062459163
1421.0,1421.0,0.020569503
1422.0,1422.0,0.10323136
1423.0,1423.0,0.07618132
1424.0,1424.0,0.19019854
1425.0,1425.0,8.9327275E-4
1426.0,1426.0,0.31679899
1427.0,1427.0,0.51968366
1428.0,1428.0,0.004649073
1429.0,1429.0,0.76778483
1430.0,1430.0,0.6363043
1431.0,1431.0,0.08604552
1432.0,1432.0,2.2786924E-5
1433.0,1433.0,0.05881224
1434.0,1434.0,0.062884815
1435.0,1435.0,0.2834333
1436.0,1436.0,0.6342589
1437.0,1437.0,0.11155021
1438.0,1438.0,0.08640767
1439.0,1439.0,0.24367209
1440.0,1440.0,0.05944345
1441.0,1441.0,0.04703531
1442.0,1442.0,0.68195665
1443.0,1443.0,0.0021835992
1444.0,1444.0,0.022245873
1445.0,1445.0,2.7585216E-4
1446.0,1446.0,0.30265653
1447.0,1447.0,0.110247195
1448.0,1448.0,0.029325355
1449.0,1449.0,0.040004626
1450.0,1450.0,0.34952936
1451.0,1451.0,0.09205427
1452.0,1452.0,0.71386576
1453.0,1453.0,0.0764211
1454.0,1454.0,0.07809809
1455.0,1455.0,0.042294633
1456.0,1456.0,0.46042207
1457.0,1457.0,0.121679746
1458.0,1458.0,0.05936663
1459.0,1459.0,2.8811343E-4
1460.0,1460.0,0.026767723
1461.0,1461.0,0.7685986
1462.0,1462.0,0.026428249
1463.0,1463.0,1.339815E-4
1464.0,1464.0,0.08417175
1465.0,1465.0,0.33245304
1466.0,1466.0,0.06832485
1467.0,1467.0,0.45742133
1468.0,1468.0,0.72241247
1469.0,1469.0,0.1891829
1470.0,1470.0,0.07796113
1471.0,1471.0,0.7489018
1472.0,1472.0,0.68284994
1473.0,1473.0,0.07179418
1474.0,1474.0,1.3833857E-4
1475.0,1475.0,0.0028615673
1476.0,1476.0,0.024277145
1477.0,1477.0,0.14796336
1478.0,1478.0,0.065939
1479.0,1479.0,0.06737071
1480.0,1480.0,0.07769036
1481.0,1481.0,0.10993391
1482.0,1482.0,0.029688114
1483.0,1483.0,0.0034068548
1484.0,1484.0,0.27598986
1485.0,1485.0,0.039187197
1486.0,1486.0,0.15457723
1487.0,1487.0,0.013809255
1488.0,1488.0,0.13188516
1489.0,1489.0,0.41773066
1490.0,1490.0,0.10262878
1491.0,1491.0,0.22885735
1492.0,1492.0,5.1814895E-5
1493.0,1493.0,0.08122346
1494.0,1494.0,2.0270774E-4
1495.0,1495.0,0.22668716
1496.0,1496.0,0.020937275
1497.0,1497.0,0.045391027
1498.0,1498.0,0.7804383
1499.0,1499.0,0.0016079049
1500.0,1500.0,0.7243684
1501.0,1501.0,0.4104474
1502.0,1502.0,0.172
1503.0,1503.0,0.30451193
1504.0,1504.0,0.107009485
1505.0,1505.0,0.073474206
1506.0,1506.0,0.010982487
1507.0,1507.0,0.7811463
1508.0,1508.0,0.55783165
1509.0,1509.0,0.1223717
1510.0,1510.0,0.2694539
1511.0,1511.0,0.034129538
1512.0,1512.0,0.22511277
1513.0,1513.0,7.857934E-4
1514.0,1514.0,0.29680762
1515.0,1515.0,0.05370494
1516.0,1516.0,0.12547742
1517.0,1517.0,0.8133068
1518.0,1518.0,0.21785104
1519.0,1519.0,0.053833716
1520.0,1520.0,0.23371045
1521.0,1521.0,4.8586688E-5
1522.0,1522.0,0.074739076
1523.0,1523.0,0.032535642
1524.0,1524.0,0.0024407308
1525.0,1525.0,0.07693458
1526.0,1526.0,0.30323386
1527.0,1527.0,0.76858395
1528.0,1528.0,0.14820865
1529.0,1529.0,0.17465405
1530.0,1530.0,0.028157083
1531.0,1531.0,0.2140754
1532.0,1532.0,1.5743951E-4
1533.0,1533.0,9.356584E-5
1534.0,1534.0,0.07790607
1535.0,1535.0,0.0488803
1536.0,1536.0,0.05225008
1537.0,1537.0,0.27422825
1538.0,1538.0,0.23911223
1539.0,1539.0,0.44343174
1540.0,1540.0,0.12849918
1541.0,1541.0,0.58855885
1542.0,1542.0,1.7067528E-4
1543.0,1543.0,3.2611043E-4
1544.0,1544.0,0.22817063
1545.0,1545.0,0.12392365
1546.0,1546.0,0.19454083
1547.0,1547.0,0.7519326
1548.0,1548.0,0.0051377164
1549.0,1549.0,0.0014498262
1550.0,1550.0,0.1643693
1551.0,1551.0,0.010740784
1552.0,1552.0,0.19214828
1553.0,1553.0,0.008286379
1554.0,1554.0,3.333452E-4
1555.0,1555.0,0.24525139
1556.0,1556.0,0.12423293
1557.0,1557.0,0.07586345
1558.0,1558.0,0.063578166
1559.0,1559.0,5.065147E-5
1560.0,1560.0,0.14737123
1561.0,1561.0,0.34257936
1562.0,1562.0,0.07469838
1563.0,1563.0,0.2109133
1564.0,1564.0,0.7570803
1565.0,1565.0,0.6486658
1566.0,1566.0,0.09477054
1567.0,1567.0,0.044202156
1568.0,1568.0,0.012773841
1569.0,1569.0,0.43523884
1570.0,1570.0,0.3920616
1571.0,1571.0,0.0025060833
1572.0,1572.0,0.75773597
1573.0,1573.0,0.0018229181
1574.0,1574.0,0.20478253
1575.0,1575.0,0.09472323
1576.0,1576.0,0.091825776
1577.0,1577.0,0.008992372
1578.0,1578.0,0.047002543
1579.0,1579.0,0.8634318
1580.0,1580.0,0.20298496
1581.0,1581.0,0.07611407
1582.0,1582.0,0.039832935
1583.0,1583.0,0.0845602
1584.0,1584.0,0.13731456
1585.0,1585.0,0.21909244
1586.0,1586.0,0.15184665
1587.0,1587.0,0.65028477
1588.0,1588.0,0.052046686
1589.0,1589.0,0.23531264
1590.0,1590.0,0.009760435
1591.0,1591.0,0.06819676
1592.0,1592.0,0.7850588
1593.0,1593.0,0.054388165
1594.0,1594.0,0.13383022
1595.0,1595.0,0.050214168
1596.0,1596.0,0.17660967
1597.0,1597.0,0.101541795
1598.0,1598.0,0.04912908
1599.0,1599.0,0.1584973
1600.0,1600.0,0.21969137
1601.0,1601.0,0.19112758
1602.0,1602.0,0.14905159
1603.0,1603.0,0.7468345
1604.0,1604.0,0.06599209
1605.0,1605.0,0.09142782
1606.0,1606.0,0.28389493
1607.0,1607.0,0.07119235
1608.0,1608.0,0.08403621
1609.0,1609.0,0.4557094
1610.0,1610.0,0.172582
1611.0,1611.0,0.09859382
1612.0,1612.0,0.0011290943
1613.0,1613.0,0.09332967
1614.0,1614.0,0.333313
1615.0,1615.0,0.22604628
1616.0,1616.0,0.84444684
1617.0,1617.0,0.036177166
1618.0,1618.0,0.01503308
1619.0,1619.0,0.83554894
1620.0,1620.0,0.008955801
1621.0,1621.0,0.016460283
1622.0,1622.0,0.5491708
1623.0,1623.0,0.082401454
1624.0,1624.0,0.02185029
1625.0,1625.0,0.020902356
1626.0,1626.0,0.13934541
1627.0,1627.0,0.05977929
1628.0,1628.0,0.10009784
1629.0,1629.0,0.033014856
1630.0,1630.0,0.10695972
1631.0,1631.0,0.084242545
1632.0,1632.0,6.689366E-4
1633.0,1633.0,0.7567707
1634.0,1634.0,0.07937704
1635.0,1635.0,0.015000017
1636.0,1636.0,4.6858448E-5
1637.0,1637.0,0.46272424
1638.0,1638.0,0.6445829
1639.0,1639.0,0.28825337
1640.0,1640.0,0.14315137
1641.0,1641.0,0.060577292
1642.0,1642.0,0.5742027
1643.0,1643.0,0.06291952
1644.0,1644.0,0.0362204
1645.0,1645.0,0.75707024
1646.0,1646.0,0.18251191
1647.0,1647.0,0.04796556
1648.0,1648.0,2.6595157E-5
1649.0,1649.0,0.011820521
1650.0,1650.0,0.08827234
1651.0,1651.0,0.63425106
1652.0,1652.0,0.037114333
1653.0,1653.0,0.7761582
1654.0,1654.0,1.6968996E-5
1655.0,1655.0,0.12799333
1656.0,1656.0,0.05242285
1657.0,1657.0,0.02853791
1658.0,1658.0,0.0010422808
1659.0,1659.0,0.12317841
1660.0,1660.0,0.11014588
1661.0,1661.0,0.6856704
1662.0,1662.0,3.775449E-5
1663.0,1663.0,0.062304836
1664.0,1664.0,0.79248315
1665.0,1665.0,0.07230331
1666.0,1666.0,0.0049985684
1667.0,1667.0,0.10652462
1668.0,1668.0,0.30558297
1669.0,1669.0,0.007079792
1670.0,1670.0,0.0014504701
1671.0,1671.0,0.1708089
1672.0,1672.0,0.2933118
1673.0,1673.0,0.11666742
1674.0,1674.0,0.10761399
1675.0,1675.0,0.25863194
1676.0,1676.0,0.12272701
1677.0,1677.0,0.22728683
1678.0,1678.0,3.1503572E-5
1679.0,1679.0,0.07198737
1680.0,1680.0,5.8340403E-4
1681.0,1681.0,0.14905165
1682.0,1682.0,0.035556182
1683.0,1683.0,1.310366E-5
1684.0,1684.0,0.30225706
1685.0,1685.0,0.38302603
1686.0,1686.0,0.030989306
1687.0,1687.0,0.08438485
1688.0,1688.0,0.073512875
1689.0,1689.0,0.16027884
1690.0,1690.0,0.05542634
1691.0,1691.0,0.07021131
1692.0,1692.0,0.43164104
1693.0,1693.0,0.006900174
1694.0,1694.0,0.31393132
1695.0,1695.0,0.59955984
1696.0,1696.0,0.09165878
1697.0,1697.0,0.15444654
1698.0,1698.0,0.0015681023
1699.0,1699.0,0.077076264
1700.0,1700.0,0.032917835
1701.0,1701.0,0.06965931
1702.0,1702.0,5.2642677E-5
1703.0,1703.0,0.7316939
1704.0,1704.0,0.7478485
1705.0,1705.0,0.012584627
1706.0,1706.0,0.035275184
1707.0,1707.0,0.32108295
1708.0,1708.0,0.02775364
1709.0,1709.0,0.04999739
1710.0,1710.0,0.021743154
1711.0,1711.0,0.04792546
1712.0,1712.0,0.11570877
1713.0,1713.0,0.20546363
1714.0,1714.0,0.05564795
1715.0,1715.0,0.08243515
1716.0,1716.0,0.045073632
1717.0,1717.0,0.5151244
1718.0,1718.0,0.14580527
1719.0,1719.0,0.636439
1720.0,1720.0,0.075126894
1721.0,1721.0,0.18563753
1722.0,1722.0,0.19356984
1723.0,1723.0,0.12229047
1724.0,1724.0,0.094653726
1725.0,1725.0,0.053575102
1726.0,1726.0,0.29135537
1727.0,1727.0,0.065378614
1728.0,1728.0,0.0860459
1729.0,1729.0,0.24882047
1730.0,1730.0,0.04546961
1731.0,1731.0,0.102856055
1732.0,1732.0,0.37763655
1733.0,1733.0,0.24094705
1734.0,1734.0,0.09918091
1735.0,1735.0,0.030942054
1736.0,1736.0,0.13107029
1737.0,1737.0,0.6687467
1738.0,1738.0,0.0827969
1739.0,1739.0,0.007830081
1740.0,1740.0,0.08049148
1741.0,1741.0,0.052092925
1742.0,1742.0,0.72349745
1743.0,1743.0,0.05051847
1744.0,1744.0,0.70258486
1745.0,1745.0,0.5534407
1746.0,1746.0,0.12971702
1747.0,1747.0,0.019567192
1748.0,1748.0,0.8572989
1749.0,1749.0,0.09379919
1750.0,1750.0,0.7954737
1751.0,1751.0,0.0029643893
1752.0,1752.0,0.0023613435
1753.0,1753.0,0.07459154
1754.0,1754.0,0.084476344
1755.0,1755.0,0.1603245
1756.0,1756.0,3.2599262E-4
1757.0,1757.0,0.03438425
1758.0,1758.0,0.09289388
1759.0,1759.0,0.36527535
1760.0,1760.0,0.50405794
1761.0,1761.0,0.07602471
1762.0,1762.0,0.12913029
1763.0,1763.0,0.16470739
1764.0,1764.0,0.12889756
1765.0,1765.0,0.06376827
1766.0,1766.0,0.06630321
1767.0,1767.0,0.09207405
1768.0,1768.0,0.15684788
1769.0,1769.0,0.045240454
1770.0,1770.0,0.074068956
1771.0,1771.0,0.06928207
1772.0,1772.0,0.7602805
1773.0,1773.0,0.008394441
1774.0,1774.0,0.7274276
1775.0,1775.0,0.54979354
1776.0,1776.0,0.16285491
1777.0,1777.0,0.14814258
1778.0,1778.0,0.11815461
1779.0,1779.0,0.17984885
1780.0,1780.0,0.077587575
1781.0,1781.0,0.0023449648
1782.0,1782.0,0.10131489
1783.0,1783.0,0.1029913
1784.0,1784.0,0.04073509
1785.0,1785.0,0.1312402
1786.0,1786.0,0.0595711
1787.0,1787.0,0.040790025
1788.0,1788.0,0.78979063
1789.0,1789.0,0.029914077
1790.0,1790.0,0.71879405
1791.0,1791.0,0.08567837
1792.0,1792.0,0.03148016
1793.0,1793.0,0.20914637
1794.0,1794.0,0.43832862
1795.0,1795.0,0.14854106
1796.0,1796.0,0.76658994
1797.0,1797.0,0.00885576
1798.0,1798.0,0.03591563
1799.0,1799.0,0.051047906
1800.0,1800.0,0.0028769514
1801.0,1801.0,0.6611755
1802.0,1802.0,0.2124381
1803.0,1803.0,0.7611211
1804.0,1804.0,0.32948446
1805.0,1805.0,0.0031676677
1806.0,1806.0,0.004026548
1807.0,1807.0,0.03114269
1808.0,1808.0,0.27412468
1809.0,1809.0,0.07609531
1810.0,1810.0,5.298307E-4
1811.0,1811.0,0.88965195
1812.0,1812.0,0.02256842
1813.0,1813.0,0.11382322
1814.0,1814.0,7.558781E-5
1815.0,1815.0,0.204282
1816.0,1816.0,0.094700195
1817.0,1817.0,0.023243451
1818.0,1818.0,0.06827969
1819.0,1819.0,0.31738707
1820.0,1820.0,0.16140266
1821.0,1821.0,0.12016275
1822.0,1822.0,0.045199964
1823.0,1823.0,0.5243219
1824.0,1824.0,0.012433679
1825.0,1825.0,0.024439134
1826.0,1826.0,0.07456699
1827.0,1827.0,0.19098774
1828.0,1828.0,0.12269186
1829.0,1829.0,0.08674558
1830.0,1830.0,0.041742772
1831.0,1831.0,0.14679934
1832.0,1832.0,0.06213584
1833.0,1833.0,0.09278746
1834.0,1834.0,0.12489872
1835.0,1835.0,0.03254289
1836.0,1836.0,0.12501681
1837.0,1837.0,0.084975205
1838.0,1838.0,0.24737407
1839.0,1839.0,1.0091906E-4
1840.0,1840.0,0.09258532
1841.0,1841.0,0.040200457
1842.0,1842.0,0.76081145
1843.0,1843.0,4.5579814E-4
1844.0,1844.0,0.40091234
1845.0,1845.0,0.042641416
1846.0,1846.0,0.20788434
1847.0,1847.0,0.023136677
1848.0,1848.0,0.023942005
1849.0,1849.0,0.0017309224
1850.0,1850.0,0.73484147
1851.0,1851.0,9.1683345E-5
1852.0,1852.0,0.047082666
1853.0,1853.0,0.40850034
1854.0,1854.0,1.6955678E-4
1855.0,1855.0,0.36350393
1856.0,1856.0,0.10824611
1857.0,1857.0,6.312916E-4
1858.0,1858.0,0.06933796
1859.0,1859.0,0.089472465
1860.0,1860.0,0.13004057
1861.0,1861.0,0.70545655
1862.0,1862.0,0.16832738
1863.0,1863.0,0.09900897
1864.0,1864.0,0.04776273
1865.0,1865.0,0.16126812
1866.0,1866.0,0.10365824
1867.0,1867.0,0.5716607
1868.0,1868.0,0.03866784
1869.0,1869.0,0.0811024
1870.0,1870.0,0.13605994
1871.0,1871.0,0.037574213
1872.0,1872.0,0.028159512
1873.0,1873.0,0.39652517
1874.0,1874.0,0.0344788
1875.0,1875.0,0.7274645
1876.0,1876.0,0.03431576
1877.0,1877.0,0.17048767
1878.0,1878.0,0.05677049
1879.0,1879.0,0.008083225
1880.0,1880.0,0.8426682
1881.0,1881.0,0.023385923
1882.0,1882.0,0.21143453
1883.0,1883.0,0.09708717
1884.0,1884.0,0.5040238
1885.0,1885.0,0.19369571
1886.0,1886.0,0.07853565
1887.0,1887.0,0.08480833
1888.0,1888.0,0.018997137
1889.0,1889.0,0.12533216
1890.0,1890.0,0.24884024
1891.0,1891.0,1.544031E-4
1892.0,1892.0,0.022085007
1893.0,1893.0,0.58454466
1894.0,1894.0,0.07007098
1895.0,1895.0,0.22582018
1896.0,1896.0,0.15248115
1897.0,1897.0,0.23462498
1898.0,1898.0,1.4104472E-5
1899.0,1899.0,0.020373367
1900.0,1900.0,0.617083
1901.0,1901.0,0.07120666
1902.0,1902.0,0.7719856
1903.0,1903.0,0.09832249
1904.0,1904.0,0.7203804
1905.0,1905.0,0.0013103838
1906.0,1906.0,0.7788541
1907.0,1907.0,0.13616884
1908.0,1908.0,0.102558285
1909.0,1909.0,0.063310936
1910.0,1910.0,0.167887
1911.0,1911.0,0.038227
1912.0,1912.0,0.20390294
1913.0,1913.0,0.117535315
1914.0,1914.0,0.103615776
1915.0,1915.0,0.031710766
1916.0,1916.0,0.29727754
1917.0,1917.0,0.08857561
1918.0,1918.0,0.10593623
1919.0,1919.0,0.0844047
1920.0,1920.0,0.06275108
1921.0,1921.0,0.15353347
1922.0,1922.0,0.0535921
1923.0,1923.0,0.7678013
1924.0,1924.0,0.04005525
1925.0,1925.0,0.03615771
1926.0,1926.0,0.23353758
1927.0,1927.0,0.03425337
1928.0,1928.0,0.02908294
1929.0,1929.0,0.32379875
1930.0,1930.0,0.033725325
1931.0,1931.0,0.105919786
1932.0,1932.0,0.041388504
1933.0,1933.0,0.06613336
1934.0,1934.0,0.08027979
1935.0,1935.0,0.041050855
1936.0,1936.0,0.012210216
1937.0,1937.0,0.68195856
1938.0,1938.0,0.054767348
1939.0,1939.0,0.78691745
1940.0,1940.0,0.7447146
1941.0,1941.0,1.6230963E-4
1942.0,1942.0,0.004687137
1943.0,1943.0,0.0020722295
1944.0,1944.0,0.13267604
1945.0,1945.0,0.04035827
1946.0,1946.0,0.04925001
1947.0,1947.0,0.044778947
1948.0,1948.0,6.9131565E-5
1949.0,1949.0,0.03627034
1950.0,1950.0,0.17220563
1951.0,1951.0,0.089052714
1952.0,1952.0,0.16036347
1953.0,1953.0,5.590507E-4
1954.0,1954.0,0.08803999
1955.0,1955.0,0.0043075616
1956.0,1956.0,0.43246838
1957.0,1957.0,0.046197172
1958.0,1958.0,0.03946394
1959.0,1959.0,0.71118087
1960.0,1960.0,0.0789437
1961.0,1961.0,0.09449147
1962.0,1962.0,0.006665634
1963.0,1963.0,0.045214474
1964.0,1964.0,0.0992241
1965.0,1965.0,0.020081833
1966.0,1966.0,0.69869334
1967.0,1967.0,0.18650617
1968.0,1968.0,0.09750563
1969.0,1969.0,0.2499458
1970.0,1970.0,0.17132905
1971.0,1971.0,0.13380255
1972.0,1972.0,6.1307213E-4
1973.0,1973.0,0.30761734
1974.0,1974.0,0.03223969
1975.0,1975.0,0.08765551
1976.0,1976.0,0.8231209
1977.0,1977.0,0.022949234
1978.0,1978.0,0.7199194
1979.0,1979.0,0.017209938
1980.0,1980.0,0.6977205
1981.0,1981.0,0.08109348
1982.0,1982.0,0.05572516
1983.0,1983.0,0.5352608
1984.0,1984.0,0.048852824
1985.0,1985.0,0.010486521
1986.0,1986.0,0.17790489
1987.0,1987.0,0.013767876
1988.0,1988.0,0.009233446
1989.0,1989.0,0.06861894
1990.0,1990.0,0.16373338
1991.0,1991.0,0.2676062
1992.0,1992.0,8.6494234E-5
1993.0,1993.0,0.07520452
1994.0,1994.0,0.006370596
1995.0,1995.0,0.12773103
1996.0,1996.0,0.14757532
1997.0,1997.0,2.257743E-4
1998.0,1998.0,0.08384339
1999.0,1999.0,0.017084094
2000.0,2000.0,0.017203158
2001.0,2001.0,0.052935157
2002.0,2002.0,0.7109813
2003.0,2003.0,0.30686447
2004.0,2004.0,0.08631575
2005.0,2005.0,0.6759735
2006.0,2006.0,0.085934915
2007.0,2007.0,3.7196316E-4
2008.0,2008.0,0.15738907
2009.0,2009.0,0.18706842
2010.0,2010.0,0.116146535
2011.0,2011.0,0.14720778
2012.0,2012.0,0.12875292
2013.0,2013.0,0.07849538
2014.0,2014.0,0.52513
2015.0,2015.0,0.056728866
2016.0,2016.0,0.07157622
2017.0,2017.0,4.5340003E-5
2018.0,2018.0,3.4759203E-5
2019.0,2019.0,0.02557065
2020.0,2020.0,0.0030541178
2021.0,2021.0,0.072113924
2022.0,2022.0,0.0025470243
2023.0,2023.0,0.19389193
2024.0,2024.0,0.1818696
2025.0,2025.0,0.1345398
2026.0,2026.0,0.0070213852
2027.0,2027.0,0.78898984
2028.0,2028.0,0.085016556
2029.0,2029.0,0.0797578
2030.0,2030.0,0.2568497
2031.0,2031.0,0.0021748894
2032.0,2032.0,0.0012176799
2033.0,2033.0,0.04808042
2034.0,2034.0,0.0444656
2035.0,2035.0,0.050087094
2036.0,2036.0,0.13694726
2037.0,2037.0,0.5667786
2038.0,2038.0,0.08226294
2039.0,2039.0,0.023037251
2040.0,2040.0,0.5865321
2041.0,2041.0,0.0029545
2042.0,2042.0,3.2013297E-5
2043.0,2043.0,0.102315165
2044.0,2044.0,0.0064963303
2045.0,2045.0,0.21137406
2046.0,2046.0,0.22302596
2047.0,2047.0,0.687402
2048.0,2048.0,0.08611178
2049.0,2049.0,0.14251468
2050.0,2050.0,0.23491183
2051.0,2051.0,0.027061021
2052.0,2052.0,0.19038719
2053.0,2053.0,0.054044582
2054.0,2054.0,0.010611683
2055.0,2055.0,0.01846441
2056.0,2056.0,0.2244733
2057.0,2057.0,1.4225517E-4
2058.0,2058.0,0.20933338
2059.0,2059.0,0.233237
2060.0,2060.0,1.1444938E-4
2061.0,2061.0,0.17677723
2062.0,2062.0,0.04819437
2063.0,2063.0,0.039189678
2064.0,2064.0,0.23921557
2065.0,2065.0,0.11363889
2066.0,2066.0,0.014577549
2067.0,2067.0,0.03287469
2068.0,2068.0,0.21204287
2069.0,2069.0,0.17949437
2070.0,2070.0,0.08678832
2071.0,2071.0,0.0019125065
2072.0,2072.0,0.06997242
2073.0,2073.0,0.013574622
2074.0,2074.0,0.004397257
2075.0,2075.0,0.07561253
2076.0,2076.0,0.19869152
2077.0,2077.0,0.18319036
2078.0,2078.0,0.07572601
2079.0,2079.0,0.67586046
2080.0,2080.0,0.0011526424
2081.0,2081.0,0.021392073
2082.0,2082.0,0.0072570895
2083.0,2083.0,0.011267478
2084.0,2084.0,0.06525292
2085.0,2085.0,0.3683367
2086.0,2086.0,6.8248145E-4
2087.0,2087.0,0.112716734
2088.0,2088.0,0.111632295
2089.0,2089.0,0.15376623
2090.0,2090.0,0.43068558
2091.0,2091.0,0.07428196
2092.0,2092.0,0.01342297
2093.0,2093.0,0.15393402
2094.0,2094.0,0.22704127
2095.0,2095.0,0.57255214
2096.0,2096.0,0.12378893
2097.0,2097.0,3.0700202E-4
2098.0,2098.0,0.016830416
2099.0,2099.0,0.7689029
2100.0,2100.0,0.32577989
2101.0,2101.0,3.9018557E-4
2102.0,2102.0,0.19487327
2103.0,2103.0,1.1172407E-4
2104.0,2104.0,0.69013715
2105.0,2105.0,0.62700474
2106.0,2106.0,0.6968482
2107.0,2107.0,0.004188028
2108.0,2108.0,0.105075955
2109.0,2109.0,0.7493654
2110.0,2110.0,0.078134485
2111.0,2111.0,0.009849156
2112.0,2112.0,0.13013165
2113.0,2113.0,0.032481983
2114.0,2114.0,0.2204656
2115.0,2115.0,0.36786896
2116.0,2116.0,0.112024374
2117.0,2117.0,0.12798142
2118.0,2118.0,0.05983971
2119.0,2119.0,0.059937455
2120.0,2120.0,0.0043666884
2121.0,2121.0,0.77930343
2122.0,2122.0,0.16874692
2123.0,2123.0,0.046263114
2124.0,2124.0,0.36764953
2125.0,2125.0,0.038779333
2126.0,2126.0,0.24517637
2127.0,2127.0,0.15128301
2128.0,2128.0,0.44778362
2129.0,2129.0,0.082982354
2130.0,2130.0,0.077258766
2131.0,2131.0,0.14678456
2132.0,2132.0,0.094910644
2133.0,2133.0,0.11806964
2134.0,2134.0,0.64189106
2135.0,2135.0,0.619471
2136.0,2136.0,0.055222847
2137.0,2137.0,0.031226456
2138.0,2138.0,0.0777395
2139.0,2139.0,0.08556885
2140.0,2140.0,0.13371888
2141.0,2141.0,0.062492833
2142.0,2142.0,0.2086092
2143.0,2143.0,0.736112
2144.0,2144.0,0.09052517
2145.0,2145.0,0.035839316
2146.0,2146.0,0.012390616
2147.0,2147.0,0.6867074
2148.0,2148.0,0.7236492
2149.0,2149.0,0.005893101
2150.0,2150.0,0.0515816
2151.0,2151.0,0.061862268
2152.0,2152.0,0.103549674
2153.0,2153.0,0.29318997
2154.0,2154.0,0.19376293
2155.0,2155.0,0.041010216
2156.0,2156.0,0.7309784
2157.0,2157.0,0.074433036
2158.0,2158.0,0.025345948
2159.0,2159.0,0.0044911555
2160.0,2160.0,0.039759595
2161.0,2161.0,0.054028504
2162.0,2162.0,0.65050316
2163.0,2163.0,0.19676502
2164.0,2164.0,0.2823677
2165.0,2165.0,0.7691935
2166.0,2166.0,0.10264125
2167.0,2167.0,0.1140829
2168.0,2168.0,0.026205203
2169.0,2169.0,0.045994557
2170.0,2170.0,0.04829748
2171.0,2171.0,0.13091026
2172.0,2172.0,0.16330874
2173.0,2173.0,0.050256826
2174.0,2174.0,5.2955023E-5
2175.0,2175.0,0.4676677
2176.0,2176.0,0.26797482
2177.0,2177.0,0.17691138
2178.0,2178.0,0.0011510928
2179.0,2179.0,0.29608786
2180.0,2180.0,0.12150687
2181.0,2181.0,0.08866386
2182.0,2182.0,0.007771565
2183.0,2183.0,0.11454593
2184.0,2184.0,0.7710829
2185.0,2185.0,0.073574126
2186.0,2186.0,0.0026032885
2187.0,2187.0,0.057388738
2188.0,2188.0,0.06882841
2189.0,2189.0,0.04002425
2190.0,2190.0,0.4563243
2191.0,2191.0,0.03610394
2192.0,2192.0,0.31714323
2193.0,2193.0,0.15969165
2194.0,2194.0,0.12644976
2195.0,2195.0,2.1424312E-4
2196.0,2196.0,0.019257851
2197.0,2197.0,1.827393E-5
2198.0,2198.0,0.041189894
2199.0,2199.0,0.06846407
2200.0,2200.0,0.27782315
2201.0,2201.0,0.16158189
2202.0,2202.0,0.07625648
2203.0,2203.0,0.105078496
2204.0,2204.0,0.0055157766
2205.0,2205.0,0.6850326
2206.0,2206.0,0.78807765
2207.0,2207.0,0.06809392
2208.0,2208.0,0.09525645
2209.0,2209.0,0.0035099061
2210.0,2210.0,0.18580392
2211.0,2211.0,0.03323982
2212.0,2212.0,0.058996167
2213.0,2213.0,1.1094093E-4
2214.0,2214.0,0.35219157
2215.0,2215.0,0.007800193
2216.0,2216.0,0.0016232831
2217.0,2217.0,0.023859674
2218.0,2218.0,0.5189221
2219.0,2219.0,0.077258594
2220.0,2220.0,0.05204858
2221.0,2221.0,0.6024872
2222.0,2222.0,0.12699173
2223.0,2223.0,0.29800686
2224.0,2224.0,0.06583048
2225.0,2225.0,0.041727226
2226.0,2226.0,0.11829936
2227.0,2227.0,0.75779396
2228.0,2228.0,0.09800707
2229.0,2229.0,2.86699E-5
2230.0,2230.0,0.32921728
2231.0,2231.0,0.065527946
2232.0,2232.0,0.04887323
2233.0,2233.0,0.13137314
2234.0,2234.0,0.3351307
2235.0,2235.0,9.052163E-4
2236.0,2236.0,0.17549129
2237.0,2237.0,0.790949
2238.0,2238.0,0.3284074
2239.0,2239.0,0.06358093
2240.0,2240.0,0.8367447
2241.0,2241.0,0.056035757
2242.0,2242.0,0.7499973
2243.0,2243.0,0.11007182
2244.0,2244.0,0.17199136
2245.0,2245.0,0.15412551
2246.0,2246.0,0.43033963
2247.0,2247.0,0.0034651519
2248.0,2248.0,0.6593189
2249.0,2249.0,0.05699936
2250.0,2250.0,0.7393131
2251.0,2251.0,0.0763008
2252.0,2252.0,0.022305736
2253.0,2253.0,0.07446394
2254.0,2254.0,0.055059314
2255.0,2255.0,0.16123845
2256.0,2256.0,0.3497631
2257.0,2257.0,0.7295081
2258.0,2258.0,0.73733616
2259.0,2259.0,0.048565973
2260.0,2260.0,1.12789734E-4
2261.0,2261.0,0.7877161
2262.0,2262.0,0.06424332
2263.0,2263.0,0.65729845
2264.0,2264.0,0.7773793
2265.0,2265.0,0.062058933
2266.0,2266.0,0.057672605
2267.0,2267.0,0.100106664
2268.0,2268.0,0.010108122
2269.0,2269.0,0.18615025
2270.0,2270.0,0.17700438
2271.0,2271.0,0.091035046
2272.0,2272.0,0.17114651
2273.0,2273.0,0.25365683
2274.0,2274.0,0.1132875
2275.0,2275.0,0.013171748
2276.0,2276.0,0.020096371
2277.0,2277.0,0.525515
2278.0,2278.0,0.28276893
2279.0,2279.0,0.10308347
2280.0,2280.0,0.08333019
2281.0,2281.0,0.5143577
2282.0,2282.0,0.61028934
2283.0,2283.0,0.04205883
2284.0,2284.0,0.7009128
2285.0,2285.0,1.0483407E-4
2286.0,2286.0,0.031365912
2287.0,2287.0,0.40014845
2288.0,2288.0,0.2906631
2289.0,2289.0,0.06256317
2290.0,2290.0,0.07360861
2291.0,2291.0,0.5787997
2292.0,2292.0,0.1795911
2293.0,2293.0,0.109167606
2294.0,2294.0,0.006151099
2295.0,2295.0,0.010467147
2296.0,2296.0,0.07515164
2297.0,2297.0,0.015425853
2298.0,2298.0,0.1027723
2299.0,2299.0,0.013863308
2300.0,2300.0,0.16816057
2301.0,2301.0,0.0010069788
2302.0,2302.0,0.6852954
2303.0,2303.0,0.10096895
2304.0,2304.0,0.5733514
2305.0,2305.0,0.2577418
2306.0,2306.0,0.07445534
2307.0,2307.0,0.057614062
2308.0,2308.0,0.21512894
2309.0,2309.0,0.18218786
2310.0,2310.0,0.042649873
2311.0,2311.0,0.23021814
2312.0,2312.0,0.09921899
2313.0,2313.0,0.09521948
2314.0,2314.0,0.71860456
2315.0,2315.0,0.0054621305
2316.0,2316.0,0.041285757
2317.0,2317.0,0.0021077832
2318.0,2318.0,0.08687586
2319.0,2319.0,0.51474166
2320.0,2320.0,0.044284515
2321.0,2321.0,0.69669884
2322.0,2322.0,0.021885954
2323.0,2323.0,0.09445572
2324.0,2324.0,0.024759997
2325.0,2325.0,0.025003053
2326.0,2326.0,0.1555943
2327.0,2327.0,1.4671223E-4
2328.0,2328.0,0.09155331
2329.0,2329.0,0.7611025
2330.0,2330.0,0.14409411
2331.0,2331.0,0.22037391
2332.0,2332.0,0.10423496
2333.0,2333.0,0.7563347
2334.0,2334.0,0.8062729
2335.0,2335.0,0.0054346444
2336.0,2336.0,0.01595353
2337.0,2337.0,0.13748291
2338.0,2338.0,0.052862223
2339.0,2339.0,0.76416683
2340.0,2340.0,0.18533933
2341.0,2341.0,0.27717525
2342.0,2342.0,0.1547098
2343.0,2343.0,0.38051772
2344.0,2344.0,0.048690565
2345.0,2345.0,0.11005524
2346.0,2346.0,0.27534848
2347.0,2347.0,0.7523149
2348.0,2348.0,9.881349E-5
2349.0,2349.0,0.041900206
2350.0,2350.0,0.259402
2351.0,2351.0,0.07071963
2352.0,2352.0,0.1852223
2353.0,2353.0,0.09830595
2354.0,2354.0,0.23042552
2355.0,2355.0,0.0505598
2356.0,2356.0,0.30668488
2357.0,2357.0,0.15888785
2358.0,2358.0,0.11734684
2359.0,2359.0,0.3015544
2360.0,2360.0,0.036094557
2361.0,2361.0,0.25342467
2362.0,2362.0,0.795058
2363.0,2363.0,0.8165872
2364.0,2364.0,0.003095714
2365.0,2365.0,0.03366383
2366.0,2366.0,0.03456908
2367.0,2367.0,0.15069228
2368.0,2368.0,0.024432031
2369.0,2369.0,1.0343662E-4
2370.0,2370.0,0.8261672
2371.0,2371.0,0.09398322
2372.0,2372.0,0.067515634
2373.0,2373.0,0.099277526
2374.0,2374.0,0.26251423
2375.0,2375.0,0.17161518
2376.0,2376.0,0.70120436
2377.0,2377.0,0.0427107
2378.0,2378.0,0.18279156
2379.0,2379.0,0.0239239
2380.0,2380.0,0.59281874
2381.0,2381.0,0.046358004
2382.0,2382.0,0.0015386705
2383.0,2383.0,0.8244064
2384.0,2384.0,0.41758454
2385.0,2385.0,0.7535801
2386.0,2386.0,0.73289716
2387.0,2387.0,0.92504126
2388.0,2388.0,0.41488057
2389.0,2389.0,0.835039
2390.0,2390.0,0.05313685
2391.0,2391.0,0.33040226
2392.0,2392.0,0.10490456
2393.0,2393.0,0.008230678
2394.0,2394.0,0.7391937
2395.0,2395.0,0.08363649
2396.0,2396.0,0.111810096
2397.0,2397.0,0.022715706
2398.0,2398.0,1.7182148E-4
2399.0,2399.0,0.42263028
2400.0,2400.0,0.44218153
2401.0,2401.0,0.057002876
2402.0,2402.0,0.0094660055
2403.0,2403.0,0.010343562
2404.0,2404.0,0.873732
2405.0,2405.0,0.022615558
2406.0,2406.0,0.026846346
2407.0,2407.0,0.04882597
2408.0,2408.0,0.1416209
2409.0,2409.0,1.0947155E-4
2410.0,2410.0,0.0072859013
2411.0,2411.0,0.050462022
2412.0,2412.0,0.00253544
2413.0,2413.0,0.05856707
2414.0,2414.0,0.094217405
2415.0,2415.0,0.009875418
2416.0,2416.0,0.0044176606
2417.0,2417.0,0.6358878
2418.0,2418.0,0.6884312
2419.0,2419.0,0.2192673
2420.0,2420.0,0.19913186
2421.0,2421.0,0.11372551
2422.0,2422.0,0.021258539
2423.0,2423.0,0.053985856
2424.0,2424.0,0.04769272
2425.0,2425.0,0.05942746
2426.0,2426.0,1.5619905E-4
2427.0,2427.0,0.7829416
2428.0,2428.0,0.010945328
2429.0,2429.0,1.12671936E-4
2430.0,2430.0,0.7223461
2431.0,2431.0,0.038951356
2432.0,2432.0,0.107018165
2433.0,2433.0,0.027101204
2434.0,2434.0,1.3479589E-4
2435.0,2435.0,0.7013988
2436.0,2436.0,0.7146952
2437.0,2437.0,0.00246391
2438.0,2438.0,0.4012088
2439.0,2439.0,0.108727194
2440.0,2440.0,0.7084212
2441.0,2441.0,0.07871535
2442.0,2442.0,0.30612323
2443.0,2443.0,0.112828195
2444.0,2444.0,0.14005949
2445.0,2445.0,0.025760937
2446.0,2446.0,0.7813441
2447.0,2447.0,0.09888949
2448.0,2448.0,0.015184375
2449.0,2449.0,0.05327375
2450.0,2450.0,0.7500726
2451.0,2451.0,0.05568801
2452.0,2452.0,0.06339041
2453.0,2453.0,5.194093E-5
2454.0,2454.0,0.023104431
2455.0,2455.0,3.1971576E-4
2456.0,2456.0,0.008108275
2457.0,2457.0,0.76726204
2458.0,2458.0,0.19965176
2459.0,2459.0,0.06746473
2460.0,2460.0,0.10691237
2461.0,2461.0,0.008481658
2462.0,2462.0,0.40754735
2463.0,2463.0,0.19654804
2464.0,2464.0,2.3589346E-4
2465.0,2465.0,0.7413039
2466.0,2466.0,0.0022952147
2467.0,2467.0,0.08747336
2468.0,2468.0,7.0893075E-5
2469.0,2469.0,0.014362536
2470.0,2470.0,0.19668043
2471.0,2471.0,0.11329658
2472.0,2472.0,0.10396579
2473.0,2473.0,0.10063553
2474.0,2474.0,0.273075
2475.0,2475.0,0.12050517
2476.0,2476.0,0.06350602
2477.0,2477.0,0.07129835
2478.0,2478.0,0.015996203
2479.0,2479.0,0.011858794
2480.0,2480.0,0.37799722
2481.0,2481.0,0.62720895
2482.0,2482.0,2.45973E-4
2483.0,2483.0,1.4487272E-5
2484.0,2484.0,0.29290608
2485.0,2485.0,0.17646961
2486.0,2486.0,0.20823759
2487.0,2487.0,0.015462861
2488.0,2488.0,0.03344968
2489.0,2489.0,0.13393569
2490.0,2490.0,0.106159285
2491.0,2491.0,0.11863652
2492.0,2492.0,0.7494793
2493.0,2493.0,0.077625126
2494.0,2494.0,0.010019859
2495.0,2495.0,0.036403853
2496.0,2496.0,0.15694025
2497.0,2497.0,0.891087
2498.0,2498.0,0.78108007
2499.0,2499.0,0.17813344
2500.0,2500.0,0.10667949
2501.0,2501.0,0.060285557
2502.0,2502.0,0.102229565
2503.0,2503.0,0.07819553
2504.0,2504.0,5.446727E-4
2505.0,2505.0,0.008565908
2506.0,2506.0,0.5560703
2507.0,2507.0,0.30499896
2508.0,2508.0,0.71717155
2509.0,2509.0,0.12629916
2510.0,2510.0,0.07855678
2511.0,2511.0,0.045075007
2512.0,2512.0,0.67608464
2513.0,2513.0,0.1518942
2514.0,2514.0,0.1762176
2515.0,2515.0,0.032914028
2516.0,2516.0,0.073045686
2517.0,2517.0,0.111897595
2518.0,2518.0,0.6143135
2519.0,2519.0,0.46273363
2520.0,2520.0,0.6602213
2521.0,2521.0,0.76064116
2522.0,2522.0,0.8020129
2523.0,2523.0,0.17424166
2524.0,2524.0,0.2403728
2525.0,2525.0,0.030301347
2526.0,2526.0,0.7918471
2527.0,2527.0,0.018152278
2528.0,2528.0,0.040169198
2529.0,2529.0,0.059445687
2530.0,2530.0,0.6506893
2531.0,2531.0,0.45816278
2532.0,2532.0,0.07009593
2533.0,2533.0,0.059892282
2534.0,2534.0,0.13914509
2535.0,2535.0,0.3457586
2536.0,2536.0,0.0012239328
2537.0,2537.0,0.0073660254
2538.0,2538.0,0.098616034
2539.0,2539.0,0.18078978
2540.0,2540.0,0.8040895
2541.0,2541.0,2.0813923E-4
2542.0,2542.0,0.048276655
2543.0,2543.0,0.12883222
2544.0,2544.0,0.028960565
2545.0,2545.0,0.00748448
2546.0,2546.0,0.7472117
2547.0,2547.0,1.3793819E-4
2548.0,2548.0,0.14351515
2549.0,2549.0,8.7025E-4
2550.0,2550.0,0.13882543
2551.0,2551.0,5.6805095E-4
2552.0,2552.0,0.016905453
2553.0,2553.0,0.06936578
2554.0,2554.0,0.18249694
2555.0,2555.0,0.17429201
2556.0,2556.0,0.016825043
2557.0,2557.0,0.13501017
2558.0,2558.0,0.1779627
2559.0,2559.0,0.38124576
2560.0,2560.0,0.58564657
2561.0,2561.0,0.028309083
2562.0,2562.0,0.46711245
2563.0,2563.0,0.31719518
2564.0,2564.0,0.09145083
2565.0,2565.0,0.5228899
2566.0,2566.0,0.012074957
2567.0,2567.0,0.42289144
2568.0,2568.0,0.11665161
2569.0,2569.0,0.054475985
2570.0,2570.0,0.020142604
2571.0,2571.0,0.1332577
2572.0,2572.0,0.12850636
2573.0,2573.0,0.035679787
2574.0,2574.0,0.032018736
2575.0,2575.0,0.24217564
2576.0,2576.0,0.060383327
2577.0,2577.0,0.10989518
2578.0,2578.0,3.6193764E-5
2579.0,2579.0,0.03388205
2580.0,2580.0,0.10980295
2581.0,2581.0,0.3093384
2582.0,2582.0,0.04847574
2583.0,2583.0,0.057469744
2584.0,2584.0,0.18433893
2585.0,2585.0,0.0154249435
2586.0,2586.0,2.7082296E-4
2587.0,2587.0,0.02713963
2588.0,2588.0,0.017539863
2589.0,2589.0,0.87326396
2590.0,2590.0,0.62861973
2591.0,2591.0,0.024170034
2592.0,2592.0,0.7237813
2593.0,2593.0,0.009353485
2594.0,2594.0,0.118347675
2595.0,2595.0,0.034925595
2596.0,2596.0,0.060400777
2597.0,2597.0,0.032829348
2598.0,2598.0,0.07203816
2599.0,2599.0,0.06813687
2600.0,2600.0,0.112239674
2601.0,2601.0,0.13647762
2602.0,2602.0,1.0046054E-4
2603.0,2603.0,0.020272749
2604.0,2604.0,0.01228481
2605.0,2605.0,0.044476394
2606.0,2606.0,0.7287667
2607.0,2607.0,0.099876136
2608.0,2608.0,0.0013148658
2609.0,2609.0,0.05627167
2610.0,2610.0,0.05604114
2611.0,2611.0,0.104851834
2612.0,2612.0,0.1376943
2613.0,2613.0,0.19313438
2614.0,2614.0,0.048869167
2615.0,2615.0,0.41824308
2616.0,2616.0,0.61444074
2617.0,2617.0,0.03644066
2618.0,2618.0,0.38702366
2619.0,2619.0,0.7432308
2620.0,2620.0,0.3829666
2621.0,2621.0,0.002483327
2622.0,2622.0,0.114870876
2623.0,2623.0,0.74707127
2624.0,2624.0,9.1635046E-4
2625.0,2625.0,0.09858359
2626.0,2626.0,0.69929624
2627.0,2627.0,0.61014366
2628.0,2628.0,0.020215215
2629.0,2629.0,0.060909163
2630.0,2630.0,0.022825731
2631.0,2631.0,0.009576546
2632.0,2632.0,0.118777074
2633.0,2633.0,0.055904888
2634.0,2634.0,0.41106
2635.0,2635.0,0.31934035
2636.0,2636.0,0.05108458
2637.0,2637.0,0.07262398
2638.0,2638.0,0.10352904
2639.0,2639.0,0.18351482
2640.0,2640.0,0.39992297
2641.0,2641.0,0.035873137
2642.0,2642.0,0.72868407
2643.0,2643.0,0.77402455
2644.0,2644.0,0.7930313
2645.0,2645.0,0.0012841306
2646.0,2646.0,6.303576E-4
2647.0,2647.0,0.047519926
2648.0,2648.0,0.3956227
2649.0,2649.0,0.30805373
2650.0,2650.0,0.11067159
2651.0,2651.0,0.17863548
2652.0,2652.0,0.6636733
2653.0,2653.0,0.032541655
2654.0,2654.0,0.27848163
2655.0,2655.0,0.024523944
2656.0,2656.0,0.036239795
2657.0,2657.0,0.18035129
2658.0,2658.0,0.0015393035
2659.0,2659.0,0.048369452
2660.0,2660.0,0.107749924
2661.0,2661.0,0.16455379
2662.0,2662.0,0.3059831
2663.0,2663.0,0.5985245
2664.0,2664.0,0.24537751
2665.0,2665.0,0.051235866
2666.0,2666.0,0.015692659
2667.0,2667.0,0.06516019
2668.0,2668.0,0.17144692
2669.0,2669.0,0.15556489
2670.0,2670.0,0.0051181135
2671.0,2671.0,0.13465354
2672.0,2672.0,0.05985071
2673.0,2673.0,0.04349764
2674.0,2674.0,0.087630995
2675.0,2675.0,0.05454534
2676.0,2676.0,0.20481952
2677.0,2677.0,0.07724139
2678.0,2678.0,0.09177746
2679.0,2679.0,0.101122715
2680.0,2680.0,0.082071505
2681.0,2681.0,0.15477274
2682.0,2682.0,0.08794524
2683.0,2683.0,0.3258231
2684.0,2684.0,0.077208586
2685.0,2685.0,0.0673259
2686.0,2686.0,0.34351924
2687.0,2687.0,0.091326624
2688.0,2688.0,0.07160026
2689.0,2689.0,0.0066254665
2690.0,2690.0,0.4956681
2691.0,2691.0,0.14643745
2692.0,2692.0,0.3150236
2693.0,2693.0,0.1374622
2694.0,2694.0,0.22690569
2695.0,2695.0,0.0027832827
2696.0,2696.0,0.15616733
2697.0,2697.0,0.07195117
2698.0,2698.0,0.18183471
2699.0,2699.0,0.07752516
2700.0,2700.0,0.10141515
2701.0,2701.0,0.009458484
2702.0,2702.0,0.71062416
2703.0,2703.0,0.110406876
2704.0,2704.0,0.14100239
2705.0,2705.0,0.17574711
2706.0,2706.0,0.062019855
2707.0,2707.0,0.67534727
2708.0,2708.0,0.83167154
2709.0,2709.0,0.5400109
2710.0,2710.0,0.03523316
2711.0,2711.0,0.009200317
2712.0,2712.0,0.34104383
2713.0,2713.0,0.014482977
2714.0,2714.0,0.0067842687
2715.0,2715.0,0.46588424
2716.0,2716.0,5.296694E-4
2717.0,2717.0,0.01985627
2718.0,2718.0,0.20749402
2719.0,2719.0,0.66180444
2720.0,2720.0,0.120671175
2721.0,2721.0,0.55063987
2722.0,2722.0,7.602332E-4
2723.0,2723.0,0.048656326
2724.0,2724.0,0.006460822
2725.0,2725.0,0.3955121
2726.0,2726.0,0.20118165
2727.0,2727.0,0.12381186
2728.0,2728.0,0.052954026
2729.0,2729.0,0.10711077
2730.0,2730.0,0.019685868
2731.0,2731.0,0.025982289
2732.0,2732.0,0.13552284
2733.0,2733.0,0.09674448
2734.0,2734.0,0.0043098507
2735.0,2735.0,0.09590859
2736.0,2736.0,0.6028069
2737.0,2737.0,0.053280152
2738.0,2738.0,0.009585995
2739.0,2739.0,0.7671481
2740.0,2740.0,0.16616306
2741.0,2741.0,0.5102136
2742.0,2742.0,0.7174398
2743.0,2743.0,0.001979761
2744.0,2744.0,0.023874918
2745.0,2745.0,0.65887505
2746.0,2746.0,0.032931015
2747.0,2747.0,0.0021206236
2748.0,2748.0,0.08834491
2749.0,2749.0,0.13146849
2750.0,2750.0,0.15427156
2751.0,2751.0,1.4275179E-4
2752.0,2752.0,0.11143886
2753.0,2753.0,0.022576138
2754.0,2754.0,0.030751875
2755.0,2755.0,0.11665815
2756.0,2756.0,0.44499916
2757.0,2757.0,0.050787088
2758.0,2758.0,0.066376254
2759.0,2759.0,4.9844166E-5
2760.0,2760.0,0.052101657
2761.0,2761.0,0.7892783
2762.0,2762.0,0.066521905
2763.0,2763.0,0.6751556
2764.0,2764.0,9.806858E-4
2765.0,2765.0,0.06895476
2766.0,2766.0,0.12592234
2767.0,2767.0,0.24418855
2768.0,2768.0,0.22903933
2769.0,2769.0,0.19863386
2770.0,2770.0,8.192327E-5
2771.0,2771.0,0.07667391
2772.0,2772.0,0.014737285
2773.0,2773.0,0.06777208
2774.0,2774.0,0.13888551
2775.0,2775.0,0.31451046
2776.0,2776.0,0.019761154
2777.0,2777.0,0.06633785
2778.0,2778.0,0.77666503
2779.0,2779.0,0.70828414
2780.0,2780.0,9.417082E-5
2781.0,2781.0,0.54503614
2782.0,2782.0,0.2919936
2783.0,2783.0,0.11983926
2784.0,2784.0,0.15120263
2785.0,2785.0,0.021587746
2786.0,2786.0,0.8313839
2787.0,2787.0,0.071780264
2788.0,2788.0,0.022866929
2789.0,2789.0,0.4635706
2790.0,2790.0,0.0026272507
2791.0,2791.0,0.12051699
2792.0,2792.0,0.08450425
2793.0,2793.0,0.11641487
2794.0,2794.0,0.07329882
2795.0,2795.0,0.10962504
2796.0,2796.0,0.26887116
2797.0,2797.0,0.77596074
2798.0,2798.0,0.03629706
2799.0,2799.0,0.014396699
2800.0,2800.0,0.6458547
2801.0,2801.0,0.018464945
2802.0,2802.0,0.089329064
2803.0,2803.0,0.4771862
2804.0,2804.0,0.46060467
2805.0,2805.0,0.40677384
2806.0,2806.0,0.8673312
2807.0,2807.0,0.38797316
2808.0,2808.0,0.65527225
2809.0,2809.0,0.048679452
2810.0,2810.0,0.190483
2811.0,2811.0,0.1450213
2812.0,2812.0,0.054340817
2813.0,2813.0,0.23160793
2814.0,2814.0,0.0577025
2815.0,2815.0,0.5176199
2816.0,2816.0,0.008960889
2817.0,2817.0,0.37591013
2818.0,2818.0,0.19551702
2819.0,2819.0,0.7569074
2820.0,2820.0,0.14942417
2821.0,2821.0,0.06156811
2822.0,2822.0,0.26051605
2823.0,2823.0,0.03722854
2824.0,2824.0,0.12711962
2825.0,2825.0,0.4055089
2826.0,2826.0,0.10054803
2827.0,2827.0,0.028904743
2828.0,2828.0,0.119812444
2829.0,2829.0,0.76408374
2830.0,2830.0,7.6132204E-4
2831.0,2831.0,0.03871461
2832.0,2832.0,0.03059828
2833.0,2833.0,0.711048
2834.0,2834.0,0.811609
2835.0,2835.0,0.020726264
2836.0,2836.0,0.015120355
2837.0,2837.0,0.74975914
2838.0,2838.0,0.12183656
2839.0,2839.0,0.0037137037
2840.0,2840.0,0.070744075
2841.0,2841.0,0.38613418
2842.0,2842.0,0.6418408
2843.0,2843.0,0.08970676
2844.0,2844.0,0.5906112
2845.0,2845.0,0.02931131
2846.0,2846.0,0.76833284
2847.0,2847.0,0.60375196
2848.0,2848.0,0.22251764
2849.0,2849.0,0.056245357
2850.0,2850.0,0.30265656
2851.0,2851.0,0.08267539
2852.0,2852.0,0.67640686
2853.0,2853.0,0.047682267
2854.0,2854.0,0.65496993
2855.0,2855.0,0.0083219735
2856.0,2856.0,0.093462326
2857.0,2857.0,0.22267878
2858.0,2858.0,0.00734366
2859.0,2859.0,0.1461086
2860.0,2860.0,0.09572684
2861.0,2861.0,0.16612995
2862.0,2862.0,0.20984788
2863.0,2863.0,0.042629518
2864.0,2864.0,0.0989116
2865.0,2865.0,0.07300206
2866.0,2866.0,0.10171586
2867.0,2867.0,0.79010594
2868.0,2868.0,0.41852832
2869.0,2869.0,0.09179546
2870.0,2870.0,0.7572273
2871.0,2871.0,0.7601111
2872.0,2872.0,1.4111068E-4
2873.0,2873.0,0.02164719
2874.0,2874.0,0.019147707
2875.0,2875.0,0.70017844
2876.0,2876.0,0.4843357
2877.0,2877.0,0.01244618
2878.0,2878.0,0.009499941
2879.0,2879.0,0.44708076
2880.0,2880.0,0.06877863
2881.0,2881.0,0.05836932
2882.0,2882.0,0.31455857
2883.0,2883.0,0.016393067
2884.0,2884.0,8.1789086E-4
2885.0,2885.0,0.024630154
2886.0,2886.0,0.054133352
2887.0,2887.0,0.3087433
2888.0,2888.0,3.150953E-4
2889.0,2889.0,0.6701897
2890.0,2890.0,0.7616081
2891.0,2891.0,0.24544102
2892.0,2892.0,0.044645216
2893.0,2893.0,0.0041866256
2894.0,2894.0,0.124474704
2895.0,2895.0,0.03759493
2896.0,2896.0,0.6792179
2897.0,2897.0,0.017941816
2898.0,2898.0,0.105241194
2899.0,2899.0,0.77554715
2900.0,2900.0,0.7068155
2901.0,2901.0,0.048119858
2902.0,2902.0,0.50103384
2903.0,2903.0,0.39766812
2904.0,2904.0,0.0045617837
2905.0,2905.0,0.077084854
2906.0,2906.0,0.13453797
2907.0,2907.0,0.04585342
2908.0,2908.0,0.13441475
2909.0,2909.0,0.077503584
2910.0,2910.0,0.29153278
2911.0,2911.0,0.062441215
2912.0,2912.0,0.19655189
2913.0,2913.0,0.7743627
2914.0,2914.0,0.044449307
2915.0,2915.0,0.08254732
2916.0,2916.0,0.023769736
2917.0,2917.0,0.07307533
2918.0,2918.0,0.1788947
2919.0,2919.0,0.03696179
2920.0,2920.0,0.11971469
2921.0,2921.0,0.07222495
2922.0,2922.0,0.19247527
2923.0,2923.0,8.274104E-4
2924.0,2924.0,0.060672265
2925.0,2925.0,0.4069642
2926.0,2926.0,0.48918024
2927.0,2927.0,0.058668308
2928.0,2928.0,0.12633622
2929.0,2929.0,0.36347666
2930.0,2930.0,0.13944341
2931.0,2931.0,0.703342
2932.0,2932.0,5.3785316E-4
2933.0,2933.0,0.4418251
2934.0,2934.0,0.26039928
2935.0,2935.0,0.7336452
2936.0,2936.0,0.4668283
2937.0,2937.0,0.038785934
2938.0,2938.0,0.06886268
2939.0,2939.0,0.081727915
2940.0,2940.0,0.00204988
2941.0,2941.0,0.47172418
2942.0,2942.0,1.3028101E-5
2943.0,2943.0,0.19894654
2944.0,2944.0,0.73839134
2945.0,2945.0,0.23262341
2946.0,2946.0,0.5639341
2947.0,2947.0,0.36710027
2948.0,2948.0,0.04972508
2949.0,2949.0,0.14579831
2950.0,2950.0,0.76568466
2951.0,2951.0,3.752443E-4
2952.0,2952.0,0.14689952
2953.0,2953.0,0.45045272
2954.0,2954.0,0.037909288
2955.0,2955.0,0.15881917
2956.0,2956.0,0.7385929
2957.0,2957.0,0.052663084
2958.0,2958.0,0.014010197
2959.0,2959.0,0.16578758
2960.0,2960.0,0.09138759
2961.0,2961.0,0.13398065
2962.0,2962.0,0.05826118
2963.0,2963.0,0.041384686
2964.0,2964.0,0.0011202611
2965.0,2965.0,8.004944E-5
2966.0,2966.0,0.051856358
2967.0,2967.0,0.21599999
2968.0,2968.0,1.0426107E-4
2969.0,2969.0,0.17366932
2970.0,2970.0,0.098313384
2971.0,2971.0,0.27358568
2972.0,2972.0,0.6014965
2973.0,2973.0,0.59939235
2974.0,2974.0,0.3803903
2975.0,2975.0,0.011883325
2976.0,2976.0,0.1717738
2977.0,2977.0,0.10309225
2978.0,2978.0,0.21661076
2979.0,2979.0,5.1029525E-5
2980.0,2980.0,0.025722468
2981.0,2981.0,0.12982549
2982.0,2982.0,2.1483416E-4
2983.0,2983.0,0.39128387
2984.0,2984.0,0.5746132
2985.0,2985.0,0.08661797
2986.0,2986.0,0.103412464
2987.0,2987.0,0.29504162
2988.0,2988.0,0.32776108
2989.0,2989.0,0.17574212
2990.0,2990.0,0.08524873
2991.0,2991.0,4.3358676E-5
2992.0,2992.0,0.022910675
2993.0,2993.0,0.11713352
2994.0,2994.0,0.5808645
2995.0,2995.0,0.8067869
2996.0,2996.0,0.050176356
2997.0,2997.0,0.13709421
2998.0,2998.0,0.0051316577
2999.0,2999.0,0.05300093
3000.0,3000.0,3.432108E-4
3001.0,3001.0,6.8934436E-4
3002.0,3002.0,0.14158879
3003.0,3003.0,0.52319473
3004.0,3004.0,0.14579745
3005.0,3005.0,0.0073942966
3006.0,3006.0,0.09594915
3007.0,3007.0,0.011211652
3008.0,3008.0,0.042110216
3009.0,3009.0,1.6153774E-4
3010.0,3010.0,0.86232674
3011.0,3011.0,0.008625482
3012.0,3012.0,0.04080598
3013.0,3013.0,0.08829546
3014.0,3014.0,0.048300736
3015.0,3015.0,0.35681576
3016.0,3016.0,0.054754056
3017.0,3017.0,0.0713702
3018.0,3018.0,0.7743755
3019.0,3019.0,0.06668326
3020.0,3020.0,0.81227416
3021.0,3021.0,0.02873043
3022.0,3022.0,0.7509962
3023.0,3023.0,0.057080403
3024.0,3024.0,0.030741058
3025.0,3025.0,4.2308096E-5
3026.0,3026.0,0.22477701
3027.0,3027.0,0.09034665
3028.0,3028.0,0.03014008
3029.0,3029.0,0.019702205
3030.0,3030.0,0.055125177
3031.0,3031.0,0.034108076
3032.0,3032.0,0.07139492
3033.0,3033.0,0.02362153
3034.0,3034.0,1.534384E-4
3035.0,3035.0,0.0013578848
3036.0,3036.0,0.0049480693
3037.0,3037.0,0.0047631627
3038.0,3038.0,0.16838017
3039.0,3039.0,0.04345567
3040.0,3040.0,0.020732466
3041.0,3041.0,0.17076589
3042.0,3042.0,0.07863056
3043.0,3043.0,1.9400954E-4
3044.0,3044.0,0.17128167
3045.0,3045.0,0.032957237
3046.0,3046.0,2.467078E-4
3047.0,3047.0,0.72150713
3048.0,3048.0,0.5570339
3049.0,3049.0,0.037290003
3050.0,3050.0,0.0051876786
3051.0,3051.0,0.11974027
3052.0,3052.0,0.07962168
3053.0,3053.0,0.034589175
3054.0,3054.0,0.08446455
3055.0,3055.0,0.011501892
3056.0,3056.0,0.1742444
3057.0,3057.0,0.38496506
3058.0,3058.0,0.019184416
3059.0,3059.0,0.42051136
3060.0,3060.0,5.4747635E-4
3061.0,3061.0,0.031875428
3062.0,3062.0,0.16166523
3063.0,3063.0,0.036140475
3064.0,3064.0,0.09660958
3065.0,3065.0,0.08323602
3066.0,3066.0,0.0016276581
3067.0,3067.0,0.059171077
3068.0,3068.0,7.0859544E-4
3069.0,3069.0,0.70725894
3070.0,3070.0,0.05231825
3071.0,3071.0,0.7504657
3072.0,3072.0,0.37893432
3073.0,3073.0,0.05379336
3074.0,3074.0,0.029074147
3075.0,3075.0,3.1143305E-4
3076.0,3076.0,0.05923006
3077.0,3077.0,0.024810858
3078.0,3078.0,0.7585922
3079.0,3079.0,0.104720116
3080.0,3080.0,0.7436493
3081.0,3081.0,0.040018957
3082.0,3082.0,0.18500595
3083.0,3083.0,0.08993592
3084.0,3084.0,0.040221304
3085.0,3085.0,0.14519797
3086.0,3086.0,1.5684562E-4
3087.0,3087.0,0.24880028
3088.0,3088.0,0.21824628
3089.0,3089.0,0.029458234
3090.0,3090.0,0.14474832
3091.0,3091.0,0.47004247
3092.0,3092.0,0.38106847
3093.0,3093.0,0.099071115
3094.0,3094.0,0.028882258
3095.0,3095.0,0.5589611
3096.0,3096.0,0.7900732
3097.0,3097.0,0.058752403
3098.0,3098.0,0.115432106
3099.0,3099.0,0.07828162
3100.0,3100.0,0.03797757
3101.0,3101.0,0.20197816
3102.0,3102.0,6.775875E-5
3103.0,3103.0,0.06294851
3104.0,3104.0,0.4393142
3105.0,3105.0,0.14719784
3106.0,3106.0,0.031464398
3107.0,3107.0,0.045221355
3108.0,3108.0,0.117057614
3109.0,3109.0,0.064307585
3110.0,3110.0,0.1963798
3111.0,3111.0,0.120589815
3112.0,3112.0,0.7862608
3113.0,3113.0,0.113307685
3114.0,3114.0,0.110770375
3115.0,3115.0,0.1237589
3116.0,3116.0,0.16593531
3117.0,3117.0,0.003128735
3118.0,3118.0,0.49651313
3119.0,3119.0,0.030763399
3120.0,3120.0,0.7742229
3121.0,3121.0,0.17602266
3122.0,3122.0,0.13643393
3123.0,3123.0,0.111454904
3124.0,3124.0,0.03503978
3125.0,3125.0,0.03157243
3126.0,3126.0,0.07455137
3127.0,3127.0,0.1504739
3128.0,3128.0,0.33114016
3129.0,3129.0,0.7641447
3130.0,3130.0,0.38628104
3131.0,3131.0,0.031556886
3132.0,3132.0,0.76476854
3133.0,3133.0,0.6072343
3134.0,3134.0,0.4212884
3135.0,3135.0,0.4030335
3136.0,3136.0,0.06489843
3137.0,3137.0,0.094736636
3138.0,3138.0,0.12505363
3139.0,3139.0,0.18165368
3140.0,3140.0,0.0018519545
3141.0,3141.0,0.70728785
3142.0,3142.0,0.031960085
3143.0,3143.0,0.027493415
3144.0,3144.0,0.055762358
3145.0,3145.0,0.8632965
3146.0,3146.0,0.02604561
3147.0,3147.0,0.7520455
3148.0,3148.0,0.71725506
3149.0,3149.0,3.1950505E-4
3150.0,3150.0,0.07824242
3151.0,3151.0,0.08778643
3152.0,3152.0,0.0027267851
3153.0,3153.0,0.099571824
3154.0,3154.0,1.4632076E-4
3155.0,3155.0,0.050821356
3156.0,3156.0,0.53647643
3157.0,3157.0,0.026919127
3158.0,3158.0,0.24044141
3159.0,3159.0,0.33663484
3160.0,3160.0,0.101731464
3161.0,3161.0,0.02948872
3162.0,3162.0,0.027583055
3163.0,3163.0,0.044851296
3164.0,3164.0,0.20834537
3165.0,3165.0,0.015974531
3166.0,3166.0,6.860233E-5
3167.0,3167.0,0.066802844
3168.0,3168.0,0.12670639
3169.0,3169.0,0.018654238
3170.0,3170.0,0.053964224
3171.0,3171.0,0.04662226
3172.0,3172.0,0.8156351
3173.0,3173.0,0.7745269
3174.0,3174.0,0.03735483
3175.0,3175.0,0.7005595
3176.0,3176.0,0.7672153
3177.0,3177.0,0.3393297
3178.0,3178.0,0.027839197
3179.0,3179.0,0.05310139
3180.0,3180.0,0.009430439
3181.0,3181.0,0.2109081
3182.0,3182.0,0.40154743
3183.0,3183.0,0.19288804
3184.0,3184.0,0.08802012
3185.0,3185.0,0.017680258
3186.0,3186.0,0.02729361
3187.0,3187.0,0.08562572
3188.0,3188.0,0.045826808
3189.0,3189.0,0.09275775
3190.0,3190.0,0.04018224
3191.0,3191.0,0.75837696
3192.0,3192.0,0.05883685
3193.0,3193.0,0.042211805
3194.0,3194.0,0.13621606
3195.0,3195.0,0.71930104
3196.0,3196.0,0.10283541
3197.0,3197.0,0.77009755
3198.0,3198.0,0.10641628
3199.0,3199.0,0.053471703
3200.0,3200.0,2.523647E-4
3201.0,3201.0,0.09826466
3202.0,3202.0,4.8432314E-5
3203.0,3203.0,0.23028846
3204.0,3204.0,0.21219836
3205.0,3205.0,0.77237266
3206.0,3206.0,0.05759544
3207.0,3207.0,6.198465E-4
3208.0,3208.0,0.11944792
3209.0,3209.0,0.74804336
3210.0,3210.0,3.871627E-5
3211.0,3211.0,0.68993765
3212.0,3212.0,0.7533071
3213.0,3213.0,0.79824716
3214.0,3214.0,1.257215E-4
3215.0,3215.0,0.103648834
3216.0,3216.0,0.029203152
3217.0,3217.0,0.09903527
3218.0,3218.0,0.0066823787
3219.0,3219.0,0.42409682
3220.0,3220.0,0.059532035
3221.0,3221.0,5.433994E-4
3222.0,3222.0,3.3503948E-4
3223.0,3223.0,0.02547589
3224.0,3224.0,0.00868777
3225.0,3225.0,0.06411678
3226.0,3226.0,0.31734768
3227.0,3227.0,0.15627941
3228.0,3228.0,0.10585188
3229.0,3229.0,0.012905912
3230.0,3230.0,0.17625612
3231.0,3231.0,0.1068301
3232.0,3232.0,0.082538076
3233.0,3233.0,0.24472003
3234.0,3234.0,0.91254354
3235.0,3235.0,0.0960278
3236.0,3236.0,1.7982618E-5
3237.0,3237.0,4.6640667E-4
3238.0,3238.0,0.043260545
3239.0,3239.0,0.09017559
3240.0,3240.0,0.003363308
3241.0,3241.0,0.0024850178
3242.0,3242.0,0.8543573
3243.0,3243.0,0.05729033
3244.0,3244.0,1.9094296E-4
3245.0,3245.0,0.020212144
3246.0,3246.0,0.8163815
3247.0,3247.0,0.15209532
3248.0,3248.0,0.13599531
3249.0,3249.0,0.21975417
3250.0,3250.0,8.671373E-4
3251.0,3251.0,0.768432
3252.0,3252.0,0.016486842
3253.0,3253.0,0.028231608
3254.0,3254.0,4.2147355E-4
3255.0,3255.0,0.092483826
3256.0,3256.0,0.18665844
3257.0,3257.0,0.74207795
3258.0,3258.0,0.24117698
3259.0,3259.0,0.068376504
3260.0,3260.0,0.5908964
3261.0,3261.0,4.075621E-4
3262.0,3262.0,0.0033898754
3263.0,3263.0,0.0036488236
3264.0,3264.0,0.7703875
3265.0,3265.0,0.23131017
3266.0,3266.0,9.918401E-6
3267.0,3267.0,0.7764197
3268.0,3268.0,0.6014842
3269.0,3269.0,0.18704121
3270.0,3270.0,0.0074934587
3271.0,3271.0,0.14424573
3272.0,3272.0,8.985128E-5
3273.0,3273.0,0.14066136
3274.0,3274.0,0.0036564039
3275.0,3275.0,0.40456513
3276.0,3276.0,0.78383344
3277.0,3277.0,0.7931878
3278.0,3278.0,0.040673647
3279.0,3279.0,0.025688954
3280.0,3280.0,0.23572984
3281.0,3281.0,0.09080293
3282.0,3282.0,0.16619395
3283.0,3283.0,0.15396455
3284.0,3284.0,0.065224305
3285.0,3285.0,0.09981554
3286.0,3286.0,0.9246825
3287.0,3287.0,0.1010659
3288.0,3288.0,0.06710202
3289.0,3289.0,0.03493898
3290.0,3290.0,0.7445158
3291.0,3291.0,0.034717795
3292.0,3292.0,0.03035974
3293.0,3293.0,0.07563857
3294.0,3294.0,0.71793413
3295.0,3295.0,0.12866695
3296.0,3296.0,0.57309455
3297.0,3297.0,0.083043255
3298.0,3298.0,0.23494227
3299.0,3299.0,0.18248713
3300.0,3300.0,0.060850002
3301.0,3301.0,0.0562116
3302.0,3302.0,0.13268346
3303.0,3303.0,0.067720205
3304.0,3304.0,0.19021179
3305.0,3305.0,0.106549345
3306.0,3306.0,0.7592303
3307.0,3307.0,0.114419185
3308.0,3308.0,0.8114523
3309.0,3309.0,0.09511123
3310.0,3310.0,0.060810596
3311.0,3311.0,0.044123888
3312.0,3312.0,0.29807413
3313.0,3313.0,0.4999405
3314.0,3314.0,0.051861588
3315.0,3315.0,0.027266035
3316.0,3316.0,0.16498259
3317.0,3317.0,0.2525947
3318.0,3318.0,0.108377464
3319.0,3319.0,0.43699127
3320.0,3320.0,0.09359446
3321.0,3321.0,0.012112144
3322.0,3322.0,0.08497612
3323.0,3323.0,0.016902719
3324.0,3324.0,0.108891636
3325.0,3325.0,0.077694915
3326.0,3326.0,0.7767805
3327.0,3327.0,0.16373768
3328.0,3328.0,0.69815093
3329.0,3329.0,0.009323714
3330.0,3330.0,0.28740492
3331.0,3331.0,0.04525747
3332.0,3332.0,0.57852685
3333.0,3333.0,0.06589847
3334.0,3334.0,0.07370025
3335.0,3335.0,0.18138026
3336.0,3336.0,9.856223E-4
3337.0,3337.0,0.11358592
3338.0,3338.0,0.03144962
3339.0,3339.0,0.03239408
3340.0,3340.0,0.104679465
3341.0,3341.0,0.020288821
3342.0,3342.0,0.112293705
3343.0,3343.0,4.351205E-4
3344.0,3344.0,0.0037137766
3345.0,3345.0,0.093065985
3346.0,3346.0,0.19986409
3347.0,3347.0,0.12869433
3348.0,3348.0,0.0254028
3349.0,3349.0,0.027735343
3350.0,3350.0,0.040219504
3351.0,3351.0,0.3993575
3352.0,3352.0,2.7214024E-5
3353.0,3353.0,0.056487612
3354.0,3354.0,0.841152
3355.0,3355.0,0.0011114079
3356.0,3356.0,0.009631832
3357.0,3357.0,0.22473092
3358.0,3358.0,0.03239929
3359.0,3359.0,0.015693322
3360.0,3360.0,0.009895982
3361.0,3361.0,0.783446
3362.0,3362.0,0.0014759747
3363.0,3363.0,0.1089823
3364.0,3364.0,0.046515945
3365.0,3365.0,0.8092277
3366.0,3366.0,0.67785144
3367.0,3367.0,0.0032521214
3368.0,3368.0,0.6837516
3369.0,3369.0,0.17362787
3370.0,3370.0,0.0803028
3371.0,3371.0,0.7567883
3372.0,3372.0,0.03283145
3373.0,3373.0,0.20018831
3374.0,3374.0,5.582735E-5
3375.0,3375.0,0.14905708
3376.0,3376.0,0.102518305
3377.0,3377.0,0.76446164
3378.0,3378.0,0.7503713
3379.0,3379.0,0.22953235
3380.0,3380.0,0.2845499
3381.0,3381.0,0.2561659
3382.0,3382.0,0.043376192
3383.0,3383.0,0.8221207
3384.0,3384.0,0.70303184
3385.0,3385.0,0.8433178
3386.0,3386.0,0.0559045
3387.0,3387.0,0.27024427
3388.0,3388.0,3.1110776E-5
3389.0,3389.0,0.5370372
3390.0,3390.0,0.10051474
3391.0,3391.0,0.07034266
3392.0,3392.0,0.009168477
3393.0,3393.0,0.03757429
3394.0,3394.0,0.08201377
3395.0,3395.0,0.12636578
3396.0,3396.0,0.071025394
3397.0,3397.0,0.12528321
3398.0,3398.0,0.055086467
3399.0,3399.0,0.027183129
3400.0,3400.0,0.16747391
3401.0,3401.0,0.7582734
3402.0,3402.0,0.3385797
3403.0,3403.0,0.01132174
3404.0,3404.0,0.02003071
3405.0,3405.0,3.66615E-4
3406.0,3406.0,0.7669548
3407.0,3407.0,0.53851646
3408.0,3408.0,0.23384924
3409.0,3409.0,0.012802376
3410.0,3410.0,0.19373502
3411.0,3411.0,0.37838414
3412.0,3412.0,0.14348605
3413.0,3413.0,0.10968963
3414.0,3414.0,0.6121279
3415.0,3415.0,0.2646434
3416.0,3416.0,0.6242882
3417.0,3417.0,0.031442527
3418.0,3418.0,0.026912907
3419.0,3419.0,0.09221226
3420.0,3420.0,0.06521097
3421.0,3421.0,0.08152905
3422.0,3422.0,0.49516335
3423.0,3423.0,0.035094652
3424.0,3424.0,0.052598063
3425.0,3425.0,0.090095654
3426.0,3426.0,0.12618472
3427.0,3427.0,0.14317952
3428.0,3428.0,0.6610231
3429.0,3429.0,0.123224415
3430.0,3430.0,0.09048225
3431.0,3431.0,0.51107633
3432.0,3432.0,1.285872E-4
3433.0,3433.0,0.07227448
3434.0,3434.0,9.5908996E-5
3435.0,3435.0,0.011751298
3436.0,3436.0,0.049058374
3437.0,3437.0,0.0028956283
3438.0,3438.0,0.047846522
3439.0,3439.0,0.67884624
3440.0,3440.0,0.7709331
3441.0,3441.0,0.8092819
3442.0,3442.0,0.049466584
3443.0,3443.0,0.1343763
3444.0,3444.0,0.045028687
3445.0,3445.0,0.21269019
3446.0,3446.0,0.024372157
3447.0,3447.0,0.084901795
3448.0,3448.0,0.14145467
3449.0,3449.0,0.110781014
3450.0,3450.0,0.38121837
3451.0,3451.0,0.7391044
3452.0,3452.0,0.6889334
3453.0,3453.0,0.16028723
3454.0,3454.0,0.6612422
3455.0,3455.0,1.6348831E-4
3456.0,3456.0,0.5089099
3457.0,3457.0,0.4772709
3458.0,3458.0,0.76075137
3459.0,3459.0,0.031070052
3460.0,3460.0,0.104960985
3461.0,3461.0,1.2511412E-4
3462.0,3462.0,0.0015105753
3463.0,3463.0,0.074566685
3464.0,3464.0,0.0637568
3465.0,3465.0,0.22981426
3466.0,3466.0,0.010082978
3467.0,3467.0,0.18718721
3468.0,3468.0,0.30632618
3469.0,3469.0,0.11942861
3470.0,3470.0,0.08429608
3471.0,3471.0,6.209238E-4
3472.0,3472.0,0.49850163
3473.0,3473.0,0.003314979
3474.0,3474.0,0.069588944
3475.0,3475.0,0.6391939
3476.0,3476.0,0.04490827
3477.0,3477.0,0.10290389
3478.0,3478.0,1.6296418E-4
3479.0,3479.0,0.088863805
3480.0,3480.0,0.720608
3481.0,3481.0,0.15506049
3482.0,3482.0,0.10174369
3483.0,3483.0,0.0025071057
3484.0,3484.0,0.706632
3485.0,3485.0,0.048400864
3486.0,3486.0,0.18414298
3487.0,3487.0,0.13883257
3488.0,3488.0,0.0023615072
3489.0,3489.0,0.072491854
3490.0,3490.0,5.418588E-4
3491.0,3491.0,0.44803107
3492.0,3492.0,0.030198572
3493.0,3493.0,0.03894654
3494.0,3494.0,0.07144519
3495.0,3495.0,0.041795168
3496.0,3496.0,0.12590535
3497.0,3497.0,0.17812614
3498.0,3498.0,0.5928367
3499.0,3499.0,0.13246565
3500.0,3500.0,0.8574997
3501.0,3501.0,0.27461
3502.0,3502.0,5.0023677E-6
3503.0,3503.0,0.0825375
3504.0,3504.0,0.09346165
3505.0,3505.0,0.008000647
3506.0,3506.0,0.05053349
3507.0,3507.0,0.07295724
3508.0,3508.0,0.18875131
3509.0,3509.0,0.19477937
3510.0,3510.0,0.7978679
3511.0,3511.0,0.1884081
3512.0,3512.0,0.10899662
3513.0,3513.0,0.13663414
3514.0,3514.0,0.16650788
3515.0,3515.0,0.060238183
3516.0,3516.0,0.14909007
3517.0,3517.0,1.320891E-4
3518.0,3518.0,0.044248227
3519.0,3519.0,0.085105956
3520.0,3520.0,0.037277386
3521.0,3521.0,8.865343E-5
3522.0,3522.0,0.053717386
3523.0,3523.0,0.7614333
3524.0,3524.0,0.6334142
3525.0,3525.0,9.6512167E-4
3526.0,3526.0,0.070026726
3527.0,3527.0,0.07832889
3528.0,3528.0,0.32524648
3529.0,3529.0,0.057459332
3530.0,3530.0,0.3214632
3531.0,3531.0,0.52572215
3532.0,3532.0,0.017869424
3533.0,3533.0,1.5746598E-4
3534.0,3534.0,0.015386478
3535.0,3535.0,0.09034506
3536.0,3536.0,0.728152
3537.0,3537.0,0.4109739
3538.0,3538.0,0.32991177
3539.0,3539.0,0.20797695
3540.0,3540.0,0.0017499279
3541.0,3541.0,0.42717052
3542.0,3542.0,0.030868359
3543.0,3543.0,0.007742946
3544.0,3544.0,3.6430274E-4
3545.0,3545.0,0.16757642
3546.0,3546.0,0.09277118
3547.0,3547.0,0.3141594
3548.0,3548.0,0.43961328
3549.0,3549.0,0.36828437
3550.0,3550.0,0.7394863
3551.0,3551.0,1.8508097E-5
3552.0,3552.0,1.2150489E-4
3553.0,3553.0,0.08703151
3554.0,3554.0,0.052796457
3555.0,3555.0,0.43594992
3556.0,3556.0,0.08856972
3557.0,3557.0,0.059225194
3558.0,3558.0,0.0020003307
3559.0,3559.0,0.59226525
3560.0,3560.0,0.14824088
3561.0,3561.0,0.0030644205
3562.0,3562.0,0.43289086
3563.0,3563.0,0.0077323793
3564.0,3564.0,0.11332694
3565.0,3565.0,0.69392985
3566.0,3566.0,0.0720899
3567.0,3567.0,0.2210187
3568.0,3568.0,0.09679673
3569.0,3569.0,0.016268617
3570.0,3570.0,0.103642315
3571.0,3571.0,0.029729066
3572.0,3572.0,0.49136272
3573.0,3573.0,0.008699362
3574.0,3574.0,0.6773537
3575.0,3575.0,0.0986423
3576.0,3576.0,0.2709891
3577.0,3577.0,0.10612901
3578.0,3578.0,0.5525647
3579.0,3579.0,0.08746672
3580.0,3580.0,0.1648397
3581.0,3581.0,0.030269891
3582.0,3582.0,0.0046264427
3583.0,3583.0,0.5271605
3584.0,3584.0,0.14539562
3585.0,3585.0,0.27237552
3586.0,3586.0,0.045190014
3587.0,3587.0,0.0063196225
3588.0,3588.0,0.052597612
3589.0,3589.0,4.8834474E-5
3590.0,3590.0,0.01744247
3591.0,3591.0,0.77226233
3592.0,3592.0,0.34775177
3593.0,3593.0,0.12262595
3594.0,3594.0,0.68368936
3595.0,3595.0,0.1214617
3596.0,3596.0,0.04515562
3597.0,3597.0,1.05534724E-4
3598.0,3598.0,0.060738206
3599.0,3599.0,0.11479515
3600.0,3600.0,4.7160266E-4
3601.0,3601.0,0.023543391
3602.0,3602.0,0.111301765
3603.0,3603.0,0.06012657
3604.0,3604.0,0.5813882
3605.0,3605.0,0.1456123
3606.0,3606.0,0.110425144
3607.0,3607.0,0.18585673
3608.0,3608.0,0.47841293
3609.0,3609.0,0.086722694
3610.0,3610.0,0.12724005
3611.0,3611.0,0.08202226
3612.0,3612.0,0.18069422
3613.0,3613.0,0.20495073
3614.0,3614.0,0.031156564
3615.0,3615.0,0.20355067
3616.0,3616.0,0.032922063
3617.0,3617.0,0.004528484
3618.0,3618.0,0.070882
3619.0,3619.0,6.939127E-5
3620.0,3620.0,0.07304801
3621.0,3621.0,2.2374885E-4
3622.0,3622.0,0.12678154
3623.0,3623.0,0.033032022
3624.0,3624.0,0.09147443
3625.0,3625.0,0.04448617
3626.0,3626.0,0.064217985
3627.0,3627.0,0.044765156
3628.0,3628.0,0.10194027
3629.0,3629.0,0.15291083
3630.0,3630.0,0.021421453
3631.0,3631.0,0.72856903
3632.0,3632.0,0.07526087
3633.0,3633.0,0.038292103
3634.0,3634.0,0.026338706
3635.0,3635.0,0.09996103
3636.0,3636.0,0.06693345
3637.0,3637.0,0.011689865
3638.0,3638.0,2.8388828E-4
3639.0,3639.0,0.6266865
3640.0,3640.0,0.00471423
3641.0,3641.0,0.07451991
3642.0,3642.0,0.33680728
3643.0,3643.0,0.14200975
3644.0,3644.0,0.030674193
3645.0,3645.0,0.11868797
3646.0,3646.0,0.15551625
3647.0,3647.0,0.13888702
3648.0,3648.0,0.23271935
3649.0,3649.0,0.15701807
3650.0,3650.0,0.0138112325
3651.0,3651.0,0.20740128
3652.0,3652.0,0.021100534
3653.0,3653.0,0.76816344
3654.0,3654.0,0.039623536
3655.0,3655.0,0.0077183107
3656.0,3656.0,0.052336596
3657.0,3657.0,0.46434283
3658.0,3658.0,0.6588215
3659.0,3659.0,0.06935252
3660.0,3660.0,0.23273881
3661.0,3661.0,0.32737404
3662.0,3662.0,0.079177
3663.0,3663.0,0.041344684
3664.0,3664.0,0.4026053
3665.0,3665.0,0.6684431
3666.0,3666.0,0.14028871
3667.0,3667.0,0.104032636
3668.0,3668.0,3.8017635E-5
3669.0,3669.0,0.2093224
3670.0,3670.0,1.0694162E-4
3671.0,3671.0,0.51820856
3672.0,3672.0,0.021951273
3673.0,3673.0,0.7643141
3674.0,3674.0,0.04946274
3675.0,3675.0,0.0827024
3676.0,3676.0,0.050911393
3677.0,3677.0,0.09905831
3678.0,3678.0,0.07674866
3679.0,3679.0,1.3547726E-5
3680.0,3680.0,0.07903915
3681.0,3681.0,0.040896345
3682.0,3682.0,0.19774397
3683.0,3683.0,6.704779E-4
3684.0,3684.0,0.50317055
3685.0,3685.0,0.053139057
3686.0,3686.0,0.06823082
3687.0,3687.0,0.7692908
3688.0,3688.0,0.07096145
3689.0,3689.0,0.70938563
3690.0,3690.0,0.15158169
3691.0,3691.0,0.04110099
3692.0,3692.0,2.4129635E-5
3693.0,3693.0,0.088433474
3694.0,3694.0,0.06891306
3695.0,3695.0,0.15272036
3696.0,3696.0,0.117977135
3697.0,3697.0,0.21459611
3698.0,3698.0,0.7396513
3699.0,3699.0,0.056782093
3700.0,3700.0,0.0044287667
3701.0,3701.0,0.022426557
3702.0,3702.0,0.07435998
3703.0,3703.0,0.07104292
3704.0,3704.0,0.8502118
3705.0,3705.0,0.018133089
3706.0,3706.0,0.08690022
3707.0,3707.0,1.9986491E-4
3708.0,3708.0,0.004693701
3709.0,3709.0,0.69982946
3710.0,3710.0,0.0677138
3711.0,3711.0,5.842595E-4
3712.0,3712.0,0.12836704
3713.0,3713.0,0.7376076
3714.0,3714.0,0.019079763
3715.0,3715.0,0.46591306
3716.0,3716.0,0.11572949
3717.0,3717.0,0.025918918
3718.0,3718.0,0.46429092
3719.0,3719.0,0.047967684
3720.0,3720.0,0.50691926
3721.0,3721.0,0.1061924
3722.0,3722.0,1.41785E-5
3723.0,3723.0,0.029258352
3724.0,3724.0,0.0847847
3725.0,3725.0,0.0034016347
3726.0,3726.0,0.3482918
3727.0,3727.0,0.03134866
3728.0,3728.0,0.092249945
3729.0,3729.0,0.19490486
3730.0,3730.0,0.21408859
3731.0,3731.0,0.00883899
3732.0,3732.0,0.0035108794
3733.0,3733.0,0.23195401
3734.0,3734.0,0.36828935
3735.0,3735.0,0.024549887
3736.0,3736.0,3.9909824E-5
3737.0,3737.0,0.14312072
3738.0,3738.0,0.25899965
3739.0,3739.0,0.22106546
3740.0,3740.0,0.23388062
3741.0,3741.0,0.045511007
3742.0,3742.0,0.2122551
3743.0,3743.0,0.011747533
3744.0,3744.0,0.054967172
3745.0,3745.0,0.012047287
3746.0,3746.0,0.061718952
3747.0,3747.0,0.692756
3748.0,3748.0,0.7246792
3749.0,3749.0,0.08191793
3750.0,3750.0,0.3881618
3751.0,3751.0,0.055247463
3752.0,3752.0,0.24306342
3753.0,3753.0,0.06534233
3754.0,3754.0,0.021817118
3755.0,3755.0,0.03409697
3756.0,3756.0,0.04143778
3757.0,3757.0,0.07526952
3758.0,3758.0,0.07204151
3759.0,3759.0,0.23783602
3760.0,3760.0,0.7334701
3761.0,3761.0,0.09259725
3762.0,3762.0,0.0064539136
3763.0,3763.0,0.39024496
3764.0,3764.0,2.3949626E-4
3765.0,3765.0,0.29161605
3766.0,3766.0,0.06622128
3767.0,3767.0,0.3108573
3768.0,3768.0,0.087661594
3769.0,3769.0,0.12796524
3770.0,3770.0,0.12957524
3771.0,3771.0,0.10350257
3772.0,3772.0,0.0034895309
3773.0,3773.0,0.022839015
3774.0,3774.0,0.8049488
3775.0,3775.0,0.13305874
3776.0,3776.0,0.75082195
3777.0,3777.0,0.083762676
3778.0,3778.0,0.03275829
3779.0,3779.0,0.11485358
3780.0,3780.0,0.10598499
3781.0,3781.0,0.03517712
3782.0,3782.0,0.7444016
3783.0,3783.0,0.07257336
3784.0,3784.0,0.21163999
3785.0,3785.0,0.37807673
3786.0,3786.0,0.0644386
3787.0,3787.0,0.0074280524
3788.0,3788.0,0.091431096
3789.0,3789.0,0.7896144
3790.0,3790.0,0.04500862
3791.0,3791.0,0.030147167
3792.0,3792.0,0.014233234
3793.0,3793.0,0.2940134
3794.0,3794.0,0.05541959
3795.0,3795.0,1.0181498E-4
3796.0,3796.0,0.05242974
3797.0,3797.0,0.2980654
3798.0,3798.0,0.37947807
3799.0,3799.0,0.03537524
3800.0,3800.0,0.7380964
3801.0,3801.0,0.068321966
3802.0,3802.0,9.766548E-4
3803.0,3803.0,0.42886356
3804.0,3804.0,0.13178462
3805.0,3805.0,0.17409311
3806.0,3806.0,0.109977424
3807.0,3807.0,0.33650982
3808.0,3808.0,0.034281757
3809.0,3809.0,0.4503511
3810.0,3810.0,0.55720735
3811.0,3811.0,0.063743636
3812.0,3812.0,0.07746333
3813.0,3813.0,0.07495736
3814.0,3814.0,0.11309864
3815.0,3815.0,0.020773571
3816.0,3816.0,0.035912625
3817.0,3817.0,0.0838839
3818.0,3818.0,0.7512556
3819.0,3819.0,0.058005664
3820.0,3820.0,0.69386876
3821.0,3821.0,0.068806924
3822.0,3822.0,1.6623884E-4
3823.0,3823.0,0.0073102466
3824.0,3824.0,0.09768732
3825.0,3825.0,0.458711
3826.0,3826.0,0.80881584
3827.0,3827.0,0.14615674
3828.0,3828.0,0.72672814
3829.0,3829.0,0.060887635
3830.0,3830.0,0.52971756
3831.0,3831.0,0.0124445
3832.0,3832.0,0.3841022
3833.0,3833.0,0.743174
3834.0,3834.0,0.09663231
3835.0,3835.0,0.15973482
3836.0,3836.0,0.0015841504
3837.0,3837.0,2.9462679E-5
3838.0,3838.0,0.0010526669
3839.0,3839.0,0.28259608
3840.0,3840.0,0.046357084
3841.0,3841.0,0.0019318862
3842.0,3842.0,0.18036717
3843.0,3843.0,0.068922564
3844.0,3844.0,0.1508887
3845.0,3845.0,0.014413535
3846.0,3846.0,0.38304645
3847.0,3847.0,0.54304
3848.0,3848.0,0.09266279
3849.0,3849.0,0.31643158
3850.0,3850.0,0.16075222
3851.0,3851.0,0.021684736
3852.0,3852.0,0.07010336
3853.0,3853.0,0.0030974676
3854.0,3854.0,0.0011748516
3855.0,3855.0,6.042093E-4
3856.0,3856.0,0.09991524
3857.0,3857.0,0.39210528
3858.0,3858.0,0.06763014
3859.0,3859.0,0.06421847
3860.0,3860.0,0.051850468
3861.0,3861.0,0.15184663
3862.0,3862.0,0.044355683
3863.0,3863.0,0.7599489
3864.0,3864.0,0.004103907
3865.0,3865.0,0.1338727
3866.0,3866.0,0.11662788
3867.0,3867.0,0.06572405
3868.0,3868.0,0.056055285
3869.0,3869.0,0.18336892
3870.0,3870.0,1.2291665E-4
3871.0,3871.0,0.0919166
3872.0,3872.0,0.20588487
3873.0,3873.0,0.024674335
3874.0,3874.0,0.17423059
3875.0,3875.0,0.079996794
3876.0,3876.0,0.11550109
3877.0,3877.0,6.143305E-5
3878.0,3878.0,0.6414797
3879.0,3879.0,0.029751794
3880.0,3880.0,0.6999834
3881.0,3881.0,0.055685084
3882.0,3882.0,0.028694889
3883.0,3883.0,0.106265485
3884.0,3884.0,0.7417315
3885.0,3885.0,0.00317673
3886.0,3886.0,0.08646609
3887.0,3887.0,0.07336806
3888.0,3888.0,0.10338587
3889.0,3889.0,0.046991505
3890.0,3890.0,0.023673518
3891.0,3891.0,0.42409953
3892.0,3892.0,0.11212394
3893.0,3893.0,0.76585907
3894.0,3894.0,0.7702839
3895.0,3895.0,0.21218796
3896.0,3896.0,0.092643276
3897.0,3897.0,0.17943671
3898.0,3898.0,0.26944274
3899.0,3899.0,0.4798491
3900.0,3900.0,0.10440792
3901.0,3901.0,0.065954514
3902.0,3902.0,0.0018559863
3903.0,3903.0,0.76161873
3904.0,3904.0,0.090062484
3905.0,3905.0,0.06131739
3906.0,3906.0,0.030303994
3907.0,3907.0,0.4265101
3908.0,3908.0,0.06209011
3909.0,3909.0,0.6641417
3910.0,3910.0,0.01900657
3911.0,3911.0,0.26682836
3912.0,3912.0,0.019670365
3913.0,3913.0,0.70852596
3914.0,3914.0,0.15188134
3915.0,3915.0,0.58927625
3916.0,3916.0,2.1275792E-4
3917.0,3917.0,0.04581103
3918.0,3918.0,0.03941112
3919.0,3919.0,0.17315944
3920.0,3920.0,0.22220269
3921.0,3921.0,0.027106361
3922.0,3922.0,0.045862783
3923.0,3923.0,0.7343188
3924.0,3924.0,0.74145615
3925.0,3925.0,0.27805185
3926.0,3926.0,0.7667085
3927.0,3927.0,8.438398E-6
3928.0,3928.0,0.6895789
3929.0,3929.0,0.09674702
3930.0,3930.0,0.43136775
3931.0,3931.0,0.07647315
3932.0,3932.0,0.06459236
3933.0,3933.0,0.3054934
3934.0,3934.0,0.029364845
3935.0,3935.0,0.14226508
3936.0,3936.0,0.047726136
3937.0,3937.0,6.596057E-4
3938.0,3938.0,0.71418893
3939.0,3939.0,0.67808086
3940.0,3940.0,0.12832984
3941.0,3941.0,0.004521766
3942.0,3942.0,0.020365626
3943.0,3943.0,0.107611604
3944.0,3944.0,0.16035616
3945.0,3945.0,0.0110724205
3946.0,3946.0,0.10088611
3947.0,3947.0,0.6345806
3948.0,3948.0,0.8324431
3949.0,3949.0,0.042987697
3950.0,3950.0,0.12957157
3951.0,3951.0,0.033672217
3952.0,3952.0,0.09057682
3953.0,3953.0,0.051587433
3954.0,3954.0,0.023543663
3955.0,3955.0,0.035260912
3956.0,3956.0,0.83872163
3957.0,3957.0,0.48510996
3958.0,3958.0,0.03296992
3959.0,3959.0,0.8181345
3960.0,3960.0,0.7906449
3961.0,3961.0,0.3378369
3962.0,3962.0,0.37808186
3963.0,3963.0,0.08987208
3964.0,3964.0,2.149963E-4
3965.0,3965.0,0.0018607216
3966.0,3966.0,0.029892564
3967.0,3967.0,0.11725475
3968.0,3968.0,0.5101326
3969.0,3969.0,0.32612845
3970.0,3970.0,0.24036932
3971.0,3971.0,1.5032147E-4
3972.0,3972.0,0.10154179
3973.0,3973.0,0.258875
3974.0,3974.0,0.118082255
3975.0,3975.0,0.7746198
3976.0,3976.0,0.37042463
3977.0,3977.0,0.6192709
3978.0,3978.0,0.0010582776
3979.0,3979.0,0.38546723
3980.0,3980.0,0.014430297
3981.0,3981.0,0.0980582
3982.0,3982.0,0.27235603
3983.0,3983.0,0.80729175
3984.0,3984.0,0.07179327
3985.0,3985.0,0.2582753
3986.0,3986.0,0.01790221
3987.0,3987.0,0.07208804
3988.0,3988.0,0.3707665
3989.0,3989.0,0.8191014
3990.0,3990.0,0.3464675
3991.0,3991.0,0.26699132
3992.0,3992.0,0.022480402
3993.0,3993.0,7.957983E-5
3994.0,3994.0,0.09385196
3995.0,3995.0,0.7815049
3996.0,3996.0,0.11273041
3997.0,3997.0,0.1320014
3998.0,3998.0,0.053474613
3999.0,3999.0,0.0012540775
4000.0,4000.0,8.7339205E-5
4001.0,4001.0,0.094016716
4002.0,4002.0,0.0013108451
4003.0,4003.0,0.038516175
4004.0,4004.0,0.10092578
4005.0,4005.0,0.50996816
4006.0,4006.0,0.21422946
4007.0,4007.0,0.016674992
4008.0,4008.0,0.0657644
4009.0,4009.0,0.77179986
4010.0,4010.0,0.007313788
4011.0,4011.0,0.046802178
4012.0,4012.0,0.0908745
4013.0,4013.0,0.081914455
4014.0,4014.0,0.16734459
4015.0,4015.0,0.03069775
4016.0,4016.0,0.16115311
4017.0,4017.0,0.06063722
4018.0,4018.0,3.513072E-4
4019.0,4019.0,0.043608043
4020.0,4020.0,0.0014418234
4021.0,4021.0,0.11095255
4022.0,4022.0,0.14080147
4023.0,4023.0,0.6318243
4024.0,4024.0,0.3101632
4025.0,4025.0,0.124881
4026.0,4026.0,0.028850101
4027.0,4027.0,0.27495438
4028.0,4028.0,0.2716655
4029.0,4029.0,0.12597433
4030.0,4030.0,0.15846547
4031.0,4031.0,0.08039733
4032.0,4032.0,0.06417116
4033.0,4033.0,0.10458824
4034.0,4034.0,0.73220766
4035.0,4035.0,0.11559426
4036.0,4036.0,0.25896582
4037.0,4037.0,0.3104878
4038.0,4038.0,0.12425121
4039.0,4039.0,0.2869895
4040.0,4040.0,0.039429024
4041.0,4041.0,0.16417013
4042.0,4042.0,0.1262018
4043.0,4043.0,0.05341951
4044.0,4044.0,0.007027905
4045.0,4045.0,0.10835436
4046.0,4046.0,0.021931373
4047.0,4047.0,4.4972112E-4
4048.0,4048.0,0.040949374
4049.0,4049.0,0.22461435
4050.0,4050.0,0.0013914781
4051.0,4051.0,0.7005535
4052.0,4052.0,0.14402336
4053.0,4053.0,0.26591843
4054.0,4054.0,0.102635816
4055.0,4055.0,0.048953258
4056.0,4056.0,0.10393822
4057.0,4057.0,0.025196005
4058.0,4058.0,0.15204692
4059.0,4059.0,0.10846927
4060.0,4060.0,0.20298801
4061.0,4061.0,0.2929949
4062.0,4062.0,0.28926182
4063.0,4063.0,0.10184432
4064.0,4064.0,0.043719295
4065.0,4065.0,0.09353322
4066.0,4066.0,0.17485869
4067.0,4067.0,0.012961415
4068.0,4068.0,0.69481105
4069.0,4069.0,0.33373997
4070.0,4070.0,0.013095623
4071.0,4071.0,0.0045984318
4072.0,4072.0,0.085862696
4073.0,4073.0,0.74838793
4074.0,4074.0,0.4885359
4075.0,4075.0,0.16244267
4076.0,4076.0,0.77118367
4077.0,4077.0,0.2741496
4078.0,4078.0,0.045538474
4079.0,4079.0,0.09303037
4080.0,4080.0,0.06621044
4081.0,4081.0,0.77121156
4082.0,4082.0,0.06241348
4083.0,4083.0,0.012199303
4084.0,4084.0,0.048394874
4085.0,4085.0,0.0015133183
4086.0,4086.0,0.081140615
4087.0,4087.0,0.03933166
4088.0,4088.0,4.9542636E-5
4089.0,4089.0,5.5375264E-4
4090.0,4090.0,0.112176456
4091.0,4091.0,0.08051077
4092.0,4092.0,0.10881856
4093.0,4093.0,0.2605604
4094.0,4094.0,0.027381552
4095.0,4095.0,0.008779976
4096.0,4096.0,5.612544E-4
4097.0,4097.0,0.7345283
4098.0,4098.0,0.66594964
4099.0,4099.0,0.116090536
4100.0,4100.0,0.09963811
4101.0,4101.0,0.30369043
4102.0,4102.0,0.29381412
4103.0,4103.0,0.2557496
4104.0,4104.0,0.10384865
4105.0,4105.0,0.021204406
4106.0,4106.0,0.15699978
4107.0,4107.0,0.08002648
4108.0,4108.0,0.087776676
4109.0,4109.0,0.014910449
4110.0,4110.0,0.038502604
4111.0,4111.0,0.003051289
4112.0,4112.0,0.096232325
4113.0,4113.0,0.42696804
4114.0,4114.0,0.009071306
4115.0,4115.0,0.8631234
4116.0,4116.0,0.2827805
4117.0,4117.0,0.0055284984
4118.0,4118.0,0.7608584
4119.0,4119.0,0.83996385
4120.0,4120.0,0.10584971
4121.0,4121.0,0.1526201
4122.0,4122.0,0.27347985
4123.0,4123.0,0.21445532
4124.0,4124.0,0.09548718
4125.0,4125.0,0.08910668
4126.0,4126.0,0.032984424
4127.0,4127.0,0.02483707
4128.0,4128.0,0.7066044
4129.0,4129.0,0.008675788
4130.0,4130.0,0.11957283
4131.0,4131.0,0.11261329
4132.0,4132.0,0.0030968252
4133.0,4133.0,0.01494131
4134.0,4134.0,0.09218465
4135.0,4135.0,0.78351957
4136.0,4136.0,0.08729814
4137.0,4137.0,0.110081375
4138.0,4138.0,0.04706259
4139.0,4139.0,0.085200205
4140.0,4140.0,0.04174203
4141.0,4141.0,2.2441038E-5
4142.0,4142.0,0.11507239
4143.0,4143.0,0.21835878
4144.0,4144.0,0.026604107
4145.0,4145.0,0.0876703
4146.0,4146.0,0.39503264
4147.0,4147.0,0.5033332
4148.0,4148.0,7.1721117E-4
4149.0,4149.0,0.1064748
4150.0,4150.0,3.4149992E-4
4151.0,4151.0,0.40762874
4152.0,4152.0,0.08474266
4153.0,4153.0,0.0769898
4154.0,4154.0,0.0015759465
4155.0,4155.0,0.12144637
4156.0,4156.0,0.082950905
4157.0,4157.0,3.766822E-5
4158.0,4158.0,0.4706703
4159.0,4159.0,0.11962713
4160.0,4160.0,0.09163254
4161.0,4161.0,0.023618648
4162.0,4162.0,3.3031847E-5
4163.0,4163.0,0.03165299
4164.0,4164.0,0.16472474
4165.0,4165.0,0.085593745
4166.0,4166.0,0.8122816
4167.0,4167.0,0.70862436
4168.0,4168.0,0.15071936
4169.0,4169.0,0.0023991533
4170.0,4170.0,0.6942006
4171.0,4171.0,0.052904584
4172.0,4172.0,0.08637354
4173.0,4173.0,0.049586218
4174.0,4174.0,0.7707644
4175.0,4175.0,0.057587724
4176.0,4176.0,0.75205344
4177.0,4177.0,0.10843113
4178.0,4178.0,0.10299877
4179.0,4179.0,0.16749963
4180.0,4180.0,0.79157364
4181.0,4181.0,0.036154103
4182.0,4182.0,0.53427947
4183.0,4183.0,0.40255225
4184.0,4184.0,0.13215485
4185.0,4185.0,0.23081431
4186.0,4186.0,0.022803057
4187.0,4187.0,0.03149257
4188.0,4188.0,0.0013583294
4189.0,4189.0,0.06281255
4190.0,4190.0,0.039428048
4191.0,4191.0,0.104198135
4192.0,4192.0,0.03582682
4193.0,4193.0,0.07182671
4194.0,4194.0,0.46771148
4195.0,4195.0,0.06457613
4196.0,4196.0,0.032887615
4197.0,4197.0,0.060279746
4198.0,4198.0,3.312542E-4
4199.0,4199.0,0.7352075
4200.0,4200.0,0.09997751
4201.0,4201.0,0.07847221
4202.0,4202.0,0.2383265
4203.0,4203.0,4.3748354E-4
4204.0,4204.0,0.041438084
4205.0,4205.0,0.032970127
4206.0,4206.0,0.001804922
4207.0,4207.0,0.05801637
4208.0,4208.0,0.14512964
4209.0,4209.0,0.12961708
4210.0,4210.0,0.033783928
4211.0,4211.0,0.014765022
4212.0,4212.0,0.75505954
4213.0,4213.0,0.12860511
4214.0,4214.0,0.1785406
4215.0,4215.0,0.013419675
4216.0,4216.0,0.09617186
4217.0,4217.0,0.7214917
4218.0,4218.0,0.002174435
4219.0,4219.0,0.5723397
4220.0,4220.0,1.8897581E-4
4221.0,4221.0,0.042990055
4222.0,4222.0,0.013039847
4223.0,4223.0,0.10565742
4224.0,4224.0,1.11208006E-4
4225.0,4225.0,0.069869585
4226.0,4226.0,0.16494256
4227.0,4227.0,0.13508283
4228.0,4228.0,0.13824485
4229.0,4229.0,0.04315888
4230.0,4230.0,0.0013058244
4231.0,4231.0,0.06008765
4232.0,4232.0,0.03672194
4233.0,4233.0,0.78162396
4234.0,4234.0,0.101858415
4235.0,4235.0,0.05945316
4236.0,4236.0,0.07510098
4237.0,4237.0,0.11060695
4238.0,4238.0,0.025192698
4239.0,4239.0,0.045394894
4240.0,4240.0,0.16080299
4241.0,4241.0,0.10666706
4242.0,4242.0,0.03175891
4243.0,4243.0,0.19689715
4244.0,4244.0,0.4258481
4245.0,4245.0,0.06673545
4246.0,4246.0,0.14413516
4247.0,4247.0,0.11795224
4248.0,4248.0,0.10670998
4249.0,4249.0,2.1111888E-5
4250.0,4250.0,0.75183356
4251.0,4251.0,0.14623618
4252.0,4252.0,0.099242195
4253.0,4253.0,0.006088797
4254.0,4254.0,0.0076808245
4255.0,4255.0,0.3149356
4256.0,4256.0,0.1279718
4257.0,4257.0,0.11000391
4258.0,4258.0,0.0016440346
4259.0,4259.0,0.017524732
4260.0,4260.0,0.04851478
4261.0,4261.0,0.08440169
4262.0,4262.0,0.7048093
4263.0,4263.0,0.15015054
4264.0,4264.0,0.1031921
4265.0,4265.0,0.7156402
4266.0,4266.0,0.010968273
4267.0,4267.0,4.1565785E-5
4268.0,4268.0,0.11903398
4269.0,4269.0,0.8901227
4270.0,4270.0,0.027842395
4271.0,4271.0,0.094864555
4272.0,4272.0,0.038531635
4273.0,4273.0,0.26519704
4274.0,4274.0,0.07456149
4275.0,4275.0,0.77798873
4276.0,4276.0,0.112936705
4277.0,4277.0,0.19850859
4278.0,4278.0,0.2632966
4279.0,4279.0,3.1515604E-4
4280.0,4280.0,0.05648578
4281.0,4281.0,0.03479131
4282.0,4282.0,2.8637322E-4
4283.0,4283.0,9.645873E-5
4284.0,4284.0,0.3541255
4285.0,4285.0,0.062907435
4286.0,4286.0,0.0013669198
4287.0,4287.0,0.044395063
4288.0,4288.0,0.12116918
4289.0,4289.0,1.5191552E-4
4290.0,4290.0,0.08503613
4291.0,4291.0,0.0022207454
4292.0,4292.0,0.24181558
4293.0,4293.0,0.17840995
4294.0,4294.0,0.27703834
4295.0,4295.0,2.6909972E-4
4296.0,4296.0,0.13140401
4297.0,4297.0,0.13850734
4298.0,4298.0,0.7061344
4299.0,4299.0,0.037364017
4300.0,4300.0,1.0643399E-4
4301.0,4301.0,0.14128053
4302.0,4302.0,0.0244843
4303.0,4303.0,0.0830177
4304.0,4304.0,8.166377E-5
4305.0,4305.0,0.45680252
4306.0,4306.0,0.031940956
4307.0,4307.0,0.13332315
4308.0,4308.0,0.7700994
4309.0,4309.0,0.17682824
4310.0,4310.0,0.03007059
4311.0,4311.0,0.7165624
4312.0,4312.0,0.055517115
4313.0,4313.0,3.6839425E-5
4314.0,4314.0,0.7444573
4315.0,4315.0,0.026575718
4316.0,4316.0,0.086883985
4317.0,4317.0,0.07933618
4318.0,4318.0,0.7119052
4319.0,4319.0,0.083919324
4320.0,4320.0,0.11386077
4321.0,4321.0,0.0053691585
4322.0,4322.0,0.66476023
4323.0,4323.0,0.42572257
4324.0,4324.0,1.4474789E-4
4325.0,4325.0,0.120520815
4326.0,4326.0,0.11275615
4327.0,4327.0,0.12847847
4328.0,4328.0,0.0017239484
4329.0,4329.0,0.35880148
4330.0,4330.0,0.7166253
4331.0,4331.0,0.050152484
4332.0,4332.0,0.3535457
4333.0,4333.0,0.122221254
4334.0,4334.0,0.06479604
4335.0,4335.0,6.5911634E-5
4336.0,4336.0,0.94661504
4337.0,4337.0,0.1771698
4338.0,4338.0,0.02483291
4339.0,4339.0,0.13789617
4340.0,4340.0,0.06432693
4341.0,4341.0,0.37601835
4342.0,4342.0,0.139976
4343.0,4343.0,0.13281976
4344.0,4344.0,0.15694836
4345.0,4345.0,0.09121496
4346.0,4346.0,0.0752821
4347.0,4347.0,0.7086588
4348.0,4348.0,0.71085286
4349.0,4349.0,0.26991493
4350.0,4350.0,0.12875187
4351.0,4351.0,0.15824091
4352.0,4352.0,0.357186
4353.0,4353.0,0.07476742
4354.0,4354.0,0.33110866
4355.0,4355.0,0.4468744
4356.0,4356.0,0.7611049
4357.0,4357.0,0.11706458
4358.0,4358.0,0.007790204
4359.0,4359.0,0.07883738
4360.0,4360.0,0.011970047
4361.0,4361.0,0.07951744
4362.0,4362.0,0.29404464
4363.0,4363.0,0.17072722
4364.0,4364.0,0.017417906
4365.0,4365.0,0.011125715
4366.0,4366.0,0.6061149
4367.0,4367.0,0.11113633
4368.0,4368.0,1.6033482E-5
4369.0,4369.0,0.14176537
4370.0,4370.0,0.06578543
4371.0,4371.0,0.029235965
4372.0,4372.0,0.05834577
4373.0,4373.0,0.49118707
4374.0,4374.0,0.09747445
4375.0,4375.0,0.8261449
4376.0,4376.0,0.12311505
4377.0,4377.0,0.009414282
4378.0,4378.0,0.6890808
4379.0,4379.0,0.5291786
4380.0,4380.0,0.056353133
4381.0,4381.0,0.40824822
4382.0,4382.0,0.01857385
4383.0,4383.0,0.014579068
4384.0,4384.0,6.0504553E-5
4385.0,4385.0,0.9093765
4386.0,4386.0,1.1303297E-4
4387.0,4387.0,0.17050643
4388.0,4388.0,0.24664469
4389.0,4389.0,0.6466383
4390.0,4390.0,0.16475843
4391.0,4391.0,0.67498463
4392.0,4392.0,0.30292848
4393.0,4393.0,0.08904484
4394.0,4394.0,0.16131465
4395.0,4395.0,0.0033574053
4396.0,4396.0,0.7039205
4397.0,4397.0,0.32873294
4398.0,4398.0,0.029494641
4399.0,4399.0,0.5974076
4400.0,4400.0,0.027196152
4401.0,4401.0,0.068399794
4402.0,4402.0,0.11237616
4403.0,4403.0,0.74272835
4404.0,4404.0,0.046128217
4405.0,4405.0,0.001591866
4406.0,4406.0,3.1650133E-4
4407.0,4407.0,0.0017918483
4408.0,4408.0,0.06502786
4409.0,4409.0,0.07735794
4410.0,4410.0,0.13266401
4411.0,4411.0,0.022828052
4412.0,4412.0,0.1020599
4413.0,4413.0,0.0636401
4414.0,4414.0,0.015961042
4415.0,4415.0,0.0044869953
4416.0,4416.0,0.68507093
4417.0,4417.0,0.08955453
4418.0,4418.0,0.031714
4419.0,4419.0,0.57739913
4420.0,4420.0,0.08164503
4421.0,4421.0,0.124320105
4422.0,4422.0,0.026833486
4423.0,4423.0,0.046014257
4424.0,4424.0,0.1001271
4425.0,4425.0,0.044105206
4426.0,4426.0,0.21858113
4427.0,4427.0,0.0019036517
4428.0,4428.0,0.07640697
4429.0,4429.0,0.15948416
4430.0,4430.0,0.3782375
4431.0,4431.0,0.5047122
4432.0,4432.0,0.3279982
4433.0,4433.0,0.014020661
4434.0,4434.0,0.41419524
4435.0,4435.0,0.725694
4436.0,4436.0,5.5865134E-4
4437.0,4437.0,0.006448678
4438.0,4438.0,0.035472997
4439.0,4439.0,0.002703439
4440.0,4440.0,0.11147949
4441.0,4441.0,0.10672988
4442.0,4442.0,0.15866002
4443.0,4443.0,2.4462708E-5
4444.0,4444.0,0.45487642
4445.0,4445.0,0.7856813
4446.0,4446.0,0.16971305
4447.0,4447.0,6.880373E-4
4448.0,4448.0,0.04471109
4449.0,4449.0,0.13820504
4450.0,4450.0,0.80147564
4451.0,4451.0,0.08441164
4452.0,4452.0,0.24145217
4453.0,4453.0,0.0276
4454.0,4454.0,0.11417308
4455.0,4455.0,0.04569425
4456.0,4456.0,0.06392824
4457.0,4457.0,0.36772624
4458.0,4458.0,0.14318281
4459.0,4459.0,0.0036957841
4460.0,4460.0,0.22219788
4461.0,4461.0,0.026499571
4462.0,4462.0,0.23569092
4463.0,4463.0,0.8207919
4464.0,4464.0,0.06814223
4465.0,4465.0,0.107151
4466.0,4466.0,0.13134868
4467.0,4467.0,0.048948325
4468.0,4468.0,0.0024625836
4469.0,4469.0,0.01600712
4470.0,4470.0,0.08784805
4471.0,4471.0,0.10479474
4472.0,4472.0,0.4574162
4473.0,4473.0,0.09415647
4474.0,4474.0,0.2705809
4475.0,4475.0,0.057146825
4476.0,4476.0,0.11666468
4477.0,4477.0,0.34438986
4478.0,4478.0,0.017124992
4479.0,4479.0,0.0411443
4480.0,4480.0,0.103944995
4481.0,4481.0,0.14841443
4482.0,4482.0,3.026964E-4
4483.0,4483.0,0.15542406
4484.0,4484.0,0.17910047
4485.0,4485.0,0.083286546
4486.0,4486.0,0.14947762
4487.0,4487.0,0.003298822
4488.0,4488.0,0.6206197
4489.0,4489.0,0.10084905
4490.0,4490.0,0.14950983
4491.0,4491.0,5.80263E-4
4492.0,4492.0,1.6598872E-4
4493.0,4493.0,0.053019393
4494.0,4494.0,0.1326012
4495.0,4495.0,3.9576014E-5
4496.0,4496.0,0.18433249
4497.0,4497.0,0.14079088
4498.0,4498.0,0.0045003192
4499.0,4499.0,0.4845184
4500.0,4500.0,0.24011038
4501.0,4501.0,0.09234126
4502.0,4502.0,0.023254275
4503.0,4503.0,0.67317754
4504.0,4504.0,0.7661032
4505.0,4505.0,0.29733112
4506.0,4506.0,0.079378136
4507.0,4507.0,0.20327687
4508.0,4508.0,8.072799E-4
4509.0,4509.0,0.79714644
4510.0,4510.0,0.2419792
4511.0,4511.0,0.34676823
4512.0,4512.0,0.1009112
4513.0,4513.0,7.61458E-4
4514.0,4514.0,0.2136174
4515.0,4515.0,0.047774915
4516.0,4516.0,0.10587259
4517.0,4517.0,0.7205061
4518.0,4518.0,0.0902634
4519.0,4519.0,0.012066678
4520.0,4520.0,0.26898903
4521.0,4521.0,0.11895616
4522.0,4522.0,0.6164483
4523.0,4523.0,0.23625773
4524.0,4524.0,0.08783517
4525.0,4525.0,0.75152344
4526.0,4526.0,0.14058249
4527.0,4527.0,0.030726003
4528.0,4528.0,0.08866723
4529.0,4529.0,0.07698137
4530.0,4530.0,0.23611513
4531.0,4531.0,0.06722297
4532.0,4532.0,0.032631554
4533.0,4533.0,0.28080168
4534.0,4534.0,0.030839035
4535.0,4535.0,0.008755533
4536.0,4536.0,0.20364866
4537.0,4537.0,0.15368053
4538.0,4538.0,0.8110929
4539.0,4539.0,0.7632158
4540.0,4540.0,0.04222083
4541.0,4541.0,0.07982405
4542.0,4542.0,0.0012130176
4543.0,4543.0,0.003194637
4544.0,4544.0,7.2274806E-6
4545.0,4545.0,0.292068
4546.0,4546.0,0.7148505
4547.0,4547.0,5.543831E-5
4548.0,4548.0,0.13757896
4549.0,4549.0,0.006237109
4550.0,4550.0,0.02226763
4551.0,4551.0,0.019759307
4552.0,4552.0,0.104308024
4553.0,4553.0,0.06913664
4554.0,4554.0,0.0032574884
4555.0,4555.0,0.09412778
4556.0,4556.0,0.7519592
4557.0,4557.0,0.061695527
4558.0,4558.0,0.12583385
4559.0,4559.0,3.492867E-4
4560.0,4560.0,0.2664907
4561.0,4561.0,1.8638097E-4
4562.0,4562.0,0.23017706
4563.0,4563.0,0.026190203
4564.0,4564.0,0.0019449479
4565.0,4565.0,0.22598894
4566.0,4566.0,0.071974374
4567.0,4567.0,0.11712065
4568.0,4568.0,0.7118171
4569.0,4569.0,0.02755134
4570.0,4570.0,6.257574E-4
4571.0,4571.0,0.11361022
4572.0,4572.0,0.096419774
4573.0,4573.0,0.25540638
4574.0,4574.0,0.08480975
4575.0,4575.0,0.20278788
4576.0,4576.0,0.012298097
4577.0,4577.0,0.6244518
4578.0,4578.0,0.08448567
4579.0,4579.0,0.06547905
4580.0,4580.0,0.5643291
4581.0,4581.0,5.14709E-5
4582.0,4582.0,5.7046764E-5
4583.0,4583.0,0.06542915
4584.0,4584.0,0.054320376
4585.0,4585.0,0.7536858
4586.0,4586.0,0.24791788
4587.0,4587.0,0.0011996145
4588.0,4588.0,0.020923037
4589.0,4589.0,0.0041692136
4590.0,4590.0,0.19728884
4591.0,4591.0,7.63483E-5
4592.0,4592.0,0.16627455
4593.0,4593.0,0.005557024
4594.0,4594.0,0.7179764
4595.0,4595.0,0.061961114
4596.0,4596.0,0.16132012
4597.0,4597.0,0.24253197
4598.0,4598.0,0.084449
4599.0,4599.0,0.06055585
4600.0,4600.0,0.0019582587
4601.0,4601.0,0.2772634
4602.0,4602.0,0.02480674
4603.0,4603.0,3.795567E-4
4604.0,4604.0,0.001429443
4605.0,4605.0,0.19561367
4606.0,4606.0,0.09408546
4607.0,4607.0,0.7546053
4608.0,4608.0,0.19538708
4609.0,4609.0,0.09369188
4610.0,4610.0,0.095632024
4611.0,4611.0,0.078668565
4612.0,4612.0,0.012392194
4613.0,4613.0,0.0035337943
4614.0,4614.0,0.8066194
4615.0,4615.0,0.009533808
4616.0,4616.0,0.2105004
4617.0,4617.0,0.08132458
4618.0,4618.0,0.12778342
4619.0,4619.0,0.38422543
4620.0,4620.0,0.13212849
4621.0,4621.0,3.1178424E-4
4622.0,4622.0,0.074391805
4623.0,4623.0,0.15845418
4624.0,4624.0,0.004157928
4625.0,4625.0,0.0011194559
4626.0,4626.0,0.80400294
4627.0,4627.0,0.06376406
4628.0,4628.0,0.08443031
4629.0,4629.0,0.011016565
4630.0,4630.0,0.20193222
4631.0,4631.0,0.10754415
4632.0,4632.0,0.10217308
4633.0,4633.0,0.22988546
4634.0,4634.0,0.021667931
4635.0,4635.0,0.037456073
4636.0,4636.0,0.0898206
4637.0,4637.0,0.10588333
4638.0,4638.0,0.49701944
4639.0,4639.0,0.42869228
4640.0,4640.0,0.2048481
4641.0,4641.0,0.053695902
4642.0,4642.0,0.08847699
4643.0,4643.0,0.01067114
4644.0,4644.0,0.07611829
4645.0,4645.0,0.033717066
4646.0,4646.0,0.09543661
4647.0,4647.0,0.18200868
4648.0,4648.0,0.031804603
4649.0,4649.0,0.76433337
4650.0,4650.0,0.2277014
4651.0,4651.0,0.22878365
4652.0,4652.0,9.165906E-5
4653.0,4653.0,0.036743257
4654.0,4654.0,2.113172E-5
4655.0,4655.0,0.2846105
4656.0,4656.0,0.013702594
4657.0,4657.0,0.0013207837
4658.0,4658.0,0.22107947
4659.0,4659.0,0.001278265
4660.0,4660.0,0.41468078
4661.0,4661.0,0.5375732
4662.0,4662.0,0.111119725
4663.0,4663.0,0.0017393683
4664.0,4664.0,0.00787627
4665.0,4665.0,0.65030634
4666.0,4666.0,0.011482692
4667.0,4667.0,0.010020253
4668.0,4668.0,0.5109633
4669.0,4669.0,0.0038316334
4670.0,4670.0,0.0379736
4671.0,4671.0,0.14105749
4672.0,4672.0,0.26904595
4673.0,4673.0,0.019967636
4674.0,4674.0,0.26392877
4675.0,4675.0,7.4052856E-5
4676.0,4676.0,0.4315904
4677.0,4677.0,0.07366377
4678.0,4678.0,0.2796588
4679.0,4679.0,0.13774489
4680.0,4680.0,3.852781E-5
4681.0,4681.0,0.4591563
4682.0,4682.0,0.003717762
4683.0,4683.0,0.28020152
4684.0,4684.0,0.17845677
4685.0,4685.0,0.7925674
4686.0,4686.0,0.75603056
4687.0,4687.0,0.29316577
4688.0,4688.0,0.1685136
4689.0,4689.0,0.8192349
4690.0,4690.0,0.8552846
4691.0,4691.0,0.6225715
4692.0,4692.0,0.09343742
4693.0,4693.0,0.019484036
4694.0,4694.0,0.01979863
4695.0,4695.0,0.099169
4696.0,4696.0,0.08946206
4697.0,4697.0,0.08050582
4698.0,4698.0,0.036419984
4699.0,4699.0,0.010834764
4700.0,4700.0,0.03548067
4701.0,4701.0,0.22306065
4702.0,4702.0,0.0022100396
4703.0,4703.0,0.14349951
4704.0,4704.0,0.1672646
4705.0,4705.0,0.0015367732
4706.0,4706.0,0.6999459
4707.0,4707.0,0.007726604
4708.0,4708.0,0.012739544
4709.0,4709.0,3.5888213E-5
4710.0,4710.0,0.06701875
4711.0,4711.0,0.2177825
4712.0,4712.0,0.78239197
4713.0,4713.0,0.14436808
4714.0,4714.0,0.39510828
4715.0,4715.0,0.0062903655
4716.0,4716.0,0.04953039
4717.0,4717.0,0.1040824
4718.0,4718.0,0.02489303
4719.0,4719.0,0.053720295
4720.0,4720.0,0.0033785587
4721.0,4721.0,0.076225914
4722.0,4722.0,0.09841086
4723.0,4723.0,0.13831097
4724.0,4724.0,0.03248173
4725.0,4725.0,0.053065628
4726.0,4726.0,1.6066158E-4
4727.0,4727.0,0.17112042
4728.0,4728.0,0.2560286
4729.0,4729.0,0.051425967
4730.0,4730.0,0.026880177
4731.0,4731.0,0.027925855
4732.0,4732.0,0.017861914
4733.0,4733.0,0.08240655
4734.0,4734.0,0.19722946
4735.0,4735.0,0.8043393
4736.0,4736.0,0.18839866
4737.0,4737.0,0.5220385
4738.0,4738.0,0.18732657
4739.0,4739.0,0.1209445
4740.0,4740.0,0.07856891
4741.0,4741.0,0.004009813
4742.0,4742.0,0.090492085
4743.0,4743.0,0.464462
4744.0,4744.0,1.0155949E-4
4745.0,4745.0,0.71731275
4746.0,4746.0,0.14015521
4747.0,4747.0,0.016167758
4748.0,4748.0,0.0034190633
4749.0,4749.0,0.4092475
4750.0,4750.0,0.3414968
4751.0,4751.0,0.038687665
4752.0,4752.0,0.6114715
4753.0,4753.0,0.019372143
4754.0,4754.0,0.5668193
4755.0,4755.0,7.629844E-4
4756.0,4756.0,0.0187532
4757.0,4757.0,0.06786174
4758.0,4758.0,5.656851E-4
4759.0,4759.0,0.06073076
4760.0,4760.0,0.11787332
4761.0,4761.0,0.7125122
4762.0,4762.0,0.68608326
4763.0,4763.0,0.1557039
4764.0,4764.0,0.7025498
4765.0,4765.0,0.1967508
4766.0,4766.0,0.32009467
4767.0,4767.0,0.19393814
4768.0,4768.0,0.14639057
4769.0,4769.0,0.033620317
4770.0,4770.0,0.7507369
4771.0,4771.0,0.7979539
4772.0,4772.0,0.13005103
4773.0,4773.0,0.06306839
4774.0,4774.0,0.78519845
4775.0,4775.0,0.8005184
4776.0,4776.0,0.50184315
4777.0,4777.0,0.07619221
4778.0,4778.0,2.3564705E-4
4779.0,4779.0,0.7947585
4780.0,4780.0,2.49762E-4
4781.0,4781.0,0.08135127
4782.0,4782.0,0.09127228
4783.0,4783.0,0.43507683
4784.0,4784.0,0.1495224
4785.0,4785.0,0.029932925
4786.0,4786.0,0.051529884
4787.0,4787.0,0.85521704
4788.0,4788.0,0.088670164
4789.0,4789.0,0.13148962
4790.0,4790.0,0.08103215
4791.0,4791.0,3.0415304E-4
4792.0,4792.0,0.07874997
4793.0,4793.0,0.20326097
4794.0,4794.0,6.7139605E-5
4795.0,4795.0,0.08094614
4796.0,4796.0,8.081042E-5
4797.0,4797.0,0.082940586
4798.0,4798.0,0.06309555
4799.0,4799.0,0.08805439
4800.0,4800.0,0.06074286
4801.0,4801.0,0.08080945
4802.0,4802.0,0.07448551
4803.0,4803.0,0.035053976
4804.0,4804.0,0.19189262
4805.0,4805.0,0.72751474
4806.0,4806.0,0.06509632
4807.0,4807.0,0.1314685
4808.0,4808.0,0.034842826
4809.0,4809.0,0.8199948
4810.0,4810.0,0.21787718
4811.0,4811.0,6.071758E-4
4812.0,4812.0,0.17787108
4813.0,4813.0,0.04546289
4814.0,4814.0,0.015140884
4815.0,4815.0,0.022372432
4816.0,4816.0,0.00924435
4817.0,4817.0,0.08247449
4818.0,4818.0,0.22260268
4819.0,4819.0,0.61743706
4820.0,4820.0,0.057258073
4821.0,4821.0,0.06526191
4822.0,4822.0,8.748411E-5
4823.0,4823.0,1.6198226E-4
4824.0,4824.0,0.057918612
4825.0,4825.0,0.0016957409
4826.0,4826.0,0.10227826
4827.0,4827.0,0.05733696
4828.0,4828.0,0.047963507
4829.0,4829.0,0.8192129
4830.0,4830.0,0.24446873
4831.0,4831.0,0.5024781
4832.0,4832.0,0.07480681
4833.0,4833.0,0.04467542
4834.0,4834.0,0.24944746
4835.0,4835.0,0.17556539
4836.0,4836.0,0.2901406
4837.0,4837.0,0.43281493
4838.0,4838.0,0.1679768
4839.0,4839.0,0.09717788
4840.0,4840.0,0.06667163
4841.0,4841.0,0.05161346
4842.0,4842.0,0.7407253
4843.0,4843.0,0.3280904
4844.0,4844.0,0.14021447
4845.0,4845.0,0.015362168
4846.0,4846.0,0.3242784
4847.0,4847.0,0.1003934
4848.0,4848.0,0.09583509
4849.0,4849.0,0.023917507
4850.0,4850.0,1.802855E-4
4851.0,4851.0,0.070807494
4852.0,4852.0,0.03155883
4853.0,4853.0,0.38772273
4854.0,4854.0,0.02829883
4855.0,4855.0,0.18710454
4856.0,4856.0,0.2891744
4857.0,4857.0,0.20625767
4858.0,4858.0,0.0067887222
4859.0,4859.0,0.089379705
4860.0,4860.0,0.046584446
4861.0,4861.0,0.033795845
4862.0,4862.0,0.13230413
4863.0,4863.0,0.18595588
4864.0,4864.0,0.40428793
4865.0,4865.0,0.3373176
4866.0,4866.0,0.19083533
4867.0,4867.0,0.70147324
4868.0,4868.0,0.013537511
4869.0,4869.0,0.53058726
4870.0,4870.0,0.14102083
4871.0,4871.0,0.015080117
4872.0,4872.0,0.11934176
4873.0,4873.0,0.16606916
4874.0,4874.0,2.054016E-4
4875.0,4875.0,0.044157624
4876.0,4876.0,0.22245541
4877.0,4877.0,0.13548821
4878.0,4878.0,0.16975579
4879.0,4879.0,0.011822932
4880.0,4880.0,0.07101978
4881.0,4881.0,0.022008177
4882.0,4882.0,0.15612872
4883.0,4883.0,0.073426396
4884.0,4884.0,0.021184076
4885.0,4885.0,0.14483772
4886.0,4886.0,0.013354258
4887.0,4887.0,0.0015475164
4888.0,4888.0,0.6195322
4889.0,4889.0,0.122329995
4890.0,4890.0,0.77977026
4891.0,4891.0,0.7842791
4892.0,4892.0,0.14846553
4893.0,4893.0,0.08027119
4894.0,4894.0,0.10307802
4895.0,4895.0,0.04837893
4896.0,4896.0,0.04656427
4897.0,4897.0,0.16891158
4898.0,4898.0,0.06810662
4899.0,4899.0,0.060457673
4900.0,4900.0,0.06832018
4901.0,4901.0,3.8322873E-5
4902.0,4902.0,0.14144166
4903.0,4903.0,0.053512562
4904.0,4904.0,0.025273379
4905.0,4905.0,0.009848991
4906.0,4906.0,0.095553145
4907.0,4907.0,0.04951499
4908.0,4908.0,0.08279047
4909.0,4909.0,0.055928573
4910.0,4910.0,7.470902E-4
4911.0,4911.0,0.100985415
4912.0,4912.0,2.6990536E-5
4913.0,4913.0,0.024199672
4914.0,4914.0,0.003096917
4915.0,4915.0,1.7294123E-4
4916.0,4916.0,0.031046815
4917.0,4917.0,0.037624925
4918.0,4918.0,0.6999659
4919.0,4919.0,0.7572056
4920.0,4920.0,0.37591967
4921.0,4921.0,0.780429
4922.0,4922.0,0.09525263
4923.0,4923.0,0.80185217
4924.0,4924.0,0.033525217
4925.0,4925.0,0.04153698
4926.0,4926.0,0.669829
4927.0,4927.0,0.28284922
4928.0,4928.0,0.10588196
4929.0,4929.0,0.0841357
4930.0,4930.0,0.06818802
4931.0,4931.0,0.0969881
4932.0,4932.0,0.05987795
4933.0,4933.0,0.7537735
4934.0,4934.0,0.05847688
4935.0,4935.0,0.11541066
4936.0,4936.0,0.75232714
4937.0,4937.0,0.6949654
4938.0,4938.0,0.020310417
4939.0,4939.0,0.13218261
4940.0,4940.0,0.6958372
4941.0,4941.0,0.25008124
4942.0,4942.0,0.10838354
4943.0,4943.0,0.024171727
4944.0,4944.0,0.047725562
4945.0,4945.0,0.121187925
4946.0,4946.0,0.29105425
4947.0,4947.0,0.26198485
4948.0,4948.0,0.04606069
4949.0,4949.0,0.003342344
4950.0,4950.0,0.051513597
4951.0,4951.0,0.055415954
4952.0,4952.0,0.059087705
4953.0,4953.0,0.1848956
4954.0,4954.0,0.27452752
4955.0,4955.0,0.11494635
4956.0,4956.0,0.15431981
4957.0,4957.0,0.021129616
4958.0,4958.0,0.036458988
4959.0,4959.0,0.3189166
4960.0,4960.0,0.38866383
4961.0,4961.0,0.74329424
4962.0,4962.0,0.097811766
4963.0,4963.0,0.41114268
4964.0,4964.0,0.15694885
4965.0,4965.0,0.16504072
4966.0,4966.0,0.7847928
4967.0,4967.0,0.73004884
4968.0,4968.0,5.7517005E-5
4969.0,4969.0,0.042447943
4970.0,4970.0,0.7936675
4971.0,4971.0,0.0011380179
4972.0,4972.0,0.053564265
4973.0,4973.0,0.090465
4974.0,4974.0,0.1485741
4975.0,4975.0,0.1358438
4976.0,4976.0,0.19823784
4977.0,4977.0,0.29891327
4978.0,4978.0,0.5437409
4979.0,4979.0,0.3281297
4980.0,4980.0,0.6886652
4981.0,4981.0,0.1542682
4982.0,4982.0,0.6613385
4983.0,4983.0,0.0011256103
4984.0,4984.0,0.059279475
4985.0,4985.0,0.05425565
4986.0,4986.0,0.39517
4987.0,4987.0,0.73506314
4988.0,4988.0,0.017199742
4989.0,4989.0,0.031724054
4990.0,4990.0,0.16276266
4991.0,4991.0,0.5256205
4992.0,4992.0,0.18355502
4993.0,4993.0,0.012901947
4994.0,4994.0,0.0090139555
4995.0,4995.0,0.048951548
4996.0,4996.0,0.0023943312
4997.0,4997.0,0.109640054
4998.0,4998.0,0.17256914
4999.0,4999.0,0.26608127
5000.0,5000.0,0.026905637
5001.0,5001.0,0.08773173
5002.0,5002.0,2.5660955E-4
5003.0,5003.0,0.03150841
5004.0,5004.0,0.05977498
5005.0,5005.0,0.0073079006
5006.0,5006.0,0.0054056416
5007.0,5007.0,0.03954033
5008.0,5008.0,0.12659404
5009.0,5009.0,0.079749525
5010.0,5010.0,0.655683
5011.0,5011.0,0.030324813
5012.0,5012.0,0.08614121
5013.0,5013.0,0.1789989
5014.0,5014.0,0.036684893
5015.0,5015.0,0.7928397
5016.0,5016.0,0.069472566
5017.0,5017.0,0.63428605
5018.0,5018.0,0.057093237
5019.0,5019.0,0.042729795
5020.0,5020.0,0.2033877
5021.0,5021.0,0.04042448
5022.0,5022.0,0.30022812
5023.0,5023.0,0.5766626
5024.0,5024.0,0.24221477
5025.0,5025.0,0.045235865
5026.0,5026.0,7.99426E-5
5027.0,5027.0,0.72372895
5028.0,5028.0,0.050576504
5029.0,5029.0,0.02864673
5030.0,5030.0,0.13180263
5031.0,5031.0,0.2530909
5032.0,5032.0,0.16920629
5033.0,5033.0,7.8867853E-4
5034.0,5034.0,0.079158515
5035.0,5035.0,0.74812573
5036.0,5036.0,0.4857846
5037.0,5037.0,0.33548194
5038.0,5038.0,0.08188927
5039.0,5039.0,0.023902988
5040.0,5040.0,0.6434536
5041.0,5041.0,3.5822627E-4
5042.0,5042.0,0.18959562
5043.0,5043.0,0.30386427
5044.0,5044.0,0.66282135
5045.0,5045.0,0.31849185
5046.0,5046.0,0.079298206
5047.0,5047.0,0.10244849
5048.0,5048.0,0.05522281
5049.0,5049.0,0.057493083
5050.0,5050.0,0.037111934
5051.0,5051.0,0.47445145
5052.0,5052.0,0.023741119
5053.0,5053.0,0.76365954
5054.0,5054.0,8.660158E-5
5055.0,5055.0,0.02368899
5056.0,5056.0,0.23198897
5057.0,5057.0,0.002462435
5058.0,5058.0,0.040889394
5059.0,5059.0,0.02188854
5060.0,5060.0,0.035509318
5061.0,5061.0,0.17473997
5062.0,5062.0,0.14054768
5063.0,5063.0,0.7622587
5064.0,5064.0,0.78429335
5065.0,5065.0,0.013432789
5066.0,5066.0,0.76458627
5067.0,5067.0,0.16267388
5068.0,5068.0,1.882236E-4
5069.0,5069.0,1.0457976E-4
5070.0,5070.0,0.086760126
5071.0,5071.0,0.46222168
5072.0,5072.0,0.75855935
5073.0,5073.0,0.059765417
5074.0,5074.0,3.6831465E-5
5075.0,5075.0,0.07883985
5076.0,5076.0,0.09819353
5077.0,5077.0,0.042974472
5078.0,5078.0,0.40045223
5079.0,5079.0,0.0064037456
5080.0,5080.0,0.46222997
5081.0,5081.0,0.7091644
5082.0,5082.0,0.23129891
5083.0,5083.0,0.887127
5084.0,5084.0,0.49344864
5085.0,5085.0,0.5717012
5086.0,5086.0,0.17497768
5087.0,5087.0,0.024839912
5088.0,5088.0,0.81982195
5089.0,5089.0,0.15519367
5090.0,5090.0,0.05205706
5091.0,5091.0,0.10292004
5092.0,5092.0,0.074691534
5093.0,5093.0,0.07320651
5094.0,5094.0,0.017813897
5095.0,5095.0,0.102903776
5096.0,5096.0,0.0012959054
5097.0,5097.0,0.18242171
5098.0,5098.0,0.031748526
5099.0,5099.0,0.25463384
5100.0,5100.0,0.08234434
5101.0,5101.0,0.02452439
5102.0,5102.0,0.5410128
5103.0,5103.0,0.109237425
5104.0,5104.0,0.32053673
5105.0,5105.0,0.015466942
5106.0,5106.0,0.08662591
5107.0,5107.0,0.3927624
5108.0,5108.0,0.18861003
5109.0,5109.0,0.0071125864
5110.0,5110.0,0.02068552
5111.0,5111.0,0.103114136
5112.0,5112.0,0.02348884
5113.0,5113.0,0.100299604
5114.0,5114.0,0.002963109
5115.0,5115.0,0.10342535
5116.0,5116.0,0.078178264
5117.0,5117.0,0.116024494
5118.0,5118.0,0.030122133
5119.0,5119.0,0.12765545
5120.0,5120.0,0.44768703
5121.0,5121.0,0.016567815
5122.0,5122.0,4.4782177E-5
5123.0,5123.0,0.046691924
5124.0,5124.0,0.70536494
5125.0,5125.0,0.06477028
5126.0,5126.0,0.09740175
5127.0,5127.0,0.229598
5128.0,5128.0,0.056957155
5129.0,5129.0,0.118492484
5130.0,5130.0,0.016373757
5131.0,5131.0,0.1479397
5132.0,5132.0,0.11703564
5133.0,5133.0,0.036198407
5134.0,5134.0,0.3419136
5135.0,5135.0,0.027542872
5136.0,5136.0,0.03125394
5137.0,5137.0,0.029761396
5138.0,5138.0,0.041877355
5139.0,5139.0,0.03602935
5140.0,5140.0,0.026991598
5141.0,5141.0,0.044100672
5142.0,5142.0,0.5883504
5143.0,5143.0,4.71629E-4
5144.0,5144.0,0.7003274
5145.0,5145.0,0.24767293
5146.0,5146.0,0.6262291
5147.0,5147.0,0.050989218
5148.0,5148.0,0.6904551
5149.0,5149.0,0.090740025
5150.0,5150.0,0.7450266
5151.0,5151.0,0.07916312
5152.0,5152.0,0.057120524
5153.0,5153.0,0.101581365
5154.0,5154.0,0.08851233
5155.0,5155.0,0.23905686
5156.0,5156.0,0.3019892
5157.0,5157.0,0.112854585
5158.0,5158.0,0.19036406
5159.0,5159.0,0.20702493
5160.0,5160.0,0.7163004
5161.0,5161.0,0.75964975
5162.0,5162.0,7.278623E-4
5163.0,5163.0,0.10472862
5164.0,5164.0,1.14802E-4
5165.0,5165.0,0.06275108
5166.0,5166.0,0.7661643
5167.0,5167.0,0.046992447
5168.0,5168.0,0.78772557
5169.0,5169.0,0.39385584
5170.0,5170.0,0.70957786
5171.0,5171.0,0.551539
5172.0,5172.0,0.05353303
5173.0,5173.0,0.06547572
5174.0,5174.0,0.0221928
5175.0,5175.0,0.06713704
5176.0,5176.0,0.41214618
5177.0,5177.0,0.08996951
5178.0,5178.0,0.34442124
5179.0,5179.0,0.023184784
5180.0,5180.0,0.24186432
5181.0,5181.0,0.29722223
5182.0,5182.0,0.057261944
5183.0,5183.0,0.76490366
5184.0,5184.0,0.12180287
5185.0,5185.0,0.056249738
5186.0,5186.0,0.31990817
5187.0,5187.0,0.16515715
5188.0,5188.0,0.001028417
5189.0,5189.0,0.19447178
5190.0,5190.0,0.7522609
5191.0,5191.0,0.04142891
5192.0,5192.0,0.07490788
5193.0,5193.0,0.069212675
5194.0,5194.0,0.05634001
5195.0,5195.0,0.02769636
5196.0,5196.0,0.0032864378
5197.0,5197.0,5.980166E-5
5198.0,5198.0,0.10041552
5199.0,5199.0,0.18068224
5200.0,5200.0,0.0551806
5201.0,5201.0,0.08411061
5202.0,5202.0,0.2288047
5203.0,5203.0,0.078519896
5204.0,5204.0,0.052352604
5205.0,5205.0,0.030472133
5206.0,5206.0,0.07551328
5207.0,5207.0,0.015549482
5208.0,5208.0,0.02293774
5209.0,5209.0,0.42352387
5210.0,5210.0,0.09118887
5211.0,5211.0,0.46939984
5212.0,5212.0,0.10408697
5213.0,5213.0,0.008501834
5214.0,5214.0,0.06321007
5215.0,5215.0,0.20199715
5216.0,5216.0,0.008645627
5217.0,5217.0,1.153983E-4
5218.0,5218.0,0.55428064
5219.0,5219.0,0.478177
5220.0,5220.0,0.017292537
5221.0,5221.0,0.05340757
5222.0,5222.0,0.15498349
5223.0,5223.0,0.7844437
5224.0,5224.0,0.018814705
5225.0,5225.0,0.6271106
5226.0,5226.0,0.11900339
5227.0,5227.0,0.005982495
5228.0,5228.0,0.0772999
5229.0,5229.0,0.40393892
5230.0,5230.0,0.27198148
5231.0,5231.0,0.02253421
5232.0,5232.0,6.306811E-5
5233.0,5233.0,0.78986895
5234.0,5234.0,0.21748549
5235.0,5235.0,0.77532303
5236.0,5236.0,0.24713702
5237.0,5237.0,0.36854422
5238.0,5238.0,1.3810916E-4
5239.0,5239.0,0.11527258
5240.0,5240.0,0.7351919
5241.0,5241.0,0.1187671
5242.0,5242.0,0.77241945
5243.0,5243.0,0.22177693
5244.0,5244.0,0.022354785
5245.0,5245.0,0.32810882
5246.0,5246.0,0.292602
5247.0,5247.0,0.35550272
5248.0,5248.0,0.73460674
5249.0,5249.0,0.026539156
5250.0,5250.0,0.10446771
5251.0,5251.0,0.18770802
5252.0,5252.0,0.15159537
5253.0,5253.0,0.81223685
5254.0,5254.0,0.066641286
5255.0,5255.0,0.11180778
5256.0,5256.0,0.004307116
5257.0,5257.0,0.7527053
5258.0,5258.0,0.7308307
5259.0,5259.0,0.05238963
5260.0,5260.0,0.03552927
5261.0,5261.0,0.06883195
5262.0,5262.0,0.082047515
5263.0,5263.0,0.08678983
5264.0,5264.0,0.81886506
5265.0,5265.0,0.019996975
5266.0,5266.0,4.1712806E-4
5267.0,5267.0,0.33333755
5268.0,5268.0,0.42712176
5269.0,5269.0,3.8520073E-5
5270.0,5270.0,0.1352876
5271.0,5271.0,9.0764207E-4
5272.0,5272.0,0.064401045
5273.0,5273.0,0.039329093
5274.0,5274.0,0.77532834
5275.0,5275.0,0.81944567
5276.0,5276.0,0.0350616
5277.0,5277.0,0.035247885
5278.0,5278.0,0.2029916
5279.0,5279.0,1.680377E-4
5280.0,5280.0,0.027753707
5281.0,5281.0,0.3845773
5282.0,5282.0,0.041640993
5283.0,5283.0,0.090243466
5284.0,5284.0,0.0272113
5285.0,5285.0,0.010105057
5286.0,5286.0,0.3340634
5287.0,5287.0,0.07282968
5288.0,5288.0,0.10117846
5289.0,5289.0,0.12044981
5290.0,5290.0,0.73337996
5291.0,5291.0,0.051615532
5292.0,5292.0,0.0015085085
5293.0,5293.0,0.4024974
5294.0,5294.0,0.061223503
5295.0,5295.0,0.10850514
5296.0,5296.0,0.11717062
5297.0,5297.0,0.07800409
5298.0,5298.0,0.77362233
5299.0,5299.0,0.11101584
5300.0,5300.0,5.7951995E-4
5301.0,5301.0,0.11129393
5302.0,5302.0,0.056165222
5303.0,5303.0,0.062357787
5304.0,5304.0,0.13090086
5305.0,5305.0,0.23837115
5306.0,5306.0,0.0330267
5307.0,5307.0,0.0032817703
5308.0,5308.0,0.108817816
5309.0,5309.0,2.6891974E-4
5310.0,5310.0,0.42704695
5311.0,5311.0,0.07193508
5312.0,5312.0,0.03094317
5313.0,5313.0,0.07089302
5314.0,5314.0,0.0027073403
5315.0,5315.0,0.020190608
5316.0,5316.0,4.702773E-4
5317.0,5317.0,0.06322714
5318.0,5318.0,0.24649283
5319.0,5319.0,0.6934585
5320.0,5320.0,1.3198807E-5
5321.0,5321.0,0.6938342
5322.0,5322.0,0.11448568
5323.0,5323.0,0.74162257
5324.0,5324.0,0.0028279566
5325.0,5325.0,0.1786219
5326.0,5326.0,0.0029195717
5327.0,5327.0,0.049726225
5328.0,5328.0,0.43493024
5329.0,5329.0,0.12082034
5330.0,5330.0,0.20820487
5331.0,5331.0,0.15969019
5332.0,5332.0,0.68701637
5333.0,5333.0,0.22313307
5334.0,5334.0,0.008110143
5335.0,5335.0,0.61248744
5336.0,5336.0,0.73974496
5337.0,5337.0,0.2717689
5338.0,5338.0,0.3774261
5339.0,5339.0,0.7810071
5340.0,5340.0,0.29767233
5341.0,5341.0,0.11460324
5342.0,5342.0,0.25737748
5343.0,5343.0,0.004039371
5344.0,5344.0,0.21478552
5345.0,5345.0,0.020405198
5346.0,5346.0,0.53244066
5347.0,5347.0,0.026860198
5348.0,5348.0,0.12669371
5349.0,5349.0,0.6729289
5350.0,5350.0,0.0089419475
5351.0,5351.0,0.0071022185
5352.0,5352.0,0.041904487
5353.0,5353.0,0.757661
5354.0,5354.0,0.71714664
5355.0,5355.0,0.11423405
5356.0,5356.0,7.5542994E-5
5357.0,5357.0,0.09926562
5358.0,5358.0,1.2323058E-4
5359.0,5359.0,0.31689212
5360.0,5360.0,0.13338955
5361.0,5361.0,8.308636E-4
5362.0,5362.0,0.46970668
5363.0,5363.0,0.77181107
5364.0,5364.0,0.060769152
5365.0,5365.0,0.7328447
5366.0,5366.0,0.12167086
5367.0,5367.0,0.5259921
5368.0,5368.0,0.46781194
5369.0,5369.0,0.097720906
5370.0,5370.0,0.036671743
5371.0,5371.0,0.08310363
5372.0,5372.0,0.21959229
5373.0,5373.0,0.004492245
5374.0,5374.0,0.050105356
5375.0,5375.0,0.116034746
5376.0,5376.0,0.0731349
5377.0,5377.0,0.08355907
5378.0,5378.0,0.16930895
5379.0,5379.0,5.161699E-4
5380.0,5380.0,0.005291239
5381.0,5381.0,0.12869108
5382.0,5382.0,0.02624292
5383.0,5383.0,0.0746574
5384.0,5384.0,0.7494818
5385.0,5385.0,0.049392622
5386.0,5386.0,0.26502112
5387.0,5387.0,0.08118071
5388.0,5388.0,0.09864648
5389.0,5389.0,0.0057337936
5390.0,5390.0,0.1156739
5391.0,5391.0,0.024746321
5392.0,5392.0,0.018640175
5393.0,5393.0,0.7451666
5394.0,5394.0,7.672371E-5
5395.0,5395.0,0.013569355
5396.0,5396.0,0.7295918
5397.0,5397.0,0.0034434758
5398.0,5398.0,0.11393757
5399.0,5399.0,0.024244078
5400.0,5400.0,0.4655096
5401.0,5401.0,0.65445346
5402.0,5402.0,0.087360136
5403.0,5403.0,0.038565435
5404.0,5404.0,0.08123053
5405.0,5405.0,0.087781094
5406.0,5406.0,0.03427378
5407.0,5407.0,0.00501956
5408.0,5408.0,0.19136521
5409.0,5409.0,0.09174529
5410.0,5410.0,8.42638E-4
5411.0,5411.0,0.010669197
5412.0,5412.0,0.8114257
5413.0,5413.0,0.78969884
5414.0,5414.0,0.09465183
5415.0,5415.0,0.019671923
5416.0,5416.0,0.09633289
5417.0,5417.0,0.0637569
5418.0,5418.0,0.31850725
5419.0,5419.0,0.1836172
5420.0,5420.0,0.3652803
5421.0,5421.0,0.66211903
5422.0,5422.0,0.16869804
5423.0,5423.0,0.06290984
5424.0,5424.0,0.053625673
5425.0,5425.0,0.032525394
5426.0,5426.0,0.090707436
5427.0,5427.0,0.15222193
5428.0,5428.0,0.08634691
5429.0,5429.0,0.7449146
5430.0,5430.0,0.09976623
5431.0,5431.0,0.24933988
5432.0,5432.0,0.11129583
5433.0,5433.0,0.13455664
5434.0,5434.0,0.61137134
5435.0,5435.0,0.13198891
5436.0,5436.0,0.270532
5437.0,5437.0,0.07716769
5438.0,5438.0,0.12995902
5439.0,5439.0,0.11153464
5440.0,5440.0,0.18325552
5441.0,5441.0,0.7557554
5442.0,5442.0,0.06222518
5443.0,5443.0,0.24946381
5444.0,5444.0,0.115740746
5445.0,5445.0,0.18379003
5446.0,5446.0,0.11930395
5447.0,5447.0,0.1891297
5448.0,5448.0,6.171065E-4
5449.0,5449.0,0.79891175
5450.0,5450.0,0.050279036
5451.0,5451.0,0.8607229
5452.0,5452.0,0.14013055
5453.0,5453.0,0.060319435
5454.0,5454.0,0.55705386
5455.0,5455.0,0.070834145
5456.0,5456.0,0.7201446
5457.0,5457.0,0.672518
5458.0,5458.0,0.06115272
5459.0,5459.0,0.71253765
5460.0,5460.0,0.0587911
5461.0,5461.0,0.050693735
5462.0,5462.0,0.8103195
5463.0,5463.0,0.02466274
5464.0,5464.0,0.11520353
5465.0,5465.0,1.2126981E-4
5466.0,5466.0,0.1668031
5467.0,5467.0,0.15107527
5468.0,5468.0,0.7985255
5469.0,5469.0,0.20358709
5470.0,5470.0,0.23480816
5471.0,5471.0,0.60365576
5472.0,5472.0,0.7942981
5473.0,5473.0,0.032039724
5474.0,5474.0,0.14720035
5475.0,5475.0,0.5061583
5476.0,5476.0,1.6601961E-4
5477.0,5477.0,0.07879403
5478.0,5478.0,0.26285982
5479.0,5479.0,0.1480391
5480.0,5480.0,0.14359501
5481.0,5481.0,0.19274524
5482.0,5482.0,0.48423123
5483.0,5483.0,4.4401222E-5
5484.0,5484.0,0.085756674
5485.0,5485.0,0.1047958
5486.0,5486.0,0.13903937
5487.0,5487.0,0.02367765
5488.0,5488.0,0.07170446
5489.0,5489.0,0.15763628
5490.0,5490.0,0.026296556
5491.0,5491.0,0.07954053
5492.0,5492.0,0.07271162
5493.0,5493.0,0.37506285
5494.0,5494.0,0.052485306
5495.0,5495.0,0.7294901
5496.0,5496.0,0.035146326
5497.0,5497.0,0.11920297
5498.0,5498.0,0.07114941
5499.0,5499.0,0.18605433
5500.0,5500.0,0.33811346
5501.0,5501.0,0.89130384
5502.0,5502.0,0.05830517
5503.0,5503.0,0.28410435
5504.0,5504.0,0.07964859
5505.0,5505.0,0.17156458
5506.0,5506.0,0.022064105
5507.0,5507.0,0.120624445
5508.0,5508.0,0.7718592
5509.0,5509.0,0.17362584
5510.0,5510.0,0.06765428
5511.0,5511.0,0.06660396
5512.0,5512.0,0.08319664
5513.0,5513.0,0.26482737
5514.0,5514.0,0.0020352332
5515.0,5515.0,0.07076718
5516.0,5516.0,0.5264462
5517.0,5517.0,0.2598494
5518.0,5518.0,0.111249104
5519.0,5519.0,0.55429304
5520.0,5520.0,0.042271025
5521.0,5521.0,0.05989232
5522.0,5522.0,0.829899
5523.0,5523.0,0.11943276
5524.0,5524.0,0.07279595
5525.0,5525.0,1.657969E-4
5526.0,5526.0,0.10089803
5527.0,5527.0,0.1497851
5528.0,5528.0,0.05410515
5529.0,5529.0,0.08371405
5530.0,5530.0,0.7546832
5531.0,5531.0,0.7756881
5532.0,5532.0,0.13820721
5533.0,5533.0,0.05665998
5534.0,5534.0,0.021582851
5535.0,5535.0,0.16001391
5536.0,5536.0,7.8884827E-4
5537.0,5537.0,0.026934171
5538.0,5538.0,0.11534682
5539.0,5539.0,0.11263126
5540.0,5540.0,0.15949535
5541.0,5541.0,0.7611941
5542.0,5542.0,0.0779732
5543.0,5543.0,0.067222364
5544.0,5544.0,0.0012209456
5545.0,5545.0,0.041741177
5546.0,5546.0,0.12186608
5547.0,5547.0,0.946776
5548.0,5548.0,0.25754797
5549.0,5549.0,0.49827442
5550.0,5550.0,0.24537867
5551.0,5551.0,0.06249484
5552.0,5552.0,0.100327075
5553.0,5553.0,0.15108481
5554.0,5554.0,0.024267556
5555.0,5555.0,0.738569
5556.0,5556.0,0.08341676
5557.0,5557.0,0.21738362
5558.0,5558.0,0.6800026
5559.0,5559.0,0.012970264
5560.0,5560.0,0.22026046
5561.0,5561.0,0.17031638
5562.0,5562.0,0.15129745
5563.0,5563.0,0.2660871
5564.0,5564.0,0.077219054
5565.0,5565.0,0.015677616
5566.0,5566.0,0.713304
5567.0,5567.0,0.4266646
5568.0,5568.0,0.14486961
5569.0,5569.0,0.06978165
5570.0,5570.0,0.08374536
5571.0,5571.0,0.0070188525
5572.0,5572.0,0.0065155528
5573.0,5573.0,0.022003794
5574.0,5574.0,0.03026758
5575.0,5575.0,0.02580108
5576.0,5576.0,0.07573304
5577.0,5577.0,0.035336513
5578.0,5578.0,0.03786003
5579.0,5579.0,0.6888993
5580.0,5580.0,0.063334994
5581.0,5581.0,0.48970738
5582.0,5582.0,0.16462652
5583.0,5583.0,0.13944973
5584.0,5584.0,0.032805502
5585.0,5585.0,0.3245579
5586.0,5586.0,0.03363068
5587.0,5587.0,0.5324337
5588.0,5588.0,0.057609912
5589.0,5589.0,0.17928906
5590.0,5590.0,2.3458431E-4
5591.0,5591.0,0.12021581
5592.0,5592.0,0.031718083
5593.0,5593.0,0.4960297
5594.0,5594.0,0.2215888
5595.0,5595.0,0.07708869
5596.0,5596.0,0.087421305
5597.0,5597.0,0.0055215782
5598.0,5598.0,1.307241E-4
5599.0,5599.0,0.11299779
5600.0,5600.0,0.0021705332
5601.0,5601.0,0.01968603
5602.0,5602.0,0.19389343
5603.0,5603.0,0.3028439
5604.0,5604.0,0.12228153
5605.0,5605.0,0.016156688
5606.0,5606.0,0.09953632
5607.0,5607.0,0.4405614
5608.0,5608.0,0.12944081
5609.0,5609.0,0.002475844
5610.0,5610.0,0.7200007
5611.0,5611.0,0.7406456
5612.0,5612.0,0.7319998
5613.0,5613.0,0.14269936
5614.0,5614.0,0.07696949
5615.0,5615.0,0.13462487
5616.0,5616.0,0.70208484
5617.0,5617.0,0.06991441
5618.0,5618.0,0.019282196
5619.0,5619.0,0.75989187
5620.0,5620.0,0.00796943
5621.0,5621.0,1.123507E-4
5622.0,5622.0,0.009489162
5623.0,5623.0,0.18454407
5624.0,5624.0,4.8321713E-4
5625.0,5625.0,0.698351
5626.0,5626.0,0.094124444
5627.0,5627.0,0.036636017
5628.0,5628.0,0.0164335
5629.0,5629.0,6.1714766E-4
5630.0,5630.0,0.0075400565
5631.0,5631.0,0.71675134
5632.0,5632.0,0.48251918
5633.0,5633.0,0.6998848
5634.0,5634.0,0.09059285
5635.0,5635.0,0.70539945
5636.0,5636.0,1.1776721E-4
5637.0,5637.0,0.06584802
5638.0,5638.0,0.0429334
5639.0,5639.0,0.0010981773
5640.0,5640.0,0.75892663
5641.0,5641.0,0.18641864
5642.0,5642.0,0.42290506
5643.0,5643.0,0.04789276
5644.0,5644.0,0.03613067
5645.0,5645.0,0.09238937
5646.0,5646.0,0.16768354
5647.0,5647.0,0.0021323871
5648.0,5648.0,0.5437557
5649.0,5649.0,0.03417714
5650.0,5650.0,0.033961054
5651.0,5651.0,0.068443425
5652.0,5652.0,0.6902386
5653.0,5653.0,0.008758295
5654.0,5654.0,0.75862586
5655.0,5655.0,0.12961939
5656.0,5656.0,0.032207154
5657.0,5657.0,0.043298542
5658.0,5658.0,0.48017505
5659.0,5659.0,0.11509697
5660.0,5660.0,0.2645226
5661.0,5661.0,0.15351886
5662.0,5662.0,0.3490685
5663.0,5663.0,0.06204378
5664.0,5664.0,0.3023815
5665.0,5665.0,0.07370495
5666.0,5666.0,0.016961358
5667.0,5667.0,0.15956917
5668.0,5668.0,0.18414342
5669.0,5669.0,0.11033876
5670.0,5670.0,0.040870465
5671.0,5671.0,2.236281E-5
5672.0,5672.0,0.012349764
5673.0,5673.0,0.17704578
5674.0,5674.0,0.043574486
5675.0,5675.0,2.0148042E-4
5676.0,5676.0,0.08594265
5677.0,5677.0,0.11885274
5678.0,5678.0,0.0167915
5679.0,5679.0,0.09382781
5680.0,5680.0,0.3458622
5681.0,5681.0,0.19584934
5682.0,5682.0,0.79252297
5683.0,5683.0,0.09650566
5684.0,5684.0,0.32396442
5685.0,5685.0,0.059957255
5686.0,5686.0,0.04580729
5687.0,5687.0,0.034248833
5688.0,5688.0,0.13865927
5689.0,5689.0,0.079987854
5690.0,5690.0,0.10836316
5691.0,5691.0,0.081192546
5692.0,5692.0,0.7785388
5693.0,5693.0,0.02846834
5694.0,5694.0,0.041494425
5695.0,5695.0,2.8684253E-5
5696.0,5696.0,0.35776305
5697.0,5697.0,0.37809238
5698.0,5698.0,0.053196248
5699.0,5699.0,0.15978168
5700.0,5700.0,0.44490048
5701.0,5701.0,0.08624211
5702.0,5702.0,0.049253188
5703.0,5703.0,0.30475014
5704.0,5704.0,0.13983306
5705.0,5705.0,8.276375E-5
5706.0,5706.0,0.08915441
5707.0,5707.0,0.09051816
5708.0,5708.0,0.76221883
5709.0,5709.0,0.075578034
5710.0,5710.0,0.284085
5711.0,5711.0,0.2884891
5712.0,5712.0,0.16588804
5713.0,5713.0,0.69305605
5714.0,5714.0,0.04249947
5715.0,5715.0,7.979819E-4
5716.0,5716.0,2.3829238E-5
5717.0,5717.0,0.027985761
5718.0,5718.0,0.06158935
5719.0,5719.0,8.769811E-5
5720.0,5720.0,0.7312683
5721.0,5721.0,0.4830021
5722.0,5722.0,0.9562837
5723.0,5723.0,0.7258657
5724.0,5724.0,0.65622693
5725.0,5725.0,0.086170554
5726.0,5726.0,0.5748905
5727.0,5727.0,2.3589494E-4
5728.0,5728.0,0.4546579
5729.0,5729.0,0.112750374
5730.0,5730.0,0.067513235
5731.0,5731.0,0.11526825
5732.0,5732.0,0.07306065
5733.0,5733.0,0.13711083
5734.0,5734.0,0.25307292
5735.0,5735.0,0.0014309156
5736.0,5736.0,0.117666274
5737.0,5737.0,1.002591E-4
5738.0,5738.0,0.026627835
5739.0,5739.0,0.57916874
5740.0,5740.0,0.13072293
5741.0,5741.0,0.09747191
5742.0,5742.0,0.113283806
5743.0,5743.0,0.08429233
5744.0,5744.0,0.5040459
5745.0,5745.0,0.2634945
5746.0,5746.0,0.5594645
5747.0,5747.0,0.030819431
5748.0,5748.0,0.2310898
5749.0,5749.0,4.670258E-5
5750.0,5750.0,0.28942913
5751.0,5751.0,0.002044944
5752.0,5752.0,0.03770636
5753.0,5753.0,0.34355733
5754.0,5754.0,0.12178303
5755.0,5755.0,0.021189578
5756.0,5756.0,0.10182288
5757.0,5757.0,0.10343608
5758.0,5758.0,0.062819615
5759.0,5759.0,0.02362856
5760.0,5760.0,0.7741361
5761.0,5761.0,0.11729466
5762.0,5762.0,0.8306309
5763.0,5763.0,0.020780768
5764.0,5764.0,0.0475402
5765.0,5765.0,0.4093161
5766.0,5766.0,0.006170688
5767.0,5767.0,0.14681266
5768.0,5768.0,0.057579335
5769.0,5769.0,0.7165306
5770.0,5770.0,0.11445553
5771.0,5771.0,0.06257526
5772.0,5772.0,0.1581483
5773.0,5773.0,0.014300197
5774.0,5774.0,8.925075E-4
5775.0,5775.0,0.039913718
5776.0,5776.0,0.054655958
5777.0,5777.0,0.797445
5778.0,5778.0,0.7678355
5779.0,5779.0,0.62225753
5780.0,5780.0,0.28873253
5781.0,5781.0,1.6410829E-4
5782.0,5782.0,0.0048046065
5783.0,5783.0,0.25236994
5784.0,5784.0,0.080701835
5785.0,5785.0,0.6989033
5786.0,5786.0,0.7981491
5787.0,5787.0,0.058156393
5788.0,5788.0,0.62860215
5789.0,5789.0,0.14071254
5790.0,5790.0,0.0063269963
5791.0,5791.0,1.843901E-5
5792.0,5792.0,0.3060283
5793.0,5793.0,0.14463171
5794.0,5794.0,3.6638514E-5
5795.0,5795.0,0.055875607
5796.0,5796.0,0.46314555
5797.0,5797.0,0.7550146
5798.0,5798.0,0.12974782
5799.0,5799.0,0.752089
5800.0,5800.0,0.10145063
5801.0,5801.0,0.03743427
5802.0,5802.0,0.65996826
5803.0,5803.0,0.24562615
5804.0,5804.0,0.035911333
5805.0,5805.0,0.06737441
5806.0,5806.0,0.22155167
5807.0,5807.0,0.069442354
5808.0,5808.0,0.00945111
5809.0,5809.0,0.0065019606
5810.0,5810.0,9.0098253E-4
5811.0,5811.0,0.3424899
5812.0,5812.0,0.75910604
5813.0,5813.0,0.13143796
5814.0,5814.0,0.5202155
5815.0,5815.0,0.14118968
5816.0,5816.0,0.14217511
5817.0,5817.0,0.8815144
5818.0,5818.0,0.21908611
5819.0,5819.0,0.06007829
5820.0,5820.0,0.7726151
5821.0,5821.0,0.089760646
5822.0,5822.0,0.72348726
5823.0,5823.0,0.0011366702
5824.0,5824.0,5.444342E-4
5825.0,5825.0,0.20408691
5826.0,5826.0,0.58163255
5827.0,5827.0,0.09561662
5828.0,5828.0,0.14366275
5829.0,5829.0,0.039842643
5830.0,5830.0,0.057052504
5831.0,5831.0,2.9824121E-5
5832.0,5832.0,0.006465086
5833.0,5833.0,0.3824518
5834.0,5834.0,0.06643416
5835.0,5835.0,0.08124856
5836.0,5836.0,0.033111203
5837.0,5837.0,0.752759
5838.0,5838.0,0.1140023
5839.0,5839.0,0.1095947
5840.0,5840.0,0.1472892
5841.0,5841.0,0.2556821
5842.0,5842.0,0.051859513
5843.0,5843.0,0.1540051
5844.0,5844.0,0.7237971
5845.0,5845.0,8.460539E-4
5846.0,5846.0,0.0021159728
5847.0,5847.0,0.030515162
5848.0,5848.0,0.7258962
5849.0,5849.0,0.024063453
5850.0,5850.0,0.013368585
5851.0,5851.0,0.045384213
5852.0,5852.0,0.1302409
5853.0,5853.0,0.051042676
5854.0,5854.0,0.036283523
5855.0,5855.0,0.49105054
5856.0,5856.0,0.008143341
5857.0,5857.0,0.054389123
5858.0,5858.0,0.07359635
5859.0,5859.0,0.18307236
5860.0,5860.0,5.653251E-4
5861.0,5861.0,0.07544918
5862.0,5862.0,0.09138653
5863.0,5863.0,0.08547866
5864.0,5864.0,0.83169377
5865.0,5865.0,4.1163582E-4
5866.0,5866.0,0.03419856
5867.0,5867.0,3.2511438E-4
5868.0,5868.0,0.0050486717
5869.0,5869.0,0.07288035
5870.0,5870.0,0.09997387
5871.0,5871.0,0.017184833
5872.0,5872.0,0.12828541
5873.0,5873.0,0.11398154
5874.0,5874.0,0.17364997
5875.0,5875.0,0.012026001
5876.0,5876.0,0.13247173
5877.0,5877.0,2.8451488E-5
5878.0,5878.0,0.36367
5879.0,5879.0,0.07209528
5880.0,5880.0,0.24354719
5881.0,5881.0,0.07426897
5882.0,5882.0,0.24638046
5883.0,5883.0,0.0077816467
5884.0,5884.0,0.030762462
5885.0,5885.0,0.1586793
5886.0,5886.0,0.2778896
5887.0,5887.0,0.6069239
5888.0,5888.0,0.009343954
5889.0,5889.0,0.66738546
5890.0,5890.0,0.05636319
5891.0,5891.0,0.045212902
5892.0,5892.0,0.06602084
5893.0,5893.0,0.14512606
5894.0,5894.0,0.03995144
5895.0,5895.0,0.022272699
5896.0,5896.0,0.10771758
5897.0,5897.0,0.15583755
5898.0,5898.0,0.21667917
5899.0,5899.0,0.059318196
5900.0,5900.0,0.7174513
5901.0,5901.0,0.12669386
5902.0,5902.0,0.55066746
5903.0,5903.0,9.855017E-5
5904.0,5904.0,0.024209037
5905.0,5905.0,0.085253455
5906.0,5906.0,0.06755132
5907.0,5907.0,0.12413559
5908.0,5908.0,0.028986843
5909.0,5909.0,0.091644324
5910.0,5910.0,9.7348256E-4
5911.0,5911.0,0.08302285
5912.0,5912.0,0.020190455
5913.0,5913.0,0.24899101
5914.0,5914.0,0.090819456
5915.0,5915.0,0.23324947
5916.0,5916.0,0.7893955
5917.0,5917.0,0.029043151
5918.0,5918.0,0.09759621
5919.0,5919.0,0.03837617
5920.0,5920.0,0.08266468
5921.0,5921.0,0.039047275
5922.0,5922.0,0.066819385
5923.0,5923.0,0.09819489
5924.0,5924.0,0.1991098
5925.0,5925.0,0.69367975
5926.0,5926.0,0.09871835
5927.0,5927.0,0.7653766
5928.0,5928.0,0.105549924
5929.0,5929.0,3.056855E-4
5930.0,5930.0,0.03995902
5931.0,5931.0,0.1359966
5932.0,5932.0,0.16232757
5933.0,5933.0,0.18697116
5934.0,5934.0,3.5330476E-4
5935.0,5935.0,4.648083E-5
5936.0,5936.0,0.6563228
5937.0,5937.0,0.16075057
5938.0,5938.0,0.23207222
5939.0,5939.0,0.11688687
5940.0,5940.0,0.11481797
5941.0,5941.0,0.12475919
5942.0,5942.0,0.14033881
5943.0,5943.0,0.077052124
5944.0,5944.0,0.043666642
5945.0,5945.0,3.3002285E-5
5946.0,5946.0,0.02953127
5947.0,5947.0,0.0344681
5948.0,5948.0,0.0791887
5949.0,5949.0,0.0070014982
5950.0,5950.0,0.017560653
5951.0,5951.0,0.090420865
5952.0,5952.0,0.06880326
5953.0,5953.0,0.06301349
5954.0,5954.0,0.06657592
5955.0,5955.0,0.6860086
5956.0,5956.0,0.7787196
5957.0,5957.0,0.7213088
5958.0,5958.0,0.10145836
5959.0,5959.0,0.26645344
5960.0,5960.0,0.07604991
5961.0,5961.0,0.10326641
5962.0,5962.0,0.0011958344
5963.0,5963.0,4.4313524E-4
5964.0,5964.0,0.15891632
5965.0,5965.0,0.2424794
5966.0,5966.0,0.13327235
5967.0,5967.0,0.11167344
5968.0,5968.0,0.111590356
5969.0,5969.0,0.36239493
5970.0,5970.0,0.056671444
5971.0,5971.0,0.10913878
5972.0,5972.0,0.03431616
5973.0,5973.0,0.035910074
5974.0,5974.0,0.6730512
5975.0,5975.0,0.0309852
5976.0,5976.0,0.084353656
5977.0,5977.0,0.14205249
5978.0,5978.0,0.023112115
5979.0,5979.0,0.005684296
5980.0,5980.0,0.06420195
5981.0,5981.0,0.09039034
5982.0,5982.0,0.28476128
5983.0,5983.0,7.855316E-5
5984.0,5984.0,0.069376126
5985.0,5985.0,0.32675382
5986.0,5986.0,0.1545275
5987.0,5987.0,0.25141406
5988.0,5988.0,0.06600297
5989.0,5989.0,0.031463083
5990.0,5990.0,0.058340393
5991.0,5991.0,0.18137306
5992.0,5992.0,0.27873215
5993.0,5993.0,0.15372007
5994.0,5994.0,0.086676225
5995.0,5995.0,0.11428862
5996.0,5996.0,0.040943284
5997.0,5997.0,0.03845241
5998.0,5998.0,0.09454307
5999.0,5999.0,0.1514041
6000.0,6000.0,0.05268403
6001.0,6001.0,0.06619141
6002.0,6002.0,0.2012223
6003.0,6003.0,0.25378639
6004.0,6004.0,0.193271
6005.0,6005.0,0.39694816
6006.0,6006.0,0.014153938
6007.0,6007.0,0.7853379
6008.0,6008.0,0.7674351
6009.0,6009.0,0.72504884
6010.0,6010.0,0.09305048
6011.0,6011.0,0.04884055
6012.0,6012.0,0.3580562
6013.0,6013.0,0.0035302737
6014.0,6014.0,0.21529976
6015.0,6015.0,0.11646146
6016.0,6016.0,0.08840985
6017.0,6017.0,0.056455884
6018.0,6018.0,0.028264407
6019.0,6019.0,0.033466715
6020.0,6020.0,0.8904372
6021.0,6021.0,0.0354758
6022.0,6022.0,0.072576225
6023.0,6023.0,0.76429516
6024.0,6024.0,0.3314612
6025.0,6025.0,0.095705315
6026.0,6026.0,4.0888193E-4
6027.0,6027.0,0.032189358
6028.0,6028.0,0.06761531
6029.0,6029.0,0.7344787
6030.0,6030.0,0.04689731
6031.0,6031.0,0.11713035
6032.0,6032.0,0.14534268
6033.0,6033.0,0.007267431
6034.0,6034.0,0.7757817
6035.0,6035.0,0.11173476
6036.0,6036.0,0.05760639
6037.0,6037.0,0.257208
6038.0,6038.0,0.35521176
6039.0,6039.0,0.09045823
6040.0,6040.0,0.40812275
6041.0,6041.0,0.37148553
6042.0,6042.0,0.14662176
6043.0,6043.0,0.204105
6044.0,6044.0,0.03296763
6045.0,6045.0,0.11997019
6046.0,6046.0,0.17375822
6047.0,6047.0,0.0039979424
6048.0,6048.0,0.7875684
6049.0,6049.0,0.09872753
6050.0,6050.0,0.116824254
6051.0,6051.0,0.045844406
6052.0,6052.0,0.120576255
6053.0,6053.0,0.0507252
6054.0,6054.0,0.004071121
6055.0,6055.0,0.029084496
6056.0,6056.0,0.013993881
6057.0,6057.0,0.22182879
6058.0,6058.0,0.5145698
6059.0,6059.0,0.14568473
6060.0,6060.0,0.064667776
6061.0,6061.0,0.14572784
6062.0,6062.0,8.88103E-5
6063.0,6063.0,9.152295E-4
6064.0,6064.0,0.21583082
6065.0,6065.0,0.0720018
6066.0,6066.0,0.48537093
6067.0,6067.0,0.14529558
6068.0,6068.0,0.008455827
6069.0,6069.0,0.05305268
6070.0,6070.0,0.04445707
6071.0,6071.0,0.75758326
6072.0,6072.0,0.28859004
6073.0,6073.0,0.046891697
6074.0,6074.0,0.38707724
6075.0,6075.0,0.44670314
6076.0,6076.0,0.12160234
6077.0,6077.0,0.028085051
6078.0,6078.0,0.112801075
6079.0,6079.0,0.13364221
6080.0,6080.0,2.6890737E-4
6081.0,6081.0,0.03757014
6082.0,6082.0,0.08203349
6083.0,6083.0,0.7272367
6084.0,6084.0,0.16478927
6085.0,6085.0,0.26204932
6086.0,6086.0,0.030408816
6087.0,6087.0,0.15634891
6088.0,6088.0,0.15010324
6089.0,6089.0,0.04145272
6090.0,6090.0,0.080578
6091.0,6091.0,0.091264665
6092.0,6092.0,0.8408092
6093.0,6093.0,0.31937397
6094.0,6094.0,0.116160266
6095.0,6095.0,0.25635278
6096.0,6096.0,0.0011063158
6097.0,6097.0,0.7400932
6098.0,6098.0,0.06718428
6099.0,6099.0,0.06864984
6100.0,6100.0,0.07497074
6101.0,6101.0,0.43808246
6102.0,6102.0,0.70817304
6103.0,6103.0,0.0836167
6104.0,6104.0,0.054796856
6105.0,6105.0,0.54243636
6106.0,6106.0,0.35872498
6107.0,6107.0,0.21725297
6108.0,6108.0,0.0016674317
6109.0,6109.0,0.05835127
6110.0,6110.0,0.5739766
6111.0,6111.0,0.29452744
6112.0,6112.0,8.212303E-4
6113.0,6113.0,0.13912876
6114.0,6114.0,0.0062040305
6115.0,6115.0,0.15421163
6116.0,6116.0,7.896968E-5
6117.0,6117.0,0.013535451
6118.0,6118.0,0.65172523
6119.0,6119.0,0.7171498
6120.0,6120.0,0.060491394
6121.0,6121.0,0.14339966
6122.0,6122.0,0.7348702
6123.0,6123.0,0.054852452
6124.0,6124.0,0.4701208
6125.0,6125.0,0.572339
6126.0,6126.0,0.026568519
6127.0,6127.0,0.492758
6128.0,6128.0,0.7325422
6129.0,6129.0,0.16211401
6130.0,6130.0,0.070694216
6131.0,6131.0,0.003314933
6132.0,6132.0,0.076401286
6133.0,6133.0,4.973878E-5
6134.0,6134.0,0.023095103
6135.0,6135.0,5.6365645E-4
6136.0,6136.0,0.13910359
6137.0,6137.0,0.6230547
6138.0,6138.0,0.056620877
6139.0,6139.0,0.051237777
6140.0,6140.0,0.015473365
6141.0,6141.0,8.206461E-4
6142.0,6142.0,0.08148635
6143.0,6143.0,0.034357097
6144.0,6144.0,0.0372892
6145.0,6145.0,0.14889759
6146.0,6146.0,0.11641499
6147.0,6147.0,0.075859815
6148.0,6148.0,0.02596144
6149.0,6149.0,0.06962055
6150.0,6150.0,0.78296053
6151.0,6151.0,0.0025662326
6152.0,6152.0,0.79681176
6153.0,6153.0,0.47283548
6154.0,6154.0,0.0033591038
6155.0,6155.0,0.024293615
6156.0,6156.0,0.16279809
6157.0,6157.0,0.0039516524
6158.0,6158.0,0.055922702
6159.0,6159.0,0.7527274
6160.0,6160.0,0.055674158
6161.0,6161.0,0.015743067
6162.0,6162.0,0.16545969
6163.0,6163.0,0.1891786
6164.0,6164.0,0.7597785
6165.0,6165.0,9.359547E-4
6166.0,6166.0,0.12300731
6167.0,6167.0,0.08208224
6168.0,6168.0,0.75462466
6169.0,6169.0,0.16703935
6170.0,6170.0,0.08527203
6171.0,6171.0,0.17759468
6172.0,6172.0,0.0022030643
6173.0,6173.0,0.7681672
6174.0,6174.0,3.4451965E-5
6175.0,6175.0,0.0035243416
6176.0,6176.0,0.052502893
6177.0,6177.0,0.03608927
6178.0,6178.0,0.077940576
6179.0,6179.0,0.08810592
6180.0,6180.0,0.0054845633
6181.0,6181.0,0.19819584
6182.0,6182.0,0.018936127
6183.0,6183.0,0.02575255
6184.0,6184.0,0.07247432
6185.0,6185.0,0.38775718
6186.0,6186.0,0.024889605
6187.0,6187.0,0.53168184
6188.0,6188.0,0.64855057
6189.0,6189.0,0.80496085
6190.0,6190.0,0.21552108
6191.0,6191.0,0.045009285
6192.0,6192.0,0.051957197
6193.0,6193.0,0.14860155
6194.0,6194.0,3.1217028E-4
6195.0,6195.0,0.121204354
6196.0,6196.0,0.04924167
6197.0,6197.0,0.16808483
6198.0,6198.0,0.73054844
6199.0,6199.0,0.1475483
6200.0,6200.0,0.020914206
6201.0,6201.0,0.031070147
6202.0,6202.0,0.296495
6203.0,6203.0,0.14855188
6204.0,6204.0,0.8008232
6205.0,6205.0,1.1202464E-4
6206.0,6206.0,0.0035480945
6207.0,6207.0,0.043120395
6208.0,6208.0,0.752945
6209.0,6209.0,0.109233975
6210.0,6210.0,0.68504554
6211.0,6211.0,0.7629676
6212.0,6212.0,0.37469736
6213.0,6213.0,0.033662472
6214.0,6214.0,0.36511493
6215.0,6215.0,0.7343833
6216.0,6216.0,0.07412462
6217.0,6217.0,0.07976539
6218.0,6218.0,0.049425635
6219.0,6219.0,0.4578681
6220.0,6220.0,0.03032279
6221.0,6221.0,0.06607287
6222.0,6222.0,0.69610876
6223.0,6223.0,0.29494375
6224.0,6224.0,0.5804092
6225.0,6225.0,0.43735516
6226.0,6226.0,0.0045735226
6227.0,6227.0,0.13514765
6228.0,6228.0,0.057555538
6229.0,6229.0,0.04162302
6230.0,6230.0,0.103419565
6231.0,6231.0,0.7805843
6232.0,6232.0,0.73345596
6233.0,6233.0,0.075322375
6234.0,6234.0,0.052962787
6235.0,6235.0,4.4173557E-5
6236.0,6236.0,0.021734478
6237.0,6237.0,0.83408934
6238.0,6238.0,0.108231604
6239.0,6239.0,0.15479212
6240.0,6240.0,0.0030696958
6241.0,6241.0,0.50085986
6242.0,6242.0,0.1133469
6243.0,6243.0,0.16402413
6244.0,6244.0,0.38570878
6245.0,6245.0,2.8480745E-5
6246.0,6246.0,0.3531747
6247.0,6247.0,0.28545997
6248.0,6248.0,0.0056381593
6249.0,6249.0,0.050191205
6250.0,6250.0,0.037760403
6251.0,6251.0,0.007451717
6252.0,6252.0,0.24354915
6253.0,6253.0,0.008149685
6254.0,6254.0,0.4526738
6255.0,6255.0,1.0792072E-4
6256.0,6256.0,0.060006734
6257.0,6257.0,0.05714973
6258.0,6258.0,0.3384091
6259.0,6259.0,0.01223523
6260.0,6260.0,0.07170982
6261.0,6261.0,0.028037004
6262.0,6262.0,9.101063E-5
6263.0,6263.0,0.012056366
6264.0,6264.0,0.043161683
6265.0,6265.0,0.7543911
6266.0,6266.0,0.0047359173
6267.0,6267.0,0.1311075
6268.0,6268.0,0.009996119
6269.0,6269.0,0.048435707
6270.0,6270.0,0.12490551
6271.0,6271.0,0.42950392
6272.0,6272.0,0.054443322
6273.0,6273.0,0.109225325
6274.0,6274.0,0.2514042
6275.0,6275.0,0.7580237
6276.0,6276.0,0.04112539
6277.0,6277.0,0.0035500054
6278.0,6278.0,0.08078112
6279.0,6279.0,0.79863536
6280.0,6280.0,0.082066596
6281.0,6281.0,0.03052781
6282.0,6282.0,0.07719636
6283.0,6283.0,0.029340135
6284.0,6284.0,0.0032628048
6285.0,6285.0,0.09368601
6286.0,6286.0,0.3259537
6287.0,6287.0,0.084677644
6288.0,6288.0,0.008126086
6289.0,6289.0,0.3330149
6290.0,6290.0,0.016536206
6291.0,6291.0,0.30985448
6292.0,6292.0,0.0146534415
6293.0,6293.0,0.77394557
6294.0,6294.0,0.06655569
6295.0,6295.0,0.28264907
6296.0,6296.0,0.045642536
6297.0,6297.0,0.7550471
6298.0,6298.0,0.04003346
6299.0,6299.0,0.11804642
6300.0,6300.0,0.6662492
6301.0,6301.0,0.03678208
6302.0,6302.0,0.03320955
6303.0,6303.0,0.14332558
6304.0,6304.0,0.029194865
6305.0,6305.0,0.49864024
6306.0,6306.0,0.16937923
6307.0,6307.0,0.464017
6308.0,6308.0,0.10362136
6309.0,6309.0,0.027669199
6310.0,6310.0,1.461084E-4
6311.0,6311.0,0.057811245
6312.0,6312.0,0.010027041
6313.0,6313.0,0.5213267
6314.0,6314.0,0.06768028
6315.0,6315.0,0.17254886
6316.0,6316.0,0.038447328
6317.0,6317.0,0.092599824
6318.0,6318.0,0.059209343
6319.0,6319.0,0.008950109
6320.0,6320.0,0.7276903
6321.0,6321.0,0.04681714
6322.0,6322.0,0.0064012245
6323.0,6323.0,9.812328E-4
6324.0,6324.0,0.036411427
6325.0,6325.0,0.23871772
6326.0,6326.0,1.4007621E-4
6327.0,6327.0,0.11553347
6328.0,6328.0,0.78443
6329.0,6329.0,0.04121101
6330.0,6330.0,0.122267075
6331.0,6331.0,0.10291298
6332.0,6332.0,0.026380189
6333.0,6333.0,0.7447834
6334.0,6334.0,0.022042207
6335.0,6335.0,0.0027237127
6336.0,6336.0,0.420512
6337.0,6337.0,0.2731438
6338.0,6338.0,0.0360101
6339.0,6339.0,0.032768134
6340.0,6340.0,0.03848072
6341.0,6341.0,0.06380883
6342.0,6342.0,0.023440298
6343.0,6343.0,0.7943286
6344.0,6344.0,0.07859563
6345.0,6345.0,0.7447614
6346.0,6346.0,0.7816213
6347.0,6347.0,1.0785543E-4
6348.0,6348.0,0.732228
6349.0,6349.0,0.08972444
6350.0,6350.0,0.7705453
6351.0,6351.0,0.09999079
6352.0,6352.0,0.04729338
6353.0,6353.0,0.053744677
6354.0,6354.0,0.8470447
6355.0,6355.0,0.14804016
6356.0,6356.0,0.39426857
6357.0,6357.0,0.004592611
6358.0,6358.0,0.15853336
6359.0,6359.0,0.053353034
6360.0,6360.0,0.064328454
6361.0,6361.0,0.027117446
6362.0,6362.0,0.067054495
6363.0,6363.0,0.083080515
6364.0,6364.0,6.601893E-4
6365.0,6365.0,0.05921965
6366.0,6366.0,0.40322307
6367.0,6367.0,0.7117554
6368.0,6368.0,0.021348588
6369.0,6369.0,0.042496264
6370.0,6370.0,0.07557303
6371.0,6371.0,0.74607193
6372.0,6372.0,0.08701299
6373.0,6373.0,0.046950486
6374.0,6374.0,0.006001954
6375.0,6375.0,7.287916E-5
6376.0,6376.0,0.039001957
6377.0,6377.0,0.3112223
6378.0,6378.0,0.63439155
6379.0,6379.0,0.06067098
6380.0,6380.0,0.048607748
6381.0,6381.0,0.41338187
6382.0,6382.0,0.43316677
6383.0,6383.0,0.3175626
6384.0,6384.0,0.0032228637
6385.0,6385.0,0.0036691006
6386.0,6386.0,0.1378287
6387.0,6387.0,0.0015634018
6388.0,6388.0,0.052188594
6389.0,6389.0,0.067072354
6390.0,6390.0,0.14175768
6391.0,6391.0,0.247437
6392.0,6392.0,0.2696048
6393.0,6393.0,0.0685114
6394.0,6394.0,0.066988245
6395.0,6395.0,0.11725314
6396.0,6396.0,0.454484
6397.0,6397.0,1.416413E-4
6398.0,6398.0,0.05491583
6399.0,6399.0,4.0933356E-4
6400.0,6400.0,0.03564511
6401.0,6401.0,1.3982331E-4
6402.0,6402.0,0.12350065
6403.0,6403.0,0.13236073
6404.0,6404.0,1.861555E-5
6405.0,6405.0,0.05275689
6406.0,6406.0,0.22370978
6407.0,6407.0,0.6995295
6408.0,6408.0,0.3112553
6409.0,6409.0,0.7619029
6410.0,6410.0,0.0011107493
6411.0,6411.0,0.011480211
6412.0,6412.0,0.0720993
6413.0,6413.0,0.4458056
6414.0,6414.0,0.7149008
6415.0,6415.0,0.55014014
6416.0,6416.0,0.07484141
6417.0,6417.0,0.038424417
6418.0,6418.0,0.0125200935
6419.0,6419.0,0.60984844
6420.0,6420.0,8.855009E-4
6421.0,6421.0,0.6202919
6422.0,6422.0,0.22545175
6423.0,6423.0,0.04066481
6424.0,6424.0,0.11469352
6425.0,6425.0,0.04024518
6426.0,6426.0,0.5356848
6427.0,6427.0,0.0045508826
6428.0,6428.0,0.3182819
6429.0,6429.0,0.44496456
6430.0,6430.0,0.09310912
6431.0,6431.0,0.09975539
6432.0,6432.0,0.038729332
6433.0,6433.0,0.4470375
6434.0,6434.0,0.739427
6435.0,6435.0,0.10984629
6436.0,6436.0,0.06498808
6437.0,6437.0,0.7394888
6438.0,6438.0,0.80619735
6439.0,6439.0,0.096473075
6440.0,6440.0,0.75094914
6441.0,6441.0,0.54405755
6442.0,6442.0,0.101731606
6443.0,6443.0,0.17039977
6444.0,6444.0,0.022146253
6445.0,6445.0,0.021586807
6446.0,6446.0,0.03389417
6447.0,6447.0,0.022920812
6448.0,6448.0,0.71432406
6449.0,6449.0,1.3998215E-4
6450.0,6450.0,0.8134905
6451.0,6451.0,0.008803961
6452.0,6452.0,0.71019596
6453.0,6453.0,0.10925811
6454.0,6454.0,3.835467E-5
6455.0,6455.0,5.999667E-4
6456.0,6456.0,0.3133045
6457.0,6457.0,0.5987047
6458.0,6458.0,0.051258363
6459.0,6459.0,0.7570868
6460.0,6460.0,0.12810145
6461.0,6461.0,0.20486814
6462.0,6462.0,0.0978997
6463.0,6463.0,2.3869705E-5
6464.0,6464.0,0.0011204965
6465.0,6465.0,0.42446372
6466.0,6466.0,0.089736775
6467.0,6467.0,3.18107E-5
6468.0,6468.0,0.068265215
6469.0,6469.0,0.080410294
6470.0,6470.0,0.10898094
6471.0,6471.0,0.71084756
6472.0,6472.0,0.16409482
6473.0,6473.0,0.6235443
6474.0,6474.0,0.068660624
6475.0,6475.0,0.060596034
6476.0,6476.0,0.7628365
6477.0,6477.0,0.62543607
6478.0,6478.0,0.04023498
6479.0,6479.0,0.01037924
6480.0,6480.0,0.12886879
6481.0,6481.0,0.84253484
6482.0,6482.0,0.7765454
6483.0,6483.0,3.1297088E-5
6484.0,6484.0,0.19626674
6485.0,6485.0,0.13233809
6486.0,6486.0,0.059565086
6487.0,6487.0,0.21219859
6488.0,6488.0,0.040559236
6489.0,6489.0,0.06226395
6490.0,6490.0,0.22428103
6491.0,6491.0,0.7624104
6492.0,6492.0,0.043881636
6493.0,6493.0,0.022242943
6494.0,6494.0,0.12927456
6495.0,6495.0,0.18608142
6496.0,6496.0,0.06254769
6497.0,6497.0,0.11121842
6498.0,6498.0,0.71327347
6499.0,6499.0,0.093628295
6500.0,6500.0,0.040358834
6501.0,6501.0,0.023037134
6502.0,6502.0,0.48945516
6503.0,6503.0,0.17445868
6504.0,6504.0,0.087860376
6505.0,6505.0,0.0011022416
6506.0,6506.0,0.8002921
6507.0,6507.0,0.0226963
6508.0,6508.0,0.05438755
6509.0,6509.0,0.197673
6510.0,6510.0,0.0068567935
6511.0,6511.0,0.007953998
6512.0,6512.0,0.035130415
6513.0,6513.0,0.16328792
6514.0,6514.0,0.0589965
6515.0,6515.0,0.3598231
6516.0,6516.0,0.009667534
6517.0,6517.0,0.05571612
6518.0,6518.0,0.7702403
6519.0,6519.0,1.0400914E-4
6520.0,6520.0,8.1550283E-4
6521.0,6521.0,0.104439914
6522.0,6522.0,0.013828477
6523.0,6523.0,0.18645912
6524.0,6524.0,0.026192576
6525.0,6525.0,0.17346293
6526.0,6526.0,0.5436097
6527.0,6527.0,0.1318306
6528.0,6528.0,0.5927935
6529.0,6529.0,0.16094883
6530.0,6530.0,0.14706364
6531.0,6531.0,0.083412655
6532.0,6532.0,0.05345933
6533.0,6533.0,0.51113534
6534.0,6534.0,0.07882883
6535.0,6535.0,0.0059262905
6536.0,6536.0,0.028782332
6537.0,6537.0,0.117455006
6538.0,6538.0,0.6423166
6539.0,6539.0,0.07850374
6540.0,6540.0,0.25985333
6541.0,6541.0,0.69837856
6542.0,6542.0,0.011120822
6543.0,6543.0,0.08301336
6544.0,6544.0,7.541187E-4
6545.0,6545.0,0.0016244848
6546.0,6546.0,0.81379575
6547.0,6547.0,0.055028245
6548.0,6548.0,0.05949319
6549.0,6549.0,0.08957132
6550.0,6550.0,0.7007284
6551.0,6551.0,0.100360766
6552.0,6552.0,0.37816465
6553.0,6553.0,0.26880613
6554.0,6554.0,0.3759261
6555.0,6555.0,0.7178274
6556.0,6556.0,0.12398528
6557.0,6557.0,0.75583094
6558.0,6558.0,0.03215737
6559.0,6559.0,0.7140733
6560.0,6560.0,0.0014805095
6561.0,6561.0,0.035254277
6562.0,6562.0,0.11817865
6563.0,6563.0,0.21888886
6564.0,6564.0,0.0018480871
6565.0,6565.0,0.38128915
6566.0,6566.0,0.14947578
6567.0,6567.0,0.1487637
6568.0,6568.0,0.6971672
6569.0,6569.0,0.7815239
6570.0,6570.0,0.09943037
6571.0,6571.0,0.108454525
6572.0,6572.0,0.13025545
6573.0,6573.0,0.6873385
6574.0,6574.0,0.034980915
6575.0,6575.0,0.53534824
6576.0,6576.0,0.09083472
6577.0,6577.0,0.7884061
6578.0,6578.0,0.07828575
6579.0,6579.0,0.060632188
6580.0,6580.0,0.2032269
6581.0,6581.0,0.47200003
6582.0,6582.0,0.008763474
6583.0,6583.0,0.020059848
6584.0,6584.0,0.31731144
6585.0,6585.0,0.7734663
6586.0,6586.0,0.1457035
6587.0,6587.0,3.8277276E-4
6588.0,6588.0,0.054477904
6589.0,6589.0,8.595555E-4
6590.0,6590.0,0.07191977
6591.0,6591.0,0.7385689
6592.0,6592.0,0.04339828
6593.0,6593.0,0.3059459
6594.0,6594.0,0.17619754
6595.0,6595.0,0.19950566
6596.0,6596.0,0.12395189
6597.0,6597.0,0.075810105
6598.0,6598.0,0.08615525
6599.0,6599.0,0.12372086
6600.0,6600.0,4.624104E-5
6601.0,6601.0,0.3198872
6602.0,6602.0,0.026742766
6603.0,6603.0,0.1871633
6604.0,6604.0,0.1282452
6605.0,6605.0,0.07696572
6606.0,6606.0,0.61196786
6607.0,6607.0,0.025697546
6608.0,6608.0,4.541081E-5
6609.0,6609.0,0.081885375
6610.0,6610.0,0.07927597
6611.0,6611.0,0.18599333
6612.0,6612.0,4.1156306E-4
6613.0,6613.0,0.13549659
6614.0,6614.0,0.049274854
6615.0,6615.0,0.4089554
6616.0,6616.0,6.810685E-5
6617.0,6617.0,0.2201561
6618.0,6618.0,0.013193215
6619.0,6619.0,0.08734939
6620.0,6620.0,0.044531003
6621.0,6621.0,0.55158544
6622.0,6622.0,0.14615427
6623.0,6623.0,0.7082484
6624.0,6624.0,0.028281214
6625.0,6625.0,0.16525726
6626.0,6626.0,0.04502805
6627.0,6627.0,0.13349141
6628.0,6628.0,0.13456318
6629.0,6629.0,0.18239693
6630.0,6630.0,0.1747507
6631.0,6631.0,0.09778104
6632.0,6632.0,0.33172193
6633.0,6633.0,0.021369979
6634.0,6634.0,0.27751052
6635.0,6635.0,0.050833613
6636.0,6636.0,0.7478425
6637.0,6637.0,1.0806297E-4
6638.0,6638.0,0.44557717
6639.0,6639.0,0.28796154
6640.0,6640.0,0.08307757
6641.0,6641.0,0.021037897
6642.0,6642.0,0.71979713
6643.0,6643.0,0.472684
6644.0,6644.0,0.12258892
6645.0,6645.0,0.08818422
6646.0,6646.0,0.17441756
6647.0,6647.0,4.95853E-5
6648.0,6648.0,6.0716462E-5
6649.0,6649.0,0.060464416
6650.0,6650.0,0.35943916
6651.0,6651.0,0.12159561
6652.0,6652.0,0.2704685
6653.0,6653.0,1.8034535E-4
6654.0,6654.0,0.7830183
6655.0,6655.0,0.7895828
6656.0,6656.0,0.015194541
6657.0,6657.0,0.02289454
6658.0,6658.0,0.007963555
6659.0,6659.0,0.0057752705
6660.0,6660.0,0.78405017
6661.0,6661.0,0.008135463
6662.0,6662.0,0.112480864
6663.0,6663.0,0.76002955
6664.0,6664.0,0.060479626
6665.0,6665.0,0.05264033
6666.0,6666.0,0.7690591
6667.0,6667.0,0.75536203
6668.0,6668.0,0.08711928
6669.0,6669.0,0.034105107
6670.0,6670.0,0.0066966238
6671.0,6671.0,0.029429791
6672.0,6672.0,0.004618735
6673.0,6673.0,0.35709608
6674.0,6674.0,0.004669113
6675.0,6675.0,0.023038277
6676.0,6676.0,0.761167
6677.0,6677.0,0.009530123
6678.0,6678.0,0.04410067
6679.0,6679.0,0.028209347
6680.0,6680.0,0.06951873
6681.0,6681.0,0.06382593
6682.0,6682.0,0.011629954
6683.0,6683.0,0.20476103
6684.0,6684.0,0.07536421
6685.0,6685.0,0.3366113
6686.0,6686.0,0.16925554
6687.0,6687.0,0.2034031
6688.0,6688.0,0.42704773
6689.0,6689.0,0.030886764
6690.0,6690.0,0.053378526
6691.0,6691.0,0.025356475
6692.0,6692.0,0.038747195
6693.0,6693.0,0.0024573263
6694.0,6694.0,0.07264777
6695.0,6695.0,0.020053536
6696.0,6696.0,0.09725457
6697.0,6697.0,0.22953635
6698.0,6698.0,0.30433324
6699.0,6699.0,0.13755439
6700.0,6700.0,0.050224356
6701.0,6701.0,0.101765074
6702.0,6702.0,0.5347181
6703.0,6703.0,0.006784426
6704.0,6704.0,0.18113858
6705.0,6705.0,0.27582097
6706.0,6706.0,0.21462099
6707.0,6707.0,0.0072603133
6708.0,6708.0,0.025476402
6709.0,6709.0,0.77054024
6710.0,6710.0,0.08452214
6711.0,6711.0,0.03271797
6712.0,6712.0,0.3415711
6713.0,6713.0,0.107297994
6714.0,6714.0,0.0018946324
6715.0,6715.0,0.023610232
6716.0,6716.0,0.26989
6717.0,6717.0,0.11013529
6718.0,6718.0,0.16788374
6719.0,6719.0,0.8029524
6720.0,6720.0,4.279412E-5
6721.0,6721.0,0.052756235
6722.0,6722.0,0.16957454
6723.0,6723.0,0.09620728
6724.0,6724.0,0.002149792
6725.0,6725.0,0.39142635
6726.0,6726.0,0.22795969
6727.0,6727.0,0.06842352
6728.0,6728.0,0.026109189
6729.0,6729.0,0.0011423177
6730.0,6730.0,0.09672133
6731.0,6731.0,0.801071
6732.0,6732.0,0.046432823
6733.0,6733.0,0.09900957
6734.0,6734.0,0.046402916
6735.0,6735.0,0.010725606
6736.0,6736.0,0.06880786
6737.0,6737.0,0.09066228
6738.0,6738.0,0.28219938
6739.0,6739.0,0.0231357
6740.0,6740.0,0.30119514
6741.0,6741.0,0.023078308
6742.0,6742.0,0.17901647
6743.0,6743.0,0.76568985
6744.0,6744.0,0.701623
6745.0,6745.0,0.0041061016
6746.0,6746.0,0.034888577
6747.0,6747.0,0.15600072
6748.0,6748.0,0.11936641
6749.0,6749.0,0.109588765
6750.0,6750.0,0.19364563
6751.0,6751.0,2.4599797E-4
6752.0,6752.0,0.5022068
6753.0,6753.0,0.030437948
6754.0,6754.0,0.094739534
6755.0,6755.0,0.14520268
6756.0,6756.0,0.5488147
6757.0,6757.0,0.7535015
6758.0,6758.0,0.21342282
6759.0,6759.0,0.016222158
6760.0,6760.0,0.08096754
6761.0,6761.0,0.034617845
6762.0,6762.0,0.07313646
6763.0,6763.0,0.013484458
6764.0,6764.0,0.31032774
6765.0,6765.0,0.71361387
6766.0,6766.0,0.4013811
6767.0,6767.0,0.07289904
6768.0,6768.0,8.94805E-5
6769.0,6769.0,0.21675092
6770.0,6770.0,7.136674E-4
6771.0,6771.0,0.16686402
6772.0,6772.0,0.07735973
6773.0,6773.0,0.1016122
6774.0,6774.0,0.09626208
6775.0,6775.0,0.039610196
6776.0,6776.0,0.45828068
6777.0,6777.0,0.07845496
6778.0,6778.0,0.7646868
6779.0,6779.0,0.050342806
6780.0,6780.0,0.036854375
6781.0,6781.0,0.07136814
6782.0,6782.0,0.0397237
6783.0,6783.0,0.76712286
6784.0,6784.0,0.051688682
6785.0,6785.0,0.72369885
6786.0,6786.0,0.06215216
6787.0,6787.0,0.63112295
6788.0,6788.0,0.24664173
6789.0,6789.0,9.356838E-5
6790.0,6790.0,0.06856882
6791.0,6791.0,0.27883077
6792.0,6792.0,1.3397895E-4
6793.0,6793.0,0.32820067
6794.0,6794.0,7.481153E-5
6795.0,6795.0,0.089284666
6796.0,6796.0,0.40857157
6797.0,6797.0,0.25194559
6798.0,6798.0,0.1406202
6799.0,6799.0,0.04836478
6800.0,6800.0,0.03282061
6801.0,6801.0,0.009422268
6802.0,6802.0,0.07216679
6803.0,6803.0,0.020032713
6804.0,6804.0,0.8201842
6805.0,6805.0,6.117096E-4
6806.0,6806.0,0.7024749
6807.0,6807.0,0.73825854
6808.0,6808.0,0.037311587
6809.0,6809.0,0.11240627
6810.0,6810.0,0.767357
6811.0,6811.0,0.06530914
6812.0,6812.0,0.082036175
6813.0,6813.0,0.08926093
6814.0,6814.0,0.019500364
6815.0,6815.0,0.05951136
6816.0,6816.0,0.1182224
6817.0,6817.0,0.045201108
6818.0,6818.0,0.69939005
6819.0,6819.0,0.079965144
6820.0,6820.0,0.061510503
6821.0,6821.0,0.18666746
6822.0,6822.0,3.826145E-4
6823.0,6823.0,0.0013579645
6824.0,6824.0,0.018965248
6825.0,6825.0,0.037499677
6826.0,6826.0,0.096567854
6827.0,6827.0,0.77616125
6828.0,6828.0,0.364185
6829.0,6829.0,0.05061434
6830.0,6830.0,0.14759128
6831.0,6831.0,0.69388527
6832.0,6832.0,0.53703475
6833.0,6833.0,0.21655932
6834.0,6834.0,0.05768285
6835.0,6835.0,0.24466679
6836.0,6836.0,0.24465954
6837.0,6837.0,0.044885386
6838.0,6838.0,0.014720481
6839.0,6839.0,0.07493383
6840.0,6840.0,0.027923696
6841.0,6841.0,0.1683793
6842.0,6842.0,0.095566384
6843.0,6843.0,1.7274487E-4
6844.0,6844.0,0.077711195
6845.0,6845.0,0.27765694
6846.0,6846.0,0.5653462
6847.0,6847.0,0.10360716
6848.0,6848.0,0.20835812
6849.0,6849.0,0.06877044
6850.0,6850.0,0.08674582
6851.0,6851.0,1.12962094E-4
6852.0,6852.0,0.02957348
6853.0,6853.0,0.6674458
6854.0,6854.0,0.03998134
6855.0,6855.0,1.3743395E-4
6856.0,6856.0,0.10880136
6857.0,6857.0,0.1125406
6858.0,6858.0,0.028495103
6859.0,6859.0,0.0599861
6860.0,6860.0,0.10241759
6861.0,6861.0,0.10284893
6862.0,6862.0,0.03878705
6863.0,6863.0,5.921266E-4
6864.0,6864.0,0.72926986
6865.0,6865.0,0.11126112
6866.0,6866.0,0.7246091
6867.0,6867.0,0.17836195
6868.0,6868.0,0.111348026
6869.0,6869.0,0.2905551
6870.0,6870.0,0.21708569
6871.0,6871.0,0.72577274
6872.0,6872.0,0.69435006
6873.0,6873.0,0.022135934
6874.0,6874.0,0.08902602
6875.0,6875.0,0.02978255
6876.0,6876.0,0.2470477
6877.0,6877.0,0.2788138
6878.0,6878.0,0.028688755
6879.0,6879.0,0.7798296
6880.0,6880.0,0.10951921
6881.0,6881.0,0.011491586
6882.0,6882.0,0.08852823
6883.0,6883.0,0.16751553
6884.0,6884.0,0.27346888
6885.0,6885.0,0.007076078
6886.0,6886.0,0.10469029
6887.0,6887.0,0.20930773
6888.0,6888.0,0.057812598
6889.0,6889.0,0.085226096
6890.0,6890.0,0.16425683
6891.0,6891.0,0.6998033
6892.0,6892.0,0.679054
6893.0,6893.0,0.15425567
6894.0,6894.0,3.631014E-4
6895.0,6895.0,0.060177516
6896.0,6896.0,0.6830521
6897.0,6897.0,0.04134129
6898.0,6898.0,4.1238123E-4
6899.0,6899.0,0.26155296
6900.0,6900.0,0.3222139
6901.0,6901.0,0.7812704
6902.0,6902.0,0.032010946
6903.0,6903.0,0.5678236
6904.0,6904.0,0.41561893
6905.0,6905.0,0.12840118
6906.0,6906.0,0.8011265
6907.0,6907.0,0.48616776
6908.0,6908.0,0.27348265
6909.0,6909.0,0.14728068
6910.0,6910.0,0.17726085
6911.0,6911.0,0.45345432
6912.0,6912.0,0.3267043
6913.0,6913.0,0.23231217
6914.0,6914.0,0.45524508
6915.0,6915.0,6.6448956E-5
6916.0,6916.0,0.0010484918
6917.0,6917.0,0.7053389
6918.0,6918.0,3.1000345E-5
6919.0,6919.0,0.12528251
6920.0,6920.0,0.40174875
6921.0,6921.0,0.36581337
6922.0,6922.0,6.199894E-4
6923.0,6923.0,0.0063312277
6924.0,6924.0,0.7613269
6925.0,6925.0,0.07472725
6926.0,6926.0,0.049433142
6927.0,6927.0,0.11914036
6928.0,6928.0,6.9294845E-5
6929.0,6929.0,0.075979315
6930.0,6930.0,0.0031069303
6931.0,6931.0,0.27853808
6932.0,6932.0,0.59436613
6933.0,6933.0,0.15478884
6934.0,6934.0,0.006836472
6935.0,6935.0,0.12679692
6936.0,6936.0,0.9087285
6937.0,6937.0,0.19506975
6938.0,6938.0,0.030176764
6939.0,6939.0,0.1325666
6940.0,6940.0,1.908351E-4
6941.0,6941.0,0.39540887
6942.0,6942.0,0.114496954
6943.0,6943.0,0.1247324
6944.0,6944.0,0.11856575
6945.0,6945.0,0.021389188
6946.0,6946.0,1.7007442E-5
6947.0,6947.0,0.74194705
6948.0,6948.0,0.06568851
6949.0,6949.0,7.68453E-4
6950.0,6950.0,0.6421163
6951.0,6951.0,0.053290598
6952.0,6952.0,0.049380284
6953.0,6953.0,0.018697686
6954.0,6954.0,0.11309895
6955.0,6955.0,0.0879369
6956.0,6956.0,0.023692228
6957.0,6957.0,0.30398273
6958.0,6958.0,3.2929436E-4
6959.0,6959.0,0.821132
6960.0,6960.0,0.5258293
6961.0,6961.0,0.17871723
6962.0,6962.0,0.15943779
6963.0,6963.0,0.41267368
6964.0,6964.0,0.091088556
6965.0,6965.0,0.13488585
6966.0,6966.0,0.07077561
6967.0,6967.0,0.05860957
6968.0,6968.0,0.3569854
6969.0,6969.0,0.10471641
6970.0,6970.0,0.04990051
6971.0,6971.0,0.1579469
6972.0,6972.0,0.15990411
6973.0,6973.0,0.15507938
6974.0,6974.0,0.03443761
6975.0,6975.0,0.007935882
6976.0,6976.0,0.04662765
6977.0,6977.0,0.055771094
6978.0,6978.0,0.13357536
6979.0,6979.0,1.2297262E-4
6980.0,6980.0,0.25599092
6981.0,6981.0,0.7933045
6982.0,6982.0,0.13877153
6983.0,6983.0,0.06272224
6984.0,6984.0,0.030330084
6985.0,6985.0,0.0024670344
6986.0,6986.0,0.29097152
6987.0,6987.0,0.21086133
6988.0,6988.0,0.020387726
6989.0,6989.0,0.6252569
6990.0,6990.0,0.5079878
6991.0,6991.0,0.76764625
6992.0,6992.0,0.053641547
6993.0,6993.0,0.0437827
6994.0,6994.0,0.15307269
6995.0,6995.0,0.0076238317
6996.0,6996.0,0.021360412
6997.0,6997.0,0.023052199
6998.0,6998.0,0.04834932
6999.0,6999.0,0.5747066
7000.0,7000.0,0.15868379
7001.0,7001.0,0.124131955
7002.0,7002.0,0.59950054
7003.0,7003.0,0.13463059
7004.0,7004.0,0.077260084
7005.0,7005.0,0.123216644
7006.0,7006.0,8.9549005E-4
7007.0,7007.0,0.36619762
7008.0,7008.0,0.4830276
7009.0,7009.0,0.051923655
7010.0,7010.0,0.046783235
7011.0,7011.0,6.420155E-4
7012.0,7012.0,0.02798712
7013.0,7013.0,0.19162194
7014.0,7014.0,0.017794374
7015.0,7015.0,0.07974011
7016.0,7016.0,0.7159973
7017.0,7017.0,0.14215119
7018.0,7018.0,0.0018140486
7019.0,7019.0,0.13725285
7020.0,7020.0,0.7250691
7021.0,7021.0,0.053109296
7022.0,7022.0,0.037511453
7023.0,7023.0,0.0332052
7024.0,7024.0,0.12074255
7025.0,7025.0,0.19582449
7026.0,7026.0,0.099648155
7027.0,7027.0,0.099781245
7028.0,7028.0,0.34043416
7029.0,7029.0,0.010409769
7030.0,7030.0,0.1520739
7031.0,7031.0,0.03697134
7032.0,7032.0,0.05075716
7033.0,7033.0,0.17128961
7034.0,7034.0,1.13045506E-4
7035.0,7035.0,0.23824522
7036.0,7036.0,0.008826301
7037.0,7037.0,0.022971451
7038.0,7038.0,0.0037191613
7039.0,7039.0,0.75503963
7040.0,7040.0,0.029612677
7041.0,7041.0,0.8140917
7042.0,7042.0,0.6739701
7043.0,7043.0,0.1480408
7044.0,7044.0,0.19685555
7045.0,7045.0,0.042647474
7046.0,7046.0,0.047797047
7047.0,7047.0,0.017837629
7048.0,7048.0,0.29778022
7049.0,7049.0,0.29798365
7050.0,7050.0,0.031775642
7051.0,7051.0,0.3822579
7052.0,7052.0,0.76353526
7053.0,7053.0,0.032242272
7054.0,7054.0,0.07170652
7055.0,7055.0,0.104685165
7056.0,7056.0,0.09848637
7057.0,7057.0,0.19948284
7058.0,7058.0,0.20346224
7059.0,7059.0,0.085623756
7060.0,7060.0,0.3743247
7061.0,7061.0,3.5976092E-5
7062.0,7062.0,0.108823024
7063.0,7063.0,0.35022402
7064.0,7064.0,0.11235796
7065.0,7065.0,0.018117229
7066.0,7066.0,0.15511408
7067.0,7067.0,0.0245302
7068.0,7068.0,0.13446039
7069.0,7069.0,0.048146356
7070.0,7070.0,0.73170555
7071.0,7071.0,0.040523224
7072.0,7072.0,0.50244075
7073.0,7073.0,0.7694232
7074.0,7074.0,0.08816661
7075.0,7075.0,1.6573828E-4
7076.0,7076.0,1.7105871E-4
7077.0,7077.0,0.039208855
7078.0,7078.0,0.0641985
7079.0,7079.0,0.79184484
7080.0,7080.0,0.09857761
7081.0,7081.0,0.056165356
7082.0,7082.0,0.12488829
7083.0,7083.0,0.10038902
7084.0,7084.0,0.2851613
7085.0,7085.0,0.03884218
7086.0,7086.0,1.5064067E-5
7087.0,7087.0,1.6943839E-5
7088.0,7088.0,0.062354207
7089.0,7089.0,0.7960343
7090.0,7090.0,0.32924125
7091.0,7091.0,0.057887867
7092.0,7092.0,0.020028537
7093.0,7093.0,0.6059023
7094.0,7094.0,0.18749928
7095.0,7095.0,0.22904819
7096.0,7096.0,0.6997
7097.0,7097.0,0.3920472
7098.0,7098.0,0.04087534
7099.0,7099.0,0.00618085
7100.0,7100.0,0.038917877
7101.0,7101.0,0.038614545
7102.0,7102.0,0.10584191
7103.0,7103.0,6.440105E-5
7104.0,7104.0,0.2151973
7105.0,7105.0,0.020847017
7106.0,7106.0,3.0038313E-5
7107.0,7107.0,0.19375925
7108.0,7108.0,0.56152403
7109.0,7109.0,0.7369686
7110.0,7110.0,0.17654863
7111.0,7111.0,0.021619143
7112.0,7112.0,0.12208976
7113.0,7113.0,0.1663698
7114.0,7114.0,0.07901204
7115.0,7115.0,0.0016020847
7116.0,7116.0,0.057165198
7117.0,7117.0,0.5575622
7118.0,7118.0,0.00132128
7119.0,7119.0,0.5798655
7120.0,7120.0,0.005660279
7121.0,7121.0,0.19057684
7122.0,7122.0,0.17157277
7123.0,7123.0,0.015094439
7124.0,7124.0,0.26208848
7125.0,7125.0,0.03796549
7126.0,7126.0,1.02477614E-4
7127.0,7127.0,0.087070346
7128.0,7128.0,0.031537507
7129.0,7129.0,0.006051009
7130.0,7130.0,0.06688146
7131.0,7131.0,0.11765252
7132.0,7132.0,0.033892944
7133.0,7133.0,0.17120019
7134.0,7134.0,0.099261746
7135.0,7135.0,7.183655E-5
7136.0,7136.0,0.12587683
7137.0,7137.0,0.12754089
7138.0,7138.0,0.0026487776
7139.0,7139.0,0.058970362
7140.0,7140.0,0.12388319
7141.0,7141.0,0.072142504
7142.0,7142.0,0.69508874
7143.0,7143.0,0.11003808
7144.0,7144.0,0.15111418
7145.0,7145.0,0.2601495
7146.0,7146.0,4.085086E-4
7147.0,7147.0,0.10433979
7148.0,7148.0,0.3274322
7149.0,7149.0,0.052445173
7150.0,7150.0,0.014716611
7151.0,7151.0,0.106241405
7152.0,7152.0,0.79943055
7153.0,7153.0,3.9461852E-4
7154.0,7154.0,0.23005678
7155.0,7155.0,0.045953013
7156.0,7156.0,0.018087992
7157.0,7157.0,0.33506587
7158.0,7158.0,0.06278222
7159.0,7159.0,0.6859901
7160.0,7160.0,0.58736646
7161.0,7161.0,0.0017057055
7162.0,7162.0,0.1305459
7163.0,7163.0,0.45739546
7164.0,7164.0,0.14823903
7165.0,7165.0,0.07094369
7166.0,7166.0,0.077089086
7167.0,7167.0,0.06598286
7168.0,7168.0,0.0601459
7169.0,7169.0,0.5667562
7170.0,7170.0,0.004187935
7171.0,7171.0,0.11147712
7172.0,7172.0,0.031842444
7173.0,7173.0,0.09026732
7174.0,7174.0,0.10662819
7175.0,7175.0,0.021994743
7176.0,7176.0,0.03618467
7177.0,7177.0,0.12889819
7178.0,7178.0,0.03286164
7179.0,7179.0,0.3665734
7180.0,7180.0,0.012177427
7181.0,7181.0,0.053175032
7182.0,7182.0,0.7214697
7183.0,7183.0,0.11352039
7184.0,7184.0,0.13347201
7185.0,7185.0,0.031273358
7186.0,7186.0,0.23457326
7187.0,7187.0,0.087602705
7188.0,7188.0,0.20662911
7189.0,7189.0,0.020190667
7190.0,7190.0,0.071998306
7191.0,7191.0,0.020386178
7192.0,7192.0,0.83525145
7193.0,7193.0,0.6872957
7194.0,7194.0,0.6706931
7195.0,7195.0,0.1336398
7196.0,7196.0,7.063755E-5
7197.0,7197.0,0.039789755
7198.0,7198.0,0.20699179
7199.0,7199.0,0.24419199
7200.0,7200.0,0.059338987
7201.0,7201.0,0.031381905
7202.0,7202.0,0.14719246
7203.0,7203.0,0.5177291
7204.0,7204.0,0.009695717
7205.0,7205.0,0.1251351
7206.0,7206.0,0.06874511
7207.0,7207.0,0.72066087
7208.0,7208.0,0.024298891
7209.0,7209.0,0.0012172608
7210.0,7210.0,0.6569417
7211.0,7211.0,3.331468E-5
7212.0,7212.0,0.0013091585
7213.0,7213.0,0.0024834734
7214.0,7214.0,0.014380922
7215.0,7215.0,0.7857405
7216.0,7216.0,0.0753713
7217.0,7217.0,0.104090124
7218.0,7218.0,0.039956354
7219.0,7219.0,1.8470622E-4
7220.0,7220.0,0.03770461
7221.0,7221.0,0.06287764
7222.0,7222.0,0.7296672
7223.0,7223.0,0.73258436
7224.0,7224.0,0.07031076
7225.0,7225.0,0.018302113
7226.0,7226.0,0.041868474
7227.0,7227.0,0.14887038
7228.0,7228.0,0.006976923
7229.0,7229.0,0.037486814
7230.0,7230.0,0.20065396
7231.0,7231.0,0.7363652
7232.0,7232.0,0.09164991
7233.0,7233.0,0.049589165
7234.0,7234.0,0.09798017
7235.0,7235.0,0.09927993
7236.0,7236.0,0.14169285
7237.0,7237.0,0.054091558
7238.0,7238.0,0.16060369
7239.0,7239.0,0.049590178
7240.0,7240.0,0.20962435
7241.0,7241.0,0.13952276
7242.0,7242.0,1.2366998E-4
7243.0,7243.0,0.7221175
7244.0,7244.0,0.1788515
7245.0,7245.0,0.024478955
7246.0,7246.0,0.4632301
7247.0,7247.0,0.10345472
7248.0,7248.0,0.0047670663
7249.0,7249.0,0.048348326
7250.0,7250.0,0.07587889
7251.0,7251.0,0.021098033
7252.0,7252.0,0.039713282
7253.0,7253.0,9.025043E-4
7254.0,7254.0,0.7242078
7255.0,7255.0,0.14347808
7256.0,7256.0,0.6023022
7257.0,7257.0,0.062313106
7258.0,7258.0,0.11679897
7259.0,7259.0,0.007351575
7260.0,7260.0,0.0021901692
7261.0,7261.0,0.031956956
7262.0,7262.0,0.6000703
7263.0,7263.0,0.11308171
7264.0,7264.0,2.7311302E-4
7265.0,7265.0,0.36016273
7266.0,7266.0,0.14308222
7267.0,7267.0,0.16258715
7268.0,7268.0,0.015759775
7269.0,7269.0,0.1834991
7270.0,7270.0,0.12723151
7271.0,7271.0,0.080314174
7272.0,7272.0,0.109185316
7273.0,7273.0,0.8038818
7274.0,7274.0,0.0037498188
7275.0,7275.0,0.07477826
7276.0,7276.0,0.14304592
7277.0,7277.0,0.0056464984
7278.0,7278.0,0.008179144
7279.0,7279.0,0.80831885
7280.0,7280.0,0.020840323
7281.0,7281.0,0.39713046
7282.0,7282.0,0.0011135086
7283.0,7283.0,0.08229495
7284.0,7284.0,0.05864461
7285.0,7285.0,0.7212636
7286.0,7286.0,0.65170956
7287.0,7287.0,0.5410889
7288.0,7288.0,0.08623249
7289.0,7289.0,0.74601537
7290.0,7290.0,0.78808254
7291.0,7291.0,0.7868027
7292.0,7292.0,0.28465632
7293.0,7293.0,0.67015535
7294.0,7294.0,0.018130027
7295.0,7295.0,0.034341957
7296.0,7296.0,0.07920779
7297.0,7297.0,0.04688352
7298.0,7298.0,4.7744834E-5
7299.0,7299.0,1.0623522E-4
7300.0,7300.0,0.07431238
7301.0,7301.0,0.3078183
7302.0,7302.0,0.7296676
7303.0,7303.0,0.74375093
7304.0,7304.0,0.09460574
7305.0,7305.0,0.0045361053
7306.0,7306.0,0.08940359
7307.0,7307.0,0.038969643
7308.0,7308.0,0.28520632
7309.0,7309.0,0.02987269
7310.0,7310.0,0.30166522
7311.0,7311.0,0.17313564
7312.0,7312.0,0.036477905
7313.0,7313.0,0.119275905
7314.0,7314.0,0.0024103613
7315.0,7315.0,0.009222504
7316.0,7316.0,0.21250147
7317.0,7317.0,0.0761438
7318.0,7318.0,0.07792821
7319.0,7319.0,0.38773674
7320.0,7320.0,0.5416756
7321.0,7321.0,6.0881744E-4
7322.0,7322.0,0.17330094
7323.0,7323.0,0.3628743
7324.0,7324.0,0.03773686
7325.0,7325.0,0.269515
7326.0,7326.0,0.082827665
7327.0,7327.0,0.008056973
7328.0,7328.0,0.07770282
7329.0,7329.0,0.02623687
7330.0,7330.0,0.51995903
7331.0,7331.0,0.40070057
7332.0,7332.0,0.0045271367
7333.0,7333.0,0.042102125
7334.0,7334.0,0.4541051
7335.0,7335.0,0.81700015
7336.0,7336.0,3.654043E-5
7337.0,7337.0,0.050537564
7338.0,7338.0,0.07515166
7339.0,7339.0,1.2542027E-4
7340.0,7340.0,0.12869266
7341.0,7341.0,0.07810118
7342.0,7342.0,0.18266346
7343.0,7343.0,0.011967026
7344.0,7344.0,0.11866855
7345.0,7345.0,0.68035406
7346.0,7346.0,0.33010003
7347.0,7347.0,0.7361915
7348.0,7348.0,0.03898256
7349.0,7349.0,0.7464798
7350.0,7350.0,0.7973048
7351.0,7351.0,0.096045904
7352.0,7352.0,0.7082416
7353.0,7353.0,0.041578382
7354.0,7354.0,0.07637729
7355.0,7355.0,0.14845683
7356.0,7356.0,0.67728364
7357.0,7357.0,0.1114717
7358.0,7358.0,0.0563047
7359.0,7359.0,0.072895475
7360.0,7360.0,0.70243746
7361.0,7361.0,0.060659755
7362.0,7362.0,0.6119191
7363.0,7363.0,0.010045785
7364.0,7364.0,0.09341536
7365.0,7365.0,0.014422961
7366.0,7366.0,0.056526482
7367.0,7367.0,9.508862E-5
7368.0,7368.0,0.14219473
7369.0,7369.0,0.12654184
7370.0,7370.0,0.025297351
7371.0,7371.0,0.13593689
7372.0,7372.0,0.08372516
7373.0,7373.0,0.04087221
7374.0,7374.0,0.08285265
7375.0,7375.0,0.02305333
7376.0,7376.0,0.069947064
7377.0,7377.0,0.020790227
7378.0,7378.0,0.7004267
7379.0,7379.0,3.8082615E-4
7380.0,7380.0,0.12488292
7381.0,7381.0,6.503154E-4
7382.0,7382.0,0.04836236
7383.0,7383.0,0.04059265
7384.0,7384.0,0.050385125
7385.0,7385.0,0.016223755
7386.0,7386.0,0.7592674
7387.0,7387.0,0.094485685
7388.0,7388.0,0.08742682
7389.0,7389.0,0.7141784
7390.0,7390.0,0.06871623
7391.0,7391.0,0.1491594
7392.0,7392.0,0.73748714
7393.0,7393.0,5.9959054E-4
7394.0,7394.0,0.05406959
7395.0,7395.0,0.07579892
7396.0,7396.0,0.0018720399
7397.0,7397.0,0.03865718
7398.0,7398.0,0.048521157
7399.0,7399.0,0.74417955
7400.0,7400.0,0.05213275
7401.0,7401.0,0.79664797
7402.0,7402.0,0.071020775
7403.0,7403.0,0.17089525
7404.0,7404.0,0.022030909
7405.0,7405.0,0.7911369
7406.0,7406.0,0.7697738
7407.0,7407.0,0.07178674
7408.0,7408.0,0.08785369
7409.0,7409.0,0.03679192
7410.0,7410.0,0.03864362
7411.0,7411.0,0.03037385
7412.0,7412.0,0.14457178
7413.0,7413.0,0.68096066
7414.0,7414.0,0.70081335
7415.0,7415.0,0.7542424
7416.0,7416.0,0.12205197
7417.0,7417.0,0.038376097
7418.0,7418.0,0.22610164
7419.0,7419.0,0.021093847
7420.0,7420.0,0.7716435
7421.0,7421.0,0.048328727
7422.0,7422.0,0.11690337
7423.0,7423.0,0.034664925
7424.0,7424.0,0.2180067
7425.0,7425.0,0.08115737
7426.0,7426.0,0.045335043
7427.0,7427.0,0.07141895
7428.0,7428.0,0.03761786
7429.0,7429.0,0.7658219
7430.0,7430.0,0.19538191
7431.0,7431.0,0.01616687
7432.0,7432.0,0.088792786
7433.0,7433.0,0.144012
7434.0,7434.0,0.022212438
7435.0,7435.0,0.14111598
7436.0,7436.0,0.051460348
7437.0,7437.0,0.24587189
7438.0,7438.0,4.072117E-4
7439.0,7439.0,0.14006908
7440.0,7440.0,0.037975077
7441.0,7441.0,0.69586205
7442.0,7442.0,0.0028404745
7443.0,7443.0,1.4633343E-4
7444.0,7444.0,0.13384259
7445.0,7445.0,0.09984878
7446.0,7446.0,0.22364543
7447.0,7447.0,0.03734885
7448.0,7448.0,0.1035621
7449.0,7449.0,1.2298631E-4
7450.0,7450.0,0.14487515
7451.0,7451.0,0.14012815
7452.0,7452.0,0.0062868646
7453.0,7453.0,0.09224122
7454.0,7454.0,0.08653631
7455.0,7455.0,0.15514551
7456.0,7456.0,0.33351958
7457.0,7457.0,0.7926352
7458.0,7458.0,0.7434806
7459.0,7459.0,0.6753094
7460.0,7460.0,0.7357977
7461.0,7461.0,0.09597363
7462.0,7462.0,0.40390068
7463.0,7463.0,0.024536626
7464.0,7464.0,0.05140066
7465.0,7465.0,0.12100843
7466.0,7466.0,0.34102213
7467.0,7467.0,0.8336223
7468.0,7468.0,0.01275292
7469.0,7469.0,0.05835179
7470.0,7470.0,0.31478372
7471.0,7471.0,0.38635117
7472.0,7472.0,0.04735294
7473.0,7473.0,0.81574345
7474.0,7474.0,0.0655463
7475.0,7475.0,0.1505212
7476.0,7476.0,0.3133114
7477.0,7477.0,0.06953537
7478.0,7478.0,0.14313257
7479.0,7479.0,0.21654049
7480.0,7480.0,0.060629096
7481.0,7481.0,0.7712218
7482.0,7482.0,0.08436508
7483.0,7483.0,0.054591324
7484.0,7484.0,0.72414637
7485.0,7485.0,0.102606826
7486.0,7486.0,0.0836434
7487.0,7487.0,0.04003096
7488.0,7488.0,0.042674057
7489.0,7489.0,0.113481395
7490.0,7490.0,0.041660164
7491.0,7491.0,0.043218505
7492.0,7492.0,0.6610625
7493.0,7493.0,0.09099379
7494.0,7494.0,0.3465778
7495.0,7495.0,0.05823443
7496.0,7496.0,0.49082252
7497.0,7497.0,0.14249925
7498.0,7498.0,0.13984165
7499.0,7499.0,0.21360575
7500.0,7500.0,0.04555582
7501.0,7501.0,0.8058777
7502.0,7502.0,0.07321657
7503.0,7503.0,0.54248315
7504.0,7504.0,0.6120699
7505.0,7505.0,0.7547744
7506.0,7506.0,0.0514858
7507.0,7507.0,0.12427573
7508.0,7508.0,0.017265363
7509.0,7509.0,0.30892795
7510.0,7510.0,0.31236267
7511.0,7511.0,0.029357592
7512.0,7512.0,2.3099727E-5
7513.0,7513.0,0.097333156
7514.0,7514.0,0.0965866
7515.0,7515.0,0.105909914
7516.0,7516.0,0.034095857
7517.0,7517.0,0.7429856
7518.0,7518.0,0.13404548
7519.0,7519.0,0.8072605
7520.0,7520.0,3.3306624E-4
7521.0,7521.0,0.07918685
7522.0,7522.0,0.028350811
7523.0,7523.0,0.08162884
7524.0,7524.0,0.18304174
7525.0,7525.0,0.006040696
7526.0,7526.0,0.7752432
7527.0,7527.0,0.18893903
7528.0,7528.0,0.0014467131
7529.0,7529.0,0.66382957
7530.0,7530.0,0.13169931
7531.0,7531.0,0.081784815
7532.0,7532.0,0.061949894
7533.0,7533.0,0.17896225
7534.0,7534.0,0.05245334
7535.0,7535.0,0.73890966
7536.0,7536.0,0.16562048
7537.0,7537.0,0.0013802506
7538.0,7538.0,0.15587066
7539.0,7539.0,0.11760368
7540.0,7540.0,0.061947063
7541.0,7541.0,0.7170856
7542.0,7542.0,2.492629E-4
7543.0,7543.0,0.10980278
7544.0,7544.0,0.07257593
7545.0,7545.0,0.1101347
7546.0,7546.0,0.017481543
7547.0,7547.0,0.2030678
7548.0,7548.0,0.18244241
7549.0,7549.0,0.10956396
7550.0,7550.0,0.07098192
7551.0,7551.0,0.043013815
7552.0,7552.0,0.06954262
7553.0,7553.0,0.010300067
7554.0,7554.0,0.0010783449
7555.0,7555.0,0.07461201
7556.0,7556.0,0.025707373
7557.0,7557.0,0.7617787
7558.0,7558.0,0.5915113
7559.0,7559.0,0.39483836
7560.0,7560.0,2.3443867E-5
7561.0,7561.0,0.36411074
7562.0,7562.0,0.10222716
7563.0,7563.0,0.1039592
7564.0,7564.0,0.033036396
7565.0,7565.0,0.45319268
7566.0,7566.0,0.008770219
7567.0,7567.0,0.10890322
7568.0,7568.0,0.040397055
7569.0,7569.0,0.08330775
7570.0,7570.0,0.17030017
7571.0,7571.0,0.069825366
7572.0,7572.0,0.15951777
7573.0,7573.0,0.5043709
7574.0,7574.0,0.0018629655
7575.0,7575.0,0.110242136
7576.0,7576.0,0.07288418
7577.0,7577.0,0.06563765
7578.0,7578.0,0.04409286
7579.0,7579.0,0.13372904
7580.0,7580.0,0.25998804
7581.0,7581.0,0.6504171
7582.0,7582.0,0.018352358
7583.0,7583.0,0.18367624
7584.0,7584.0,0.69428086
7585.0,7585.0,0.035012748
7586.0,7586.0,0.5041249
7587.0,7587.0,0.6057096
7588.0,7588.0,0.049603965
7589.0,7589.0,0.15131004
7590.0,7590.0,0.42000535
7591.0,7591.0,3.6452417E-4
7592.0,7592.0,0.10191817
7593.0,7593.0,0.21765026
7594.0,7594.0,0.047919884
7595.0,7595.0,0.10555977
7596.0,7596.0,0.14233981
7597.0,7597.0,9.3661324E-4
7598.0,7598.0,0.025274543
7599.0,7599.0,0.7230426
7600.0,7600.0,0.07882474
7601.0,7601.0,0.017230118
7602.0,7602.0,0.13157271
7603.0,7603.0,5.422116E-4
7604.0,7604.0,0.19105805
7605.0,7605.0,0.07351806
7606.0,7606.0,0.07764852
7607.0,7607.0,0.25391957
7608.0,7608.0,0.03481875
7609.0,7609.0,0.026765492
7610.0,7610.0,0.74979794
7611.0,7611.0,0.71456355
7612.0,7612.0,0.11381063
7613.0,7613.0,0.085053235
7614.0,7614.0,0.019101914
7615.0,7615.0,0.46087217
7616.0,7616.0,8.915733E-5
7617.0,7617.0,0.1457978
7618.0,7618.0,0.11895314
7619.0,7619.0,0.14374323
7620.0,7620.0,0.020126121
7621.0,7621.0,0.08794743
7622.0,7622.0,0.16023213
7623.0,7623.0,0.5256991
7624.0,7624.0,0.017598897
7625.0,7625.0,0.12628633
7626.0,7626.0,0.079167604
7627.0,7627.0,0.0020098563
7628.0,7628.0,0.49670714
7629.0,7629.0,0.018983083
7630.0,7630.0,0.1624809
7631.0,7631.0,0.2936326
7632.0,7632.0,0.07607859
7633.0,7633.0,0.7093884
7634.0,7634.0,0.0017667621
7635.0,7635.0,0.114375286
7636.0,7636.0,0.050114755
7637.0,7637.0,0.07181468
7638.0,7638.0,0.04473407
7639.0,7639.0,0.0011428344
7640.0,7640.0,0.67708486
7641.0,7641.0,0.22654788
7642.0,7642.0,0.04378603
7643.0,7643.0,0.0011341113
7644.0,7644.0,0.051972833
7645.0,7645.0,2.5795988E-4
7646.0,7646.0,0.1274915
7647.0,7647.0,0.067956574
7648.0,7648.0,0.087958395
7649.0,7649.0,0.48801488
7650.0,7650.0,0.07989304
7651.0,7651.0,0.43622863
7652.0,7652.0,0.14057322
7653.0,7653.0,0.065852866
7654.0,7654.0,0.23021752
7655.0,7655.0,0.06400455
7656.0,7656.0,0.054310977
7657.0,7657.0,0.73582196
7658.0,7658.0,0.72535306
7659.0,7659.0,0.03312163
7660.0,7660.0,0.12517011
7661.0,7661.0,0.058018133
7662.0,7662.0,0.01823137
7663.0,7663.0,0.7463859
7664.0,7664.0,0.31047562
7665.0,7665.0,0.050142292
7666.0,7666.0,0.08400731
7667.0,7667.0,0.7569077
7668.0,7668.0,0.016345065
7669.0,7669.0,0.7249879
7670.0,7670.0,2.0933937E-4
7671.0,7671.0,0.57788056
7672.0,7672.0,0.06210828
7673.0,7673.0,0.4691662
7674.0,7674.0,0.7443232
7675.0,7675.0,0.0093708625
7676.0,7676.0,0.09288128
7677.0,7677.0,0.11489829
7678.0,7678.0,0.113752484
7679.0,7679.0,0.44521454
7680.0,7680.0,0.061966237
7681.0,7681.0,0.7943598
7682.0,7682.0,0.016840683
7683.0,7683.0,0.110257596
7684.0,7684.0,0.25165376
7685.0,7685.0,0.7401237
7686.0,7686.0,0.0023028068
7687.0,7687.0,0.09030391
7688.0,7688.0,0.0010363536
7689.0,7689.0,0.0033415882
7690.0,7690.0,0.052585274
7691.0,7691.0,0.70820713
7692.0,7692.0,0.7674394
7693.0,7693.0,1.9906477E-4
7694.0,7694.0,0.7724838
7695.0,7695.0,0.0788598
7696.0,7696.0,0.5392697
7697.0,7697.0,0.0437769
7698.0,7698.0,0.0063493694
7699.0,7699.0,0.66222507
7700.0,7700.0,0.16318361
7701.0,7701.0,0.101872586
7702.0,7702.0,0.14090405
7703.0,7703.0,0.28266212
7704.0,7704.0,0.05713498
7705.0,7705.0,0.056410912
7706.0,7706.0,0.08150858
7707.0,7707.0,0.130416
7708.0,7708.0,0.6812437
7709.0,7709.0,0.015642246
7710.0,7710.0,0.079637945
7711.0,7711.0,0.05123679
7712.0,7712.0,0.0021938842
7713.0,7713.0,0.0035284837
7714.0,7714.0,3.2661407E-4
7715.0,7715.0,0.7190135
7716.0,7716.0,0.7257741
7717.0,7717.0,0.05809163
7718.0,7718.0,0.7385718
7719.0,7719.0,0.4422055
7720.0,7720.0,0.78954166
7721.0,7721.0,0.09329901
7722.0,7722.0,0.06524077
7723.0,7723.0,0.1619252
7724.0,7724.0,0.7124096
7725.0,7725.0,0.19492863
7726.0,7726.0,5.783399E-4
7727.0,7727.0,0.050173856
7728.0,7728.0,0.65582436
7729.0,7729.0,0.04369297
7730.0,7730.0,0.016542068
7731.0,7731.0,0.08458843
7732.0,7732.0,0.688858
7733.0,7733.0,0.68323165
7734.0,7734.0,0.19940905
7735.0,7735.0,0.07141161
7736.0,7736.0,0.11355793
7737.0,7737.0,0.1331906
7738.0,7738.0,0.083561994
7739.0,7739.0,0.02236765
7740.0,7740.0,0.111905195
7741.0,7741.0,3.8749884E-5
7742.0,7742.0,0.120216265
7743.0,7743.0,0.19081916
7744.0,7744.0,0.34637284
7745.0,7745.0,0.14839342
7746.0,7746.0,0.010682263
7747.0,7747.0,0.013408757
7748.0,7748.0,0.07173208
7749.0,7749.0,0.7154204
7750.0,7750.0,0.13755631
7751.0,7751.0,0.019936483
7752.0,7752.0,0.054059163
7753.0,7753.0,0.11446043
7754.0,7754.0,4.064481E-4
7755.0,7755.0,0.09186485
7756.0,7756.0,0.4433497
7757.0,7757.0,0.007853999
7758.0,7758.0,9.950863E-4
7759.0,7759.0,0.45569286
7760.0,7760.0,0.0346605
7761.0,7761.0,0.086297154
7762.0,7762.0,0.15695693
7763.0,7763.0,0.117170066
7764.0,7764.0,0.7378169
7765.0,7765.0,0.17385487
7766.0,7766.0,6.185701E-5
7767.0,7767.0,0.018600382
7768.0,7768.0,0.02355406
7769.0,7769.0,0.09595567
7770.0,7770.0,0.34852663
7771.0,7771.0,0.73998857
7772.0,7772.0,0.2000643
7773.0,7773.0,0.012518566
7774.0,7774.0,5.8844966E-5
7775.0,7775.0,0.0013801727
7776.0,7776.0,0.52099556
7777.0,7777.0,0.13566372
7778.0,7778.0,0.11269834
7779.0,7779.0,0.1265015
7780.0,7780.0,0.82322073
7781.0,7781.0,0.39380372
7782.0,7782.0,0.082201995
7783.0,7783.0,0.18905194
7784.0,7784.0,2.9306966E-4
7785.0,7785.0,1.5539175E-5
7786.0,7786.0,0.06502813
7787.0,7787.0,0.039928
7788.0,7788.0,0.119692296
7789.0,7789.0,0.11294862
7790.0,7790.0,0.7457011
7791.0,7791.0,0.09563642
7792.0,7792.0,0.82749873
7793.0,7793.0,0.08335638
7794.0,7794.0,0.07706034
7795.0,7795.0,0.012206864
7796.0,7796.0,0.12862493
7797.0,7797.0,3.6343565E-4
7798.0,7798.0,0.027461072
7799.0,7799.0,0.01706344
7800.0,7800.0,0.29046234
7801.0,7801.0,0.011004081
7802.0,7802.0,0.77303433
7803.0,7803.0,0.082786664
7804.0,7804.0,0.43245798
7805.0,7805.0,0.5228464
7806.0,7806.0,1.4543418E-4
7807.0,7807.0,0.019517543
7808.0,7808.0,0.037412643
7809.0,7809.0,0.009029401
7810.0,7810.0,0.13911724
7811.0,7811.0,0.008450107
7812.0,7812.0,0.06896525
7813.0,7813.0,0.20547555
7814.0,7814.0,0.07243877
7815.0,7815.0,0.16162522
7816.0,7816.0,0.011628103
7817.0,7817.0,0.0841415
7818.0,7818.0,0.010462094
7819.0,7819.0,0.11626945
7820.0,7820.0,0.043320645
7821.0,7821.0,0.06696564
7822.0,7822.0,0.16887665
7823.0,7823.0,0.02240985
7824.0,7824.0,6.059652E-4
7825.0,7825.0,0.34708688
7826.0,7826.0,0.1840419
7827.0,7827.0,0.027451439
7828.0,7828.0,0.38714996
7829.0,7829.0,0.2354028
7830.0,7830.0,0.0039388416
7831.0,7831.0,0.74840945
7832.0,7832.0,0.7543226
7833.0,7833.0,0.05232939
7834.0,7834.0,0.2053699
7835.0,7835.0,0.05196893
7836.0,7836.0,0.05303918
7837.0,7837.0,0.065229736
7838.0,7838.0,0.07679531
7839.0,7839.0,0.03292531
7840.0,7840.0,0.15188004
7841.0,7841.0,2.513644E-4
7842.0,7842.0,0.04481832
7843.0,7843.0,0.04104155
7844.0,7844.0,8.155578E-4
7845.0,7845.0,0.11451358
7846.0,7846.0,0.09259694
7847.0,7847.0,0.56349146
7848.0,7848.0,0.80289507
7849.0,7849.0,0.03248134
7850.0,7850.0,0.04364349
7851.0,7851.0,0.8216337
7852.0,7852.0,0.61721236
7853.0,7853.0,0.08277157
7854.0,7854.0,0.2182599
7855.0,7855.0,0.12172441
7856.0,7856.0,0.21738367
7857.0,7857.0,0.11270109
7858.0,7858.0,0.75617105
7859.0,7859.0,0.6861475
7860.0,7860.0,0.16227603
7861.0,7861.0,0.040160134
7862.0,7862.0,0.7686751
7863.0,7863.0,0.006586358
7864.0,7864.0,0.6572312
7865.0,7865.0,0.025437152
7866.0,7866.0,0.32084203
7867.0,7867.0,0.22228411
7868.0,7868.0,0.30220243
7869.0,7869.0,0.10414293
7870.0,7870.0,0.08219079
7871.0,7871.0,0.04366018
7872.0,7872.0,0.07128395
7873.0,7873.0,0.24476364
7874.0,7874.0,0.22852148
7875.0,7875.0,0.095742255
7876.0,7876.0,0.45861736
7877.0,7877.0,3.8271328E-4
7878.0,7878.0,0.08742679
7879.0,7879.0,0.101487145
7880.0,7880.0,0.39321306
7881.0,7881.0,0.74317193
7882.0,7882.0,0.0011418068
7883.0,7883.0,0.7793858
7884.0,7884.0,0.11397883
7885.0,7885.0,0.8321076
7886.0,7886.0,0.028755983
7887.0,7887.0,0.5241398
7888.0,7888.0,7.977456E-5
7889.0,7889.0,0.17923918
7890.0,7890.0,1.3917178E-4
7891.0,7891.0,0.33754498
7892.0,7892.0,0.023672273
7893.0,7893.0,0.43850112
7894.0,7894.0,0.033383634
7895.0,7895.0,6.5508636E-4
7896.0,7896.0,0.529068
7897.0,7897.0,0.099000864
7898.0,7898.0,0.20830497
7899.0,7899.0,0.0401271
7900.0,7900.0,0.72961336
7901.0,7901.0,0.037357867
7902.0,7902.0,0.014909777
7903.0,7903.0,0.0025091122
7904.0,7904.0,0.52532643
7905.0,7905.0,0.0849424
7906.0,7906.0,0.007272804
7907.0,7907.0,0.16427743
7908.0,7908.0,0.45572883
7909.0,7909.0,0.6200768
7910.0,7910.0,0.10700367
7911.0,7911.0,0.0698622
7912.0,7912.0,0.7607312
7913.0,7913.0,0.014511554
7914.0,7914.0,0.01621873
7915.0,7915.0,0.73971695
7916.0,7916.0,0.16488388
7917.0,7917.0,0.12277153
7918.0,7918.0,0.1717045
7919.0,7919.0,0.79392415
7920.0,7920.0,0.080512084
7921.0,7921.0,0.57419443
7922.0,7922.0,0.018519294
7923.0,7923.0,0.5395076
7924.0,7924.0,0.054190367
7925.0,7925.0,0.03080498
7926.0,7926.0,0.0735213
7927.0,7927.0,0.080231674
7928.0,7928.0,0.09250981
7929.0,7929.0,0.0137021355
7930.0,7930.0,0.5276293
7931.0,7931.0,0.52734697
7932.0,7932.0,0.7612808
7933.0,7933.0,0.10414176
7934.0,7934.0,0.06417387
7935.0,7935.0,0.09374432
7936.0,7936.0,0.21603629
7937.0,7937.0,0.053531095
7938.0,7938.0,0.70489967
7939.0,7939.0,0.021509945
7940.0,7940.0,0.09720072
7941.0,7941.0,0.055159062
7942.0,7942.0,0.3041245
7943.0,7943.0,0.095176965
7944.0,7944.0,0.027850434
7945.0,7945.0,0.30356845
7946.0,7946.0,0.07121313
7947.0,7947.0,0.040891297
7948.0,7948.0,0.08219213
7949.0,7949.0,0.08071911
7950.0,7950.0,0.09540562
7951.0,7951.0,0.10211987
7952.0,7952.0,0.037410956
7953.0,7953.0,0.4303651
7954.0,7954.0,0.7376991
7955.0,7955.0,0.068366066
7956.0,7956.0,0.74885195
7957.0,7957.0,2.5740472E-4
7958.0,7958.0,0.0053069913
7959.0,7959.0,0.040456675
7960.0,7960.0,0.18026705
7961.0,7961.0,0.04510084
7962.0,7962.0,0.35097557
7963.0,7963.0,0.41330606
7964.0,7964.0,0.6873694
7965.0,7965.0,0.31556913
7966.0,7966.0,0.061572246
7967.0,7967.0,0.018541409
7968.0,7968.0,0.39875987
7969.0,7969.0,0.35132274
7970.0,7970.0,0.07512157
7971.0,7971.0,0.5821183
7972.0,7972.0,0.77201486
7973.0,7973.0,0.7453501
7974.0,7974.0,0.2564739
7975.0,7975.0,0.10102217
7976.0,7976.0,0.50127065
7977.0,7977.0,0.0754465
7978.0,7978.0,0.021104606
7979.0,7979.0,0.62536275
7980.0,7980.0,0.036069985
7981.0,7981.0,7.9113734E-4
7982.0,7982.0,0.75452495
7983.0,7983.0,0.033534195
7984.0,7984.0,0.28183475
7985.0,7985.0,0.02723846
7986.0,7986.0,0.15991884
7987.0,7987.0,0.07810132
7988.0,7988.0,0.70642155
7989.0,7989.0,0.020333808
7990.0,7990.0,0.05858594
7991.0,7991.0,0.06671434
7992.0,7992.0,0.002127253
7993.0,7993.0,0.0715997
7994.0,7994.0,0.110414214
7995.0,7995.0,0.47805268
7996.0,7996.0,0.17964648
7997.0,7997.0,0.058886092
7998.0,7998.0,0.06744756
7999.0,7999.0,0.0775492
8000.0,8000.0,0.06764107
8001.0,8001.0,0.0057182154
8002.0,8002.0,0.0390722
8003.0,8003.0,0.022696104
8004.0,8004.0,0.026615689
8005.0,8005.0,2.2315476E-4
8006.0,8006.0,0.36477685
8007.0,8007.0,0.10522825
8008.0,8008.0,0.1817705
8009.0,8009.0,3.7426857E-5
8010.0,8010.0,0.30994317
8011.0,8011.0,5.7230523E-4
8012.0,8012.0,0.00224801
8013.0,8013.0,0.0742085
8014.0,8014.0,0.0015729271
8015.0,8015.0,0.002636792
8016.0,8016.0,0.028723944
8017.0,8017.0,0.0010604444
8018.0,8018.0,0.16613282
8019.0,8019.0,0.077701256
8020.0,8020.0,0.067022614
8021.0,8021.0,0.04094765
8022.0,8022.0,0.03253785
8023.0,8023.0,0.1328792
8024.0,8024.0,0.7854798
8025.0,8025.0,0.15732855
8026.0,8026.0,0.068142906
8027.0,8027.0,0.7332732
8028.0,8028.0,2.2793618E-4
8029.0,8029.0,0.43220648
8030.0,8030.0,0.7808726
8031.0,8031.0,0.73067755
8032.0,8032.0,0.015296478
8033.0,8033.0,2.2122485E-4
8034.0,8034.0,0.3102066
8035.0,8035.0,0.57527953
8036.0,8036.0,0.06788797
8037.0,8037.0,0.032534562
8038.0,8038.0,0.70257676
8039.0,8039.0,0.0784135
8040.0,8040.0,0.4160298
8041.0,8041.0,0.04129557
8042.0,8042.0,7.621116E-5
8043.0,8043.0,0.22861688
8044.0,8044.0,0.12672843
8045.0,8045.0,0.13582157
8046.0,8046.0,0.014917057
8047.0,8047.0,0.72410804
8048.0,8048.0,0.060098466
8049.0,8049.0,0.016147116
8050.0,8050.0,0.27046877
8051.0,8051.0,0.12093092
8052.0,8052.0,0.15853159
8053.0,8053.0,0.1761972
8054.0,8054.0,0.14612967
8055.0,8055.0,0.21999492
8056.0,8056.0,0.25891224
8057.0,8057.0,0.08360035
8058.0,8058.0,0.03668689
8059.0,8059.0,0.14073947
8060.0,8060.0,2.4115044E-4
8061.0,8061.0,7.9916696E-5
8062.0,8062.0,0.019306183
8063.0,8063.0,0.26707485
8064.0,8064.0,0.5433144
8065.0,8065.0,0.025060577
8066.0,8066.0,0.12850605
8067.0,8067.0,5.187193E-4
8068.0,8068.0,0.19920194
8069.0,8069.0,0.101126395
8070.0,8070.0,0.12501666
8071.0,8071.0,0.34243757
8072.0,8072.0,0.09370712
8073.0,8073.0,0.16113926
8074.0,8074.0,0.012472416
8075.0,8075.0,0.6842906
8076.0,8076.0,0.016105162
8077.0,8077.0,0.7819436
8078.0,8078.0,0.11003072
8079.0,8079.0,6.631351E-4
8080.0,8080.0,0.76663357
8081.0,8081.0,0.052048426
8082.0,8082.0,1.3141232E-4
8083.0,8083.0,0.0593749
8084.0,8084.0,0.45011097
8085.0,8085.0,0.5996074
8086.0,8086.0,0.31754896
8087.0,8087.0,0.13952415
8088.0,8088.0,0.0015115795
8089.0,8089.0,0.034767415
8090.0,8090.0,0.0018860904
8091.0,8091.0,0.008270759
8092.0,8092.0,0.4180343
8093.0,8093.0,0.05241007
8094.0,8094.0,0.037806783
8095.0,8095.0,0.51396483
8096.0,8096.0,0.8296484
8097.0,8097.0,0.12933473
8098.0,8098.0,0.7210268
8099.0,8099.0,0.0076637147
8100.0,8100.0,0.39430347
8101.0,8101.0,0.1466291
8102.0,8102.0,0.073834315
8103.0,8103.0,0.0865218
8104.0,8104.0,0.04210176
8105.0,8105.0,0.098528095
8106.0,8106.0,0.050503798
8107.0,8107.0,0.48214498
8108.0,8108.0,0.091175005
8109.0,8109.0,0.5495625
8110.0,8110.0,0.020489104
8111.0,8111.0,3.7993872E-5
8112.0,8112.0,0.56832623
8113.0,8113.0,3.521558E-4
8114.0,8114.0,0.034113158
8115.0,8115.0,5.0979263E-5
8116.0,8116.0,0.3233556
8117.0,8117.0,0.00235687
8118.0,8118.0,0.06499055
8119.0,8119.0,0.12048465
8120.0,8120.0,0.051663574
8121.0,8121.0,0.7711166
8122.0,8122.0,0.06876881
8123.0,8123.0,0.26358005
8124.0,8124.0,0.07549383
8125.0,8125.0,0.02108516
8126.0,8126.0,0.20979702
8127.0,8127.0,0.01930852
8128.0,8128.0,0.11695648
8129.0,8129.0,0.091949135
8130.0,8130.0,0.029564792
8131.0,8131.0,7.842056E-4
8132.0,8132.0,0.034744382
8133.0,8133.0,0.075354815
8134.0,8134.0,0.052989375
8135.0,8135.0,1.12702364E-4
8136.0,8136.0,0.1111814
8137.0,8137.0,0.7932368
8138.0,8138.0,0.29176313
8139.0,8139.0,1.6378357E-5
8140.0,8140.0,0.053107273
8141.0,8141.0,0.6545009
8142.0,8142.0,0.3309135
8143.0,8143.0,0.08931424
8144.0,8144.0,0.06629342
8145.0,8145.0,0.6690519
8146.0,8146.0,0.76254696
8147.0,8147.0,0.112673655
8148.0,8148.0,0.12546079
8149.0,8149.0,7.4447424E-4
8150.0,8150.0,0.009218484
8151.0,8151.0,0.702199
8152.0,8152.0,0.09772272
8153.0,8153.0,0.7503377
8154.0,8154.0,4.700076E-5
8155.0,8155.0,0.0775038
8156.0,8156.0,1.967172E-4
8157.0,8157.0,0.19454528
8158.0,8158.0,0.073675856
8159.0,8159.0,0.16656657
8160.0,8160.0,0.79519194
8161.0,8161.0,0.0811786
8162.0,8162.0,0.25349757
8163.0,8163.0,0.7539421
8164.0,8164.0,0.022459012
8165.0,8165.0,0.18158475
8166.0,8166.0,0.5136343
8167.0,8167.0,0.0693275
8168.0,8168.0,0.43989086
8169.0,8169.0,0.59750104
8170.0,8170.0,0.13946234
8171.0,8171.0,0.073020175
8172.0,8172.0,0.16098927
8173.0,8173.0,0.7568695
8174.0,8174.0,0.2699767
8175.0,8175.0,0.14060485
8176.0,8176.0,0.33003965
8177.0,8177.0,0.072276324
8178.0,8178.0,0.27034563
8179.0,8179.0,2.3575938E-5
8180.0,8180.0,0.19183296
8181.0,8181.0,0.21553326
8182.0,8182.0,0.41010484
8183.0,8183.0,0.12606682
8184.0,8184.0,0.34529895
8185.0,8185.0,0.08190771
8186.0,8186.0,0.11987648
8187.0,8187.0,0.08572821
8188.0,8188.0,0.729757
8189.0,8189.0,0.29314548
8190.0,8190.0,5.02168E-4
8191.0,8191.0,0.05580467
8192.0,8192.0,0.030481154
8193.0,8193.0,0.10945101
8194.0,8194.0,0.12964281
8195.0,8195.0,1.3338946E-4
8196.0,8196.0,0.22554447
8197.0,8197.0,0.15315874
8198.0,8198.0,0.10009903
8199.0,8199.0,0.7041855
8200.0,8200.0,0.008488247
8201.0,8201.0,0.08924083
8202.0,8202.0,0.5468997
8203.0,8203.0,0.57698643
8204.0,8204.0,0.12670067
8205.0,8205.0,0.37747106
8206.0,8206.0,0.064878836
8207.0,8207.0,0.002674817
8208.0,8208.0,0.73256004
8209.0,8209.0,0.11812265
8210.0,8210.0,0.0015333968
8211.0,8211.0,0.4690364
8212.0,8212.0,0.07652813
8213.0,8213.0,0.055014852
8214.0,8214.0,5.7462096E-4
8215.0,8215.0,0.013992423
8216.0,8216.0,0.11773155
8217.0,8217.0,0.09146797
8218.0,8218.0,0.019781305
8219.0,8219.0,0.04218451
8220.0,8220.0,0.06358315
8221.0,8221.0,0.07107671
8222.0,8222.0,0.16236146
8223.0,8223.0,0.102832265
8224.0,8224.0,0.14805728
8225.0,8225.0,0.0630119
8226.0,8226.0,0.118898906
8227.0,8227.0,0.41925633
8228.0,8228.0,0.057268906
8229.0,8229.0,0.30524296
8230.0,8230.0,0.0070945034
8231.0,8231.0,0.835473
8232.0,8232.0,0.0855169
8233.0,8233.0,0.03836565
8234.0,8234.0,0.11345282
8235.0,8235.0,0.014156969
8236.0,8236.0,0.7747559
8237.0,8237.0,0.7654798
8238.0,8238.0,0.09606467
8239.0,8239.0,0.26191473
8240.0,8240.0,0.14263721
8241.0,8241.0,0.052697588
8242.0,8242.0,0.092585854
8243.0,8243.0,0.3966508
8244.0,8244.0,0.33907798
8245.0,8245.0,0.6097478
8246.0,8246.0,0.11095965
8247.0,8247.0,7.401622E-5
8248.0,8248.0,5.45199E-4
8249.0,8249.0,3.4984712E-6
8250.0,8250.0,0.09700669
8251.0,8251.0,0.39472267
8252.0,8252.0,0.123061866
8253.0,8253.0,0.73573166
8254.0,8254.0,0.6687815
8255.0,8255.0,0.05994481
8256.0,8256.0,0.028717142
8257.0,8257.0,0.033581592
8258.0,8258.0,7.74326E-4
8259.0,8259.0,0.13918278
8260.0,8260.0,0.1147936
8261.0,8261.0,0.18778592
8262.0,8262.0,0.7470324
8263.0,8263.0,0.054258134
8264.0,8264.0,0.0010900955
8265.0,8265.0,0.107959345
8266.0,8266.0,0.7438884
8267.0,8267.0,0.73342466
8268.0,8268.0,0.022353098
8269.0,8269.0,0.061533287
8270.0,8270.0,2.904784E-4
8271.0,8271.0,0.0010618914
8272.0,8272.0,0.24219999
8273.0,8273.0,0.8054211
8274.0,8274.0,0.032485783
8275.0,8275.0,4.9205293E-4
8276.0,8276.0,0.03658947
8277.0,8277.0,0.016054126
8278.0,8278.0,0.076944575
8279.0,8279.0,0.6390205
8280.0,8280.0,0.8190671
8281.0,8281.0,0.08981274
8282.0,8282.0,0.0146853
8283.0,8283.0,0.1788783
8284.0,8284.0,0.0450118
8285.0,8285.0,0.544989
8286.0,8286.0,0.07259043
8287.0,8287.0,0.0071902303
8288.0,8288.0,0.11321415
8289.0,8289.0,0.2877365
8290.0,8290.0,0.6675327
8291.0,8291.0,0.77492267
8292.0,8292.0,0.18465422
8293.0,8293.0,0.11138479
8294.0,8294.0,0.22351831
8295.0,8295.0,0.073339835
8296.0,8296.0,0.61802554
8297.0,8297.0,0.4370461
8298.0,8298.0,0.046472542
8299.0,8299.0,0.061824065
8300.0,8300.0,0.0999589
8301.0,8301.0,0.31247446
8302.0,8302.0,0.070372224
8303.0,8303.0,0.02705027
8304.0,8304.0,0.14327405
8305.0,8305.0,0.08990834
8306.0,8306.0,0.1023617
8307.0,8307.0,3.175103E-4
8308.0,8308.0,0.13274558
8309.0,8309.0,0.116618894
8310.0,8310.0,0.23149613
8311.0,8311.0,0.05345629
8312.0,8312.0,0.43825454
8313.0,8313.0,0.043426964
8314.0,8314.0,1.5266171E-4
8315.0,8315.0,0.07271399
8316.0,8316.0,0.12856472
8317.0,8317.0,0.28170246
8318.0,8318.0,0.021427535
8319.0,8319.0,0.71197057
8320.0,8320.0,0.2255797
8321.0,8321.0,0.65863115
8322.0,8322.0,0.3558542
8323.0,8323.0,0.054789767
8324.0,8324.0,0.014133786
8325.0,8325.0,0.12842649
8326.0,8326.0,0.06745551
8327.0,8327.0,0.1272686
8328.0,8328.0,0.34011552
8329.0,8329.0,2.688759E-4
8330.0,8330.0,0.34406683
8331.0,8331.0,0.1217483
8332.0,8332.0,0.09564742
8333.0,8333.0,0.10922758
8334.0,8334.0,0.08094658
8335.0,8335.0,0.08937011
8336.0,8336.0,0.47807562
8337.0,8337.0,0.030621495
8338.0,8338.0,0.36413932
8339.0,8339.0,2.7842118E-4
8340.0,8340.0,0.025196563
8341.0,8341.0,0.12783757
8342.0,8342.0,7.649056E-4
8343.0,8343.0,0.21556374
8344.0,8344.0,0.09389814
8345.0,8345.0,0.009829041
8346.0,8346.0,0.017207526
8347.0,8347.0,0.21679159
8348.0,8348.0,0.7354753
8349.0,8349.0,0.027960358
8350.0,8350.0,0.84703064
8351.0,8351.0,1.3135967E-4
8352.0,8352.0,5.9262075E-4
8353.0,8353.0,0.13130227
8354.0,8354.0,0.10640724
8355.0,8355.0,0.74060076
8356.0,8356.0,0.10227184
8357.0,8357.0,0.7644304
8358.0,8358.0,0.043804783
8359.0,8359.0,0.1709708
8360.0,8360.0,0.039845638
8361.0,8361.0,0.16757178
8362.0,8362.0,0.14165342
8363.0,8363.0,0.10642055
8364.0,8364.0,0.14260872
8365.0,8365.0,0.17879485
8366.0,8366.0,9.357697E-5
8367.0,8367.0,0.16824509
8368.0,8368.0,0.43603268
8369.0,8369.0,7.2351645E-4
8370.0,8370.0,0.08107408
8371.0,8371.0,0.023212653
8372.0,8372.0,0.002195645
8373.0,8373.0,7.0141593E-4
8374.0,8374.0,0.04822598
8375.0,8375.0,0.13884018
8376.0,8376.0,0.0310183
8377.0,8377.0,0.29567164
8378.0,8378.0,0.17452228
8379.0,8379.0,0.01802933
8380.0,8380.0,0.2854812
8381.0,8381.0,0.071235806
8382.0,8382.0,0.71246755
8383.0,8383.0,0.11182077
8384.0,8384.0,0.24431266
8385.0,8385.0,0.022467785
8386.0,8386.0,0.8237293
8387.0,8387.0,0.7444131
8388.0,8388.0,1.9317056E-4
8389.0,8389.0,0.16327491
8390.0,8390.0,0.19001877
8391.0,8391.0,0.1752836
8392.0,8392.0,0.07789573
8393.0,8393.0,0.075902894
8394.0,8394.0,0.082825065
8395.0,8395.0,0.27874845
8396.0,8396.0,0.06280367
8397.0,8397.0,0.11807993
8398.0,8398.0,0.77931386
8399.0,8399.0,0.075527504
8400.0,8400.0,0.058214143
8401.0,8401.0,8.4786785E-5
8402.0,8402.0,0.82015103
8403.0,8403.0,0.18459497
8404.0,8404.0,0.74479735
8405.0,8405.0,0.7332985
8406.0,8406.0,0.16004485
8407.0,8407.0,0.11861057
8408.0,8408.0,0.06759825
8409.0,8409.0,0.10317406
8410.0,8410.0,0.3836161
8411.0,8411.0,0.1411461
8412.0,8412.0,0.019042153
8413.0,8413.0,0.121029206
8414.0,8414.0,0.0015879864
8415.0,8415.0,8.109845E-5
8416.0,8416.0,0.7926952
8417.0,8417.0,0.023176722
8418.0,8418.0,0.14377953
8419.0,8419.0,0.01158262
8420.0,8420.0,0.13555446
8421.0,8421.0,0.026163477
8422.0,8422.0,0.06652055
8423.0,8423.0,0.08405389
8424.0,8424.0,0.27776146
8425.0,8425.0,0.16629694
8426.0,8426.0,3.0579948E-4
8427.0,8427.0,0.08478693
8428.0,8428.0,0.0853514
8429.0,8429.0,0.106310144
8430.0,8430.0,0.03398382
8431.0,8431.0,0.04139778
8432.0,8432.0,0.20190154
8433.0,8433.0,0.34579608
8434.0,8434.0,0.093768515
8435.0,8435.0,0.08607611
8436.0,8436.0,0.05816471
8437.0,8437.0,0.10211994
8438.0,8438.0,0.39440733
8439.0,8439.0,0.28220388
8440.0,8440.0,3.267608E-4
8441.0,8441.0,0.1690172
8442.0,8442.0,0.7327782
8443.0,8443.0,0.35403806
8444.0,8444.0,0.14254983
8445.0,8445.0,0.08942503
8446.0,8446.0,0.12037379
8447.0,8447.0,0.038512368
8448.0,8448.0,0.66624427
8449.0,8449.0,0.7727138
8450.0,8450.0,0.040751178
8451.0,8451.0,0.05361839
8452.0,8452.0,0.23009759
8453.0,8453.0,0.22734036
8454.0,8454.0,0.10701755
8455.0,8455.0,0.094556086
8456.0,8456.0,0.036048647
8457.0,8457.0,0.40660092
8458.0,8458.0,0.07369172
8459.0,8459.0,0.07398988
8460.0,8460.0,0.0153397275
8461.0,8461.0,0.14923845
8462.0,8462.0,0.43953204
8463.0,8463.0,0.09240103
8464.0,8464.0,1.6316542E-4
8465.0,8465.0,0.016675567
8466.0,8466.0,8.46507E-4
8467.0,8467.0,0.10266284
8468.0,8468.0,3.100467E-5
8469.0,8469.0,0.68991715
8470.0,8470.0,0.0040906896
8471.0,8471.0,0.0020266455
8472.0,8472.0,0.06379635
8473.0,8473.0,6.4583764E-5
8474.0,8474.0,0.08704401
8475.0,8475.0,0.24763633
8476.0,8476.0,0.0028280623
8477.0,8477.0,0.67016274
8478.0,8478.0,0.11545908
8479.0,8479.0,0.015279589
8480.0,8480.0,0.048012607
8481.0,8481.0,0.102843575
8482.0,8482.0,0.10881483
8483.0,8483.0,0.7920346
8484.0,8484.0,0.0062587517
8485.0,8485.0,0.11977383
8486.0,8486.0,0.112980545
8487.0,8487.0,0.731625
8488.0,8488.0,0.11146594
8489.0,8489.0,0.07595121
8490.0,8490.0,2.837848E-4
8491.0,8491.0,0.12502451
8492.0,8492.0,0.0187388
8493.0,8493.0,0.03278302
8494.0,8494.0,0.4251745
8495.0,8495.0,0.7859894
8496.0,8496.0,4.323827E-4
8497.0,8497.0,0.19599506
8498.0,8498.0,0.33447465
8499.0,8499.0,0.004686638
8500.0,8500.0,5.7037605E-4
8501.0,8501.0,0.18580145
8502.0,8502.0,4.5138766E-4
8503.0,8503.0,0.79486096
8504.0,8504.0,0.771432
8505.0,8505.0,0.7851047
8506.0,8506.0,3.669172E-5
8507.0,8507.0,0.04281355
8508.0,8508.0,0.19016178
8509.0,8509.0,0.055710528
8510.0,8510.0,0.047220156
8511.0,8511.0,0.15646341
8512.0,8512.0,0.13397773
8513.0,8513.0,0.53181875
8514.0,8514.0,9.334651E-5
8515.0,8515.0,0.085819736
8516.0,8516.0,0.0066943713
8517.0,8517.0,9.7675926E-5
8518.0,8518.0,0.07525591
8519.0,8519.0,0.25981015
8520.0,8520.0,0.16177665
8521.0,8521.0,0.777624
8522.0,8522.0,0.021000477
8523.0,8523.0,0.15545279
8524.0,8524.0,0.6599822
8525.0,8525.0,0.7129423
8526.0,8526.0,0.21940139
8527.0,8527.0,0.050245345
8528.0,8528.0,0.7614515
8529.0,8529.0,0.06179467
8530.0,8530.0,0.0013377907
8531.0,8531.0,0.15261647
8532.0,8532.0,0.25832352
8533.0,8533.0,0.09762552
8534.0,8534.0,0.06463304
8535.0,8535.0,0.28871158
8536.0,8536.0,0.0107116485
8537.0,8537.0,0.01504939
8538.0,8538.0,0.10333679
8539.0,8539.0,0.1283495
8540.0,8540.0,0.027392397
8541.0,8541.0,0.027568143
8542.0,8542.0,0.07106092
8543.0,8543.0,0.45181906
8544.0,8544.0,0.72994465
8545.0,8545.0,0.29063097
8546.0,8546.0,0.6994352
8547.0,8547.0,0.05065409
8548.0,8548.0,0.7347277
8549.0,8549.0,0.093023136
8550.0,8550.0,7.5370783E-4
8551.0,8551.0,0.09276284
8552.0,8552.0,8.08184E-4
8553.0,8553.0,0.069707185
8554.0,8554.0,0.23066804
8555.0,8555.0,0.08281907
8556.0,8556.0,0.05043764
8557.0,8557.0,0.10075411
8558.0,8558.0,0.32733044
8559.0,8559.0,0.23623773
8560.0,8560.0,0.044791736
8561.0,8561.0,2.0104508E-5
8562.0,8562.0,0.7442371
8563.0,8563.0,0.01506707
8564.0,8564.0,0.030215167
8565.0,8565.0,0.72825634
8566.0,8566.0,0.08201454
8567.0,8567.0,0.033282887
8568.0,8568.0,0.2035621
8569.0,8569.0,0.36479396
8570.0,8570.0,0.3675711
8571.0,8571.0,0.17270735
8572.0,8572.0,0.14788334
8573.0,8573.0,0.80616874
8574.0,8574.0,0.2964752
8575.0,8575.0,0.05968761
8576.0,8576.0,0.14262392
8577.0,8577.0,0.58619463
8578.0,8578.0,0.09103539
8579.0,8579.0,0.08846267
8580.0,8580.0,0.0014579217
8581.0,8581.0,0.4884571
8582.0,8582.0,0.23535971
8583.0,8583.0,0.72297573
8584.0,8584.0,0.090897135
8585.0,8585.0,0.07821395
8586.0,8586.0,2.6977982E-4
8587.0,8587.0,0.041204423
8588.0,8588.0,0.013948087
8589.0,8589.0,0.15890671
8590.0,8590.0,2.681695E-5
8591.0,8591.0,0.08076134
8592.0,8592.0,0.74836725
8593.0,8593.0,0.048021935
8594.0,8594.0,0.24512498
8595.0,8595.0,0.14255808
8596.0,8596.0,0.059671078
8597.0,8597.0,0.07892032
8598.0,8598.0,0.23717707
8599.0,8599.0,0.13390511
8600.0,8600.0,0.16385445
8601.0,8601.0,0.048275586
8602.0,8602.0,0.107442796
8603.0,8603.0,0.14240941
8604.0,8604.0,0.73382294
8605.0,8605.0,0.7686125
8606.0,8606.0,0.08039083
8607.0,8607.0,0.02531412
8608.0,8608.0,0.0022877941
8609.0,8609.0,0.0050079906
8610.0,8610.0,0.025441818
8611.0,8611.0,0.14348508
8612.0,8612.0,0.6772673
8613.0,8613.0,0.099089466
8614.0,8614.0,0.71409935
8615.0,8615.0,0.7549157
8616.0,8616.0,0.004506581
8617.0,8617.0,0.08233406
8618.0,8618.0,0.54081994
8619.0,8619.0,0.08038182
8620.0,8620.0,0.7019615
8621.0,8621.0,0.003138251
8622.0,8622.0,0.04235078
8623.0,8623.0,0.49278894
8624.0,8624.0,0.064949036
8625.0,8625.0,0.15960774
8626.0,8626.0,1.4523052E-4
8627.0,8627.0,0.032070834
8628.0,8628.0,0.09440515
8629.0,8629.0,0.001992185
8630.0,8630.0,0.38012162
8631.0,8631.0,0.2619946
8632.0,8632.0,2.9030512E-4
8633.0,8633.0,0.07017176
8634.0,8634.0,0.023821928
8635.0,8635.0,0.31960303
8636.0,8636.0,0.028430378
8637.0,8637.0,0.0022965525
8638.0,8638.0,0.028755305
8639.0,8639.0,0.13885179
8640.0,8640.0,0.10584661
8641.0,8641.0,0.006932087
8642.0,8642.0,0.1716272
8643.0,8643.0,0.086007476
8644.0,8644.0,0.507502
8645.0,8645.0,0.024575057
8646.0,8646.0,0.3175854
8647.0,8647.0,0.003205351
8648.0,8648.0,5.3184765E-4
8649.0,8649.0,0.0845264
8650.0,8650.0,0.0018473833
8651.0,8651.0,0.012344233
8652.0,8652.0,0.002909673
8653.0,8653.0,0.5613542
8654.0,8654.0,0.08363292
8655.0,8655.0,0.7481395
8656.0,8656.0,0.045404866
8657.0,8657.0,0.050071083
8658.0,8658.0,0.116731405
8659.0,8659.0,0.06548092
8660.0,8660.0,0.028030286
8661.0,8661.0,0.030079022
8662.0,8662.0,0.06490271
8663.0,8663.0,0.30375844
8664.0,8664.0,0.06430663
8665.0,8665.0,0.09357274
8666.0,8666.0,0.04669852
8667.0,8667.0,0.23100626
8668.0,8668.0,0.068549536
8669.0,8669.0,0.07533748
8670.0,8670.0,0.0013615247
8671.0,8671.0,0.042598363
8672.0,8672.0,0.6999228
8673.0,8673.0,0.12938726
8674.0,8674.0,0.23331994
8675.0,8675.0,0.06977913
8676.0,8676.0,0.56433296
8677.0,8677.0,0.7209362
8678.0,8678.0,0.17533346
8679.0,8679.0,0.0030628047
8680.0,8680.0,0.11935274
8681.0,8681.0,0.08198208
8682.0,8682.0,0.12637308
8683.0,8683.0,0.49980658
8684.0,8684.0,0.07116797
8685.0,8685.0,0.6719949
8686.0,8686.0,0.23242441
8687.0,8687.0,0.06853389
8688.0,8688.0,0.019384291
8689.0,8689.0,0.17818572
8690.0,8690.0,0.007742392
8691.0,8691.0,0.17859295
8692.0,8692.0,0.0011586583
8693.0,8693.0,0.38877866
8694.0,8694.0,0.0024818464
8695.0,8695.0,0.027173858
8696.0,8696.0,0.37049595
8697.0,8697.0,0.39039084
8698.0,8698.0,0.0067430544
8699.0,8699.0,0.034231145
8700.0,8700.0,0.7932661
8701.0,8701.0,0.038324643
8702.0,8702.0,0.011530943
8703.0,8703.0,0.76248145
8704.0,8704.0,0.001234021
8705.0,8705.0,0.010259269
8706.0,8706.0,0.13590878
8707.0,8707.0,0.6897059
8708.0,8708.0,0.36686566
8709.0,8709.0,0.19028196
8710.0,8710.0,0.0039914837
8711.0,8711.0,0.13588546
8712.0,8712.0,3.5931014E-5
8713.0,8713.0,0.10551161
8714.0,8714.0,0.12074511
8715.0,8715.0,0.03280387
8716.0,8716.0,0.08619839
8717.0,8717.0,9.906195E-5
8718.0,8718.0,0.111000076
8719.0,8719.0,0.124285
8720.0,8720.0,0.3977486
8721.0,8721.0,0.05502795
8722.0,8722.0,3.4758844E-4
8723.0,8723.0,0.0080211125
8724.0,8724.0,0.0067485673
8725.0,8725.0,0.49159235
8726.0,8726.0,0.10164985
8727.0,8727.0,0.022554457
8728.0,8728.0,0.012437566
8729.0,8729.0,0.02646128
8730.0,8730.0,0.003810055
8731.0,8731.0,0.02191641
8732.0,8732.0,0.17666432
8733.0,8733.0,0.19324657
8734.0,8734.0,0.021667864
8735.0,8735.0,0.7550039
8736.0,8736.0,0.012229503
8737.0,8737.0,0.7705359
8738.0,8738.0,0.9375958
8739.0,8739.0,0.0815573
8740.0,8740.0,0.07753697
8741.0,8741.0,0.004049734
8742.0,8742.0,0.7512091
8743.0,8743.0,0.14793758
8744.0,8744.0,0.7043507
8745.0,8745.0,0.22379236
8746.0,8746.0,0.15934461
8747.0,8747.0,0.17120478
8748.0,8748.0,1.0554405E-4
8749.0,8749.0,0.16694096
8750.0,8750.0,0.022187477
8751.0,8751.0,0.021948116
8752.0,8752.0,0.14539392
8753.0,8753.0,3.567828E-5
8754.0,8754.0,0.53044343
8755.0,8755.0,0.22925852
8756.0,8756.0,0.14258619
8757.0,8757.0,0.12181071
8758.0,8758.0,0.74396455
8759.0,8759.0,0.65099305
8760.0,8760.0,1.701635E-4
8761.0,8761.0,0.030694192
8762.0,8762.0,1.811303E-4
8763.0,8763.0,0.11170033
8764.0,8764.0,0.046654727
8765.0,8765.0,0.01403279
8766.0,8766.0,0.21752034
8767.0,8767.0,0.34252036
8768.0,8768.0,0.95402414
8769.0,8769.0,0.493078
8770.0,8770.0,0.34897536
8771.0,8771.0,0.06139901
8772.0,8772.0,0.038466908
8773.0,8773.0,8.9755E-5
8774.0,8774.0,0.06848983
8775.0,8775.0,0.0018982199
8776.0,8776.0,0.22000411
8777.0,8777.0,9.963587E-4
8778.0,8778.0,0.25186244
8779.0,8779.0,0.1709614
8780.0,8780.0,0.08411712
8781.0,8781.0,0.077283025
8782.0,8782.0,0.10559425
8783.0,8783.0,0.0012077376
8784.0,8784.0,0.54846466
8785.0,8785.0,0.74342924
8786.0,8786.0,0.033696678
8787.0,8787.0,0.55067104
8788.0,8788.0,0.19916126
8789.0,8789.0,0.5715988
8790.0,8790.0,0.024869595
8791.0,8791.0,0.048272446
8792.0,8792.0,0.43040353
8793.0,8793.0,0.054596912
8794.0,8794.0,0.058816314
8795.0,8795.0,0.14336921
8796.0,8796.0,0.18313754
8797.0,8797.0,0.6205491
8798.0,8798.0,0.18555357
8799.0,8799.0,0.108833365
8800.0,8800.0,0.2594589
8801.0,8801.0,0.37264454
8802.0,8802.0,0.010567596
8803.0,8803.0,0.2674058
8804.0,8804.0,0.44290963
8805.0,8805.0,0.050118543
8806.0,8806.0,0.16505244
8807.0,8807.0,0.66120356
8808.0,8808.0,0.08179357
8809.0,8809.0,0.0455212
8810.0,8810.0,0.061851934
8811.0,8811.0,0.16364856
8812.0,8812.0,0.13404955
8813.0,8813.0,0.017740414
8814.0,8814.0,0.7914809
8815.0,8815.0,0.120334044
8816.0,8816.0,9.808218E-4
8817.0,8817.0,0.009128977
8818.0,8818.0,0.50845623
8819.0,8819.0,0.097301655
8820.0,8820.0,0.6092672
8821.0,8821.0,0.66364557
8822.0,8822.0,0.07996373
8823.0,8823.0,0.083037674
8824.0,8824.0,0.70220214
8825.0,8825.0,0.051693887
8826.0,8826.0,0.14293605
8827.0,8827.0,1.1006339E-4
8828.0,8828.0,3.522312E-5
8829.0,8829.0,0.047136787
8830.0,8830.0,0.14042287
8831.0,8831.0,0.04178933
8832.0,8832.0,0.046152513
8833.0,8833.0,0.22734453
8834.0,8834.0,0.05125962
8835.0,8835.0,0.013525704
8836.0,8836.0,0.16942075
8837.0,8837.0,0.0657309
8838.0,8838.0,0.15530516
8839.0,8839.0,0.6072183
8840.0,8840.0,0.084429465
8841.0,8841.0,0.014173855
8842.0,8842.0,0.77561283
8843.0,8843.0,0.10200285
8844.0,8844.0,0.073389485
8845.0,8845.0,0.023638645
8846.0,8846.0,0.26964915
8847.0,8847.0,0.1093064
8848.0,8848.0,0.13184541
8849.0,8849.0,0.042785063
8850.0,8850.0,0.061264362
8851.0,8851.0,0.002581042
8852.0,8852.0,0.6366872
8853.0,8853.0,0.26548505
8854.0,8854.0,0.052659355
8855.0,8855.0,0.088238716
8856.0,8856.0,0.06842842
8857.0,8857.0,0.15025267
8858.0,8858.0,0.07005233
8859.0,8859.0,0.49090677
8860.0,8860.0,0.02257324
8861.0,8861.0,0.009326422
8862.0,8862.0,0.27772295
8863.0,8863.0,0.44543362
8864.0,8864.0,0.045352906
8865.0,8865.0,0.67162216
8866.0,8866.0,0.036178365
8867.0,8867.0,3.0847683E-4
8868.0,8868.0,0.011047865
8869.0,8869.0,0.011442792
8870.0,8870.0,0.022743275
8871.0,8871.0,0.1494727
8872.0,8872.0,0.040958185
8873.0,8873.0,0.05923505
8874.0,8874.0,0.253652
8875.0,8875.0,0.1173743
8876.0,8876.0,0.009897027
8877.0,8877.0,7.6835786E-5
8878.0,8878.0,0.14494309
8879.0,8879.0,0.13221425
8880.0,8880.0,0.05691847
8881.0,8881.0,0.10353927
8882.0,8882.0,0.024141503
8883.0,8883.0,0.054159004
8884.0,8884.0,0.05202661
8885.0,8885.0,0.08556786
8886.0,8886.0,0.0062109055
8887.0,8887.0,0.06640266
8888.0,8888.0,0.03222893
8889.0,8889.0,0.31514803
8890.0,8890.0,0.026311943
8891.0,8891.0,0.056325287
8892.0,8892.0,0.7617607
8893.0,8893.0,0.025428133
8894.0,8894.0,0.03829728
8895.0,8895.0,0.6981056
8896.0,8896.0,6.1452336E-4
8897.0,8897.0,0.7802392
8898.0,8898.0,0.69513214
8899.0,8899.0,0.15404215
8900.0,8900.0,4.1812054E-5
8901.0,8901.0,0.13418552
8902.0,8902.0,0.123042196
8903.0,8903.0,0.0684425
8904.0,8904.0,0.17194223
8905.0,8905.0,0.10445812
8906.0,8906.0,0.006047386
8907.0,8907.0,0.06571846
8908.0,8908.0,0.6732588
8909.0,8909.0,0.3526114
8910.0,8910.0,0.07113662
8911.0,8911.0,0.10958795
8912.0,8912.0,0.15290777
8913.0,8913.0,0.7047543
8914.0,8914.0,8.9828816E-4
8915.0,8915.0,0.6502423
8916.0,8916.0,0.0581503
8917.0,8917.0,0.09161418
8918.0,8918.0,0.018977772
8919.0,8919.0,0.33158708
8920.0,8920.0,0.07005262
8921.0,8921.0,0.18809623
8922.0,8922.0,0.005330676
8923.0,8923.0,0.065847516
8924.0,8924.0,3.6172598E-4
8925.0,8925.0,0.07337997
8926.0,8926.0,0.80127764
8927.0,8927.0,0.25640118
8928.0,8928.0,0.14097486
8929.0,8929.0,0.6980954
8930.0,8930.0,0.020925254
8931.0,8931.0,0.10799709
8932.0,8932.0,0.06530416
8933.0,8933.0,0.043984883
8934.0,8934.0,0.052804
8935.0,8935.0,0.7485932
8936.0,8936.0,0.06615162
8937.0,8937.0,0.74043095
8938.0,8938.0,0.7410148
8939.0,8939.0,0.076860964
8940.0,8940.0,0.62982714
8941.0,8941.0,0.80480933
8942.0,8942.0,0.0021151858
8943.0,8943.0,0.094505556
8944.0,8944.0,0.14386058
8945.0,8945.0,0.3219147
8946.0,8946.0,0.14142378
8947.0,8947.0,0.4001672
8948.0,8948.0,0.3544136
8949.0,8949.0,0.7463686
8950.0,8950.0,0.67803615
8951.0,8951.0,2.4981937E-5
8952.0,8952.0,0.046374805
8953.0,8953.0,0.06391744
8954.0,8954.0,0.7221717
8955.0,8955.0,0.2940111
8956.0,8956.0,0.059963252
8957.0,8957.0,0.3921413
8958.0,8958.0,0.79426765
8959.0,8959.0,0.09258513
8960.0,8960.0,0.08215181
8961.0,8961.0,8.966599E-5
8962.0,8962.0,0.66845214
8963.0,8963.0,0.078219585
8964.0,8964.0,0.18180265
8965.0,8965.0,0.27489778
8966.0,8966.0,0.013657861
8967.0,8967.0,0.28663144
8968.0,8968.0,0.005234222
8969.0,8969.0,0.094896585
8970.0,8970.0,0.054988053
8971.0,8971.0,0.1887628
8972.0,8972.0,0.1807936
8973.0,8973.0,0.021433748
8974.0,8974.0,0.085895866
8975.0,8975.0,0.13317679
8976.0,8976.0,0.04698842
8977.0,8977.0,0.5184319
8978.0,8978.0,0.34848717
8979.0,8979.0,0.06369881
8980.0,8980.0,0.010781716
8981.0,8981.0,0.07493767
8982.0,8982.0,0.04544055
8983.0,8983.0,0.022353448
8984.0,8984.0,0.4268232
8985.0,8985.0,0.7200261
8986.0,8986.0,0.038810637
8987.0,8987.0,0.2920167
8988.0,8988.0,0.17519754
8989.0,8989.0,0.13008033
8990.0,8990.0,0.16937698
8991.0,8991.0,0.06539442
8992.0,8992.0,0.14281534
8993.0,8993.0,0.18355274
8994.0,8994.0,0.78327453
8995.0,8995.0,0.100327075
8996.0,8996.0,0.05434398
8997.0,8997.0,0.044198293
8998.0,8998.0,8.097789E-5
8999.0,8999.0,0.29848313
9000.0,9000.0,0.14095992
9001.0,9001.0,7.050758E-4
9002.0,9002.0,1.2194027E-4
9003.0,9003.0,0.036979213
9004.0,9004.0,0.0019705615
9005.0,9005.0,0.77166504
9006.0,9006.0,0.19951642
9007.0,9007.0,2.6896433E-4
9008.0,9008.0,0.1774116
9009.0,9009.0,0.21803714
9010.0,9010.0,0.45166898
9011.0,9011.0,0.05292198
9012.0,9012.0,0.093680784
9013.0,9013.0,0.046875477
9014.0,9014.0,0.062953144
9015.0,9015.0,0.11483651
9016.0,9016.0,0.037977424
9017.0,9017.0,0.53031904
9018.0,9018.0,1.2749904E-4
9019.0,9019.0,0.09870675
9020.0,9020.0,9.2375244E-4
9021.0,9021.0,0.07318015
9022.0,9022.0,0.038803622
9023.0,9023.0,0.26472232
9024.0,9024.0,0.09308638
9025.0,9025.0,0.306189
9026.0,9026.0,2.6065229E-5
9027.0,9027.0,0.20502965
9028.0,9028.0,0.47899935
9029.0,9029.0,0.72186
9030.0,9030.0,0.3178849
9031.0,9031.0,0.11867869
9032.0,9032.0,0.29303327
9033.0,9033.0,0.049907934
9034.0,9034.0,0.083932504
9035.0,9035.0,0.020413633
9036.0,9036.0,0.08690981
9037.0,9037.0,0.14401461
9038.0,9038.0,0.048283104
9039.0,9039.0,0.14050892
9040.0,9040.0,0.03285544
9041.0,9041.0,0.016162323
9042.0,9042.0,0.31332716
9043.0,9043.0,7.579249E-4
9044.0,9044.0,0.098424025
9045.0,9045.0,0.06391529
9046.0,9046.0,0.31363243
9047.0,9047.0,1.5259298E-4
9048.0,9048.0,0.057505157
9049.0,9049.0,0.057807874
9050.0,9050.0,0.01784939
9051.0,9051.0,0.053333342
9052.0,9052.0,0.10234532
9053.0,9053.0,3.138039E-5
9054.0,9054.0,0.1909454
9055.0,9055.0,0.0066990736
9056.0,9056.0,0.0011060305
9057.0,9057.0,0.03245803
9058.0,9058.0,0.85008514
9059.0,9059.0,0.73088586
9060.0,9060.0,0.02753896
9061.0,9061.0,0.04716207
9062.0,9062.0,0.16444124
9063.0,9063.0,0.047586843
9064.0,9064.0,0.060883258
9065.0,9065.0,0.6469477
9066.0,9066.0,0.02594824
9067.0,9067.0,0.75654495
9068.0,9068.0,0.0053563123
9069.0,9069.0,0.039097343
9070.0,9070.0,0.24148655
9071.0,9071.0,0.105604194
9072.0,9072.0,0.030717913
9073.0,9073.0,0.18890812
9074.0,9074.0,3.7850425E-4
9075.0,9075.0,0.17121781
9076.0,9076.0,0.14213052
9077.0,9077.0,0.04587548
9078.0,9078.0,0.44592065
9079.0,9079.0,6.6765805E-4
9080.0,9080.0,0.70100623
9081.0,9081.0,0.7390688
9082.0,9082.0,0.20677082
9083.0,9083.0,0.8271849
9084.0,9084.0,0.47910273
9085.0,9085.0,0.035723183
9086.0,9086.0,0.3206375
9087.0,9087.0,0.062319484
9088.0,9088.0,0.014693771
9089.0,9089.0,0.049395148
9090.0,9090.0,0.22346032
9091.0,9091.0,0.0577884
9092.0,9092.0,0.788783
9093.0,9093.0,0.035845906
9094.0,9094.0,0.20638806
9095.0,9095.0,0.036791794
9096.0,9096.0,0.16993931
9097.0,9097.0,0.39576483
9098.0,9098.0,0.0727992
9099.0,9099.0,0.4249753
9100.0,9100.0,0.18552506
9101.0,9101.0,0.11604991
9102.0,9102.0,3.648797E-4
9103.0,9103.0,9.581608E-4
9104.0,9104.0,0.75220186
9105.0,9105.0,0.08388438
9106.0,9106.0,0.25696087
9107.0,9107.0,0.07352977
9108.0,9108.0,0.046391495
9109.0,9109.0,0.08631743
9110.0,9110.0,0.049250692
9111.0,9111.0,0.27002478
9112.0,9112.0,0.013661926
9113.0,9113.0,0.42366296
9114.0,9114.0,4.29452E-4
9115.0,9115.0,0.032794468
9116.0,9116.0,0.20205002
9117.0,9117.0,0.012041703
9118.0,9118.0,0.030219138
9119.0,9119.0,0.11400065
9120.0,9120.0,0.09810425
9121.0,9121.0,0.76678056
9122.0,9122.0,0.26867557
9123.0,9123.0,0.1037443
9124.0,9124.0,0.03531312
9125.0,9125.0,0.3923511
9126.0,9126.0,0.020156315
9127.0,9127.0,0.07770992
9128.0,9128.0,0.58993983
9129.0,9129.0,0.1922901
9130.0,9130.0,0.13769309
9131.0,9131.0,0.75681835
9132.0,9132.0,0.24929745
9133.0,9133.0,0.78485644
9134.0,9134.0,0.14533682
9135.0,9135.0,0.002117677
9136.0,9136.0,3.7533708E-4
9137.0,9137.0,0.060441706
9138.0,9138.0,0.058936242
9139.0,9139.0,0.0015779302
9140.0,9140.0,2.9620607E-5
9141.0,9141.0,0.29844025
9142.0,9142.0,0.07920881
9143.0,9143.0,0.011873253
9144.0,9144.0,0.0030193748
9145.0,9145.0,0.8019511
9146.0,9146.0,0.08818291
9147.0,9147.0,0.013324373
9148.0,9148.0,0.09405059
9149.0,9149.0,0.0069353576
9150.0,9150.0,0.31298232
9151.0,9151.0,0.15216324
9152.0,9152.0,0.02676207
9153.0,9153.0,0.80253744
9154.0,9154.0,0.07076909
9155.0,9155.0,0.37073615
9156.0,9156.0,0.0114423605
9157.0,9157.0,0.04618304
9158.0,9158.0,0.016547812
9159.0,9159.0,0.7576476
9160.0,9160.0,0.09135449
9161.0,9161.0,0.22931299
9162.0,9162.0,0.042451553
9163.0,9163.0,0.34006292
9164.0,9164.0,0.23557958
9165.0,9165.0,0.21463227
9166.0,9166.0,0.12251805
9167.0,9167.0,0.07807276
9168.0,9168.0,2.7135032E-4
9169.0,9169.0,0.020875957
9170.0,9170.0,0.13381319
9171.0,9171.0,4.0824796E-4
9172.0,9172.0,0.07155363
9173.0,9173.0,0.31483394
9174.0,9174.0,0.08825069
9175.0,9175.0,0.11894315
9176.0,9176.0,0.039638944
9177.0,9177.0,0.23677003
9178.0,9178.0,0.0019471307
9179.0,9179.0,0.05048958
9180.0,9180.0,0.48690072
9181.0,9181.0,0.733271
9182.0,9182.0,0.23631094
9183.0,9183.0,0.043226745
9184.0,9184.0,0.094702065
9185.0,9185.0,0.12663303
9186.0,9186.0,0.120331526
9187.0,9187.0,0.43030065
9188.0,9188.0,0.14121863
9189.0,9189.0,0.31789175
9190.0,9190.0,0.1323813
9191.0,9191.0,0.3672408
9192.0,9192.0,0.11919186
9193.0,9193.0,0.6335224
9194.0,9194.0,0.12341612
9195.0,9195.0,0.7784924
9196.0,9196.0,0.11465351
9197.0,9197.0,0.30410174
9198.0,9198.0,0.024172721
9199.0,9199.0,0.1458007
9200.0,9200.0,0.009034472
9201.0,9201.0,0.08106686
9202.0,9202.0,0.13830297
9203.0,9203.0,0.7834214
9204.0,9204.0,0.71057975
9205.0,9205.0,0.7677394
9206.0,9206.0,0.0700237
9207.0,9207.0,0.19025305
9208.0,9208.0,0.09749899
9209.0,9209.0,0.066926464
9210.0,9210.0,5.180874E-4
9211.0,9211.0,0.07639887
9212.0,9212.0,0.6674014
9213.0,9213.0,0.19086371
9214.0,9214.0,0.4559398
9215.0,9215.0,0.0575094
9216.0,9216.0,0.7222932
9217.0,9217.0,0.7871447
9218.0,9218.0,0.048814666
9219.0,9219.0,0.7937908
9220.0,9220.0,0.090185605
9221.0,9221.0,0.10608145
9222.0,9222.0,0.040499475
9223.0,9223.0,8.153312E-5
9224.0,9224.0,0.27414885
9225.0,9225.0,0.38145584
9226.0,9226.0,0.009446084
9227.0,9227.0,0.50311035
9228.0,9228.0,0.02425468
9229.0,9229.0,0.28280666
9230.0,9230.0,0.74019194
9231.0,9231.0,3.5418583E-5
9232.0,9232.0,0.045688078
9233.0,9233.0,0.03126383
9234.0,9234.0,0.6271302
9235.0,9235.0,0.73545736
9236.0,9236.0,0.045552876
9237.0,9237.0,2.4547884E-5
9238.0,9238.0,0.06678367
9239.0,9239.0,0.037272625
9240.0,9240.0,0.35092613
9241.0,9241.0,0.0034257174
9242.0,9242.0,0.106828354
9243.0,9243.0,0.017197253
9244.0,9244.0,0.117490895
9245.0,9245.0,4.9060232E-5
9246.0,9246.0,0.10273851
9247.0,9247.0,0.09555402
9248.0,9248.0,0.10466993
9249.0,9249.0,0.10704801
9250.0,9250.0,4.945663E-5
9251.0,9251.0,0.026729658
9252.0,9252.0,0.040661424
9253.0,9253.0,0.7327349
9254.0,9254.0,0.32137725
9255.0,9255.0,0.20395775
9256.0,9256.0,0.24328925
9257.0,9257.0,0.14182645
9258.0,9258.0,0.29036573
9259.0,9259.0,0.7144466
9260.0,9260.0,0.100282975
9261.0,9261.0,0.027195312
9262.0,9262.0,0.4630158
9263.0,9263.0,0.009829752
9264.0,9264.0,0.007537989
9265.0,9265.0,0.12627484
9266.0,9266.0,3.924151E-4
9267.0,9267.0,0.24748372
9268.0,9268.0,0.057264965
9269.0,9269.0,0.0798836
9270.0,9270.0,0.065682285
9271.0,9271.0,0.018601866
9272.0,9272.0,0.80691105
9273.0,9273.0,0.120088235
9274.0,9274.0,0.61474353
9275.0,9275.0,0.08197769
9276.0,9276.0,0.17872855
9277.0,9277.0,0.09850391
9278.0,9278.0,0.09107409
9279.0,9279.0,0.13176885
9280.0,9280.0,0.63864434
9281.0,9281.0,0.0019917442
9282.0,9282.0,0.12249246
9283.0,9283.0,0.009400361
9284.0,9284.0,0.5487174
9285.0,9285.0,0.05611347
9286.0,9286.0,1.2505086E-4
9287.0,9287.0,0.34998465
9288.0,9288.0,0.12122933
9289.0,9289.0,0.7720883
9290.0,9290.0,0.019866657
9291.0,9291.0,0.116439715
9292.0,9292.0,0.05754606
9293.0,9293.0,0.13223644
9294.0,9294.0,0.23000784
9295.0,9295.0,0.25426108
9296.0,9296.0,0.101129085
9297.0,9297.0,0.7513642
9298.0,9298.0,0.022364002
9299.0,9299.0,0.5976044
9300.0,9300.0,0.1078364
9301.0,9301.0,0.08043223
9302.0,9302.0,0.24510548
9303.0,9303.0,0.1597447
9304.0,9304.0,0.08032911
9305.0,9305.0,2.2646872E-4
9306.0,9306.0,0.02562148
9307.0,9307.0,0.023818195
9308.0,9308.0,0.16129467
9309.0,9309.0,0.2798044
9310.0,9310.0,0.05338624
9311.0,9311.0,0.1445747
9312.0,9312.0,0.71056026
9313.0,9313.0,9.5421635E-4
9314.0,9314.0,0.09927561
9315.0,9315.0,0.047317185
9316.0,9316.0,0.059500612
9317.0,9317.0,0.25437686
9318.0,9318.0,0.03834972
9319.0,9319.0,0.15293583
9320.0,9320.0,0.069319956
9321.0,9321.0,0.061909385
9322.0,9322.0,3.1884506E-4
9323.0,9323.0,0.055949148
9324.0,9324.0,0.16764364
9325.0,9325.0,0.421203
9326.0,9326.0,0.13210717
9327.0,9327.0,0.59108466
9328.0,9328.0,0.7263771
9329.0,9329.0,0.70547354
9330.0,9330.0,0.008419308
9331.0,9331.0,0.22001894
9332.0,9332.0,0.73907894
9333.0,9333.0,0.3349335
9334.0,9334.0,0.08645051
9335.0,9335.0,0.08542256
9336.0,9336.0,0.048336457
9337.0,9337.0,0.72862756
9338.0,9338.0,8.228853E-4
9339.0,9339.0,0.03980865
9340.0,9340.0,0.0069283494
9341.0,9341.0,0.083251886
9342.0,9342.0,0.22203821
9343.0,9343.0,0.062618025
9344.0,9344.0,0.7274439
9345.0,9345.0,0.015501087
9346.0,9346.0,0.11242106
9347.0,9347.0,0.06979524
9348.0,9348.0,0.15315068
9349.0,9349.0,0.2864137
9350.0,9350.0,0.06648094
9351.0,9351.0,0.6992253
9352.0,9352.0,0.02586585
9353.0,9353.0,0.124212414
9354.0,9354.0,0.008263786
9355.0,9355.0,0.12504356
9356.0,9356.0,0.042628553
9357.0,9357.0,0.05883721
9358.0,9358.0,0.1546125
9359.0,9359.0,0.16970232
9360.0,9360.0,0.10844887
9361.0,9361.0,0.03506106
9362.0,9362.0,0.73712605
9363.0,9363.0,0.72355944
9364.0,9364.0,0.094892934
9365.0,9365.0,0.72418255
9366.0,9366.0,0.0437653
9367.0,9367.0,0.14550234
9368.0,9368.0,0.6845668
9369.0,9369.0,0.00787349
9370.0,9370.0,0.0010433601
9371.0,9371.0,0.09396369
9372.0,9372.0,0.10828126
9373.0,9373.0,0.08867564
9374.0,9374.0,0.0768489
9375.0,9375.0,0.07872497
9376.0,9376.0,0.08698669
9377.0,9377.0,0.23090322
9378.0,9378.0,0.7567963
9379.0,9379.0,0.08417726
9380.0,9380.0,0.43604013
9381.0,9381.0,0.110705264
9382.0,9382.0,0.7507552
9383.0,9383.0,0.0018998965
9384.0,9384.0,0.06805645
9385.0,9385.0,3.0192095E-4
9386.0,9386.0,0.04924397
9387.0,9387.0,0.1102172
9388.0,9388.0,0.19199903
9389.0,9389.0,0.01857987
9390.0,9390.0,0.07808886
9391.0,9391.0,0.5233173
9392.0,9392.0,0.12952437
9393.0,9393.0,0.037107393
9394.0,9394.0,0.049783476
9395.0,9395.0,0.080309555
9396.0,9396.0,0.0014593651
9397.0,9397.0,0.1286495
9398.0,9398.0,0.17474513
9399.0,9399.0,9.369573E-5
9400.0,9400.0,0.019262334
9401.0,9401.0,0.75965893
9402.0,9402.0,0.29262224
9403.0,9403.0,0.16059324
9404.0,9404.0,0.046246782
9405.0,9405.0,0.1576393
9406.0,9406.0,0.09203892
9407.0,9407.0,0.07351336
9408.0,9408.0,0.38659325
9409.0,9409.0,8.5563646E-5
9410.0,9410.0,0.086660974
9411.0,9411.0,0.015640453
9412.0,9412.0,0.040766247
9413.0,9413.0,0.13023038
9414.0,9414.0,0.11720569
9415.0,9415.0,0.024575952
9416.0,9416.0,0.1713576
9417.0,9417.0,0.06776199
9418.0,9418.0,0.0070887944
9419.0,9419.0,0.2182932
9420.0,9420.0,0.11228887
9421.0,9421.0,0.30558026
9422.0,9422.0,0.056950867
9423.0,9423.0,0.0015277872
9424.0,9424.0,0.082949735
9425.0,9425.0,0.16399047
9426.0,9426.0,0.057742264
9427.0,9427.0,0.022712374
9428.0,9428.0,0.13407363
9429.0,9429.0,0.06623784
9430.0,9430.0,0.6467193
9431.0,9431.0,0.009502725
9432.0,9432.0,0.7147122
9433.0,9433.0,0.37656298
9434.0,9434.0,0.30020005
9435.0,9435.0,0.21629673
9436.0,9436.0,0.46350902
9437.0,9437.0,0.4809174
9438.0,9438.0,0.7513129
9439.0,9439.0,0.11359863
9440.0,9440.0,0.50567657
9441.0,9441.0,0.07347146
9442.0,9442.0,0.12257573
9443.0,9443.0,0.16030586
9444.0,9444.0,0.61882573
9445.0,9445.0,0.12790905
9446.0,9446.0,0.09313834
9447.0,9447.0,0.026272312
9448.0,9448.0,0.045164943
9449.0,9449.0,0.23549579
9450.0,9450.0,0.09945096
9451.0,9451.0,0.090924025
9452.0,9452.0,0.08981751
9453.0,9453.0,0.8262932
9454.0,9454.0,0.12887897
9455.0,9455.0,0.02307917
9456.0,9456.0,0.023719057
9457.0,9457.0,0.072605945
9458.0,9458.0,0.029605787
9459.0,9459.0,0.8132051
9460.0,9460.0,0.13048841
9461.0,9461.0,1.2426295E-4
9462.0,9462.0,0.13091442
9463.0,9463.0,0.5416616
9464.0,9464.0,0.17630988
9465.0,9465.0,0.2096612
9466.0,9466.0,0.18034565
9467.0,9467.0,0.10780489
9468.0,9468.0,0.024884555
9469.0,9469.0,0.70274675
9470.0,9470.0,0.57340765
9471.0,9471.0,0.70503104
9472.0,9472.0,0.034199346
9473.0,9473.0,0.092417605
9474.0,9474.0,0.1501801
9475.0,9475.0,0.001804658
9476.0,9476.0,0.4507624
9477.0,9477.0,0.06548767
9478.0,9478.0,0.11319089
9479.0,9479.0,0.32719794
9480.0,9480.0,0.050384022
9481.0,9481.0,0.102887265
9482.0,9482.0,0.057688195
9483.0,9483.0,0.29284278
9484.0,9484.0,0.17708275
9485.0,9485.0,9.1539645E-5
9486.0,9486.0,0.75786483
9487.0,9487.0,0.30270416
9488.0,9488.0,2.8416884E-4
9489.0,9489.0,0.3649468
9490.0,9490.0,0.40766284
9491.0,9491.0,0.058039047
9492.0,9492.0,0.0071504414
9493.0,9493.0,0.47422802
9494.0,9494.0,0.1347258
9495.0,9495.0,0.06436524
9496.0,9496.0,0.0051999493
9497.0,9497.0,0.02982988
9498.0,9498.0,0.31152236
9499.0,9499.0,0.45990282
9500.0,9500.0,0.061657082
9501.0,9501.0,2.8256644E-4
9502.0,9502.0,0.011665715
9503.0,9503.0,0.036889397
9504.0,9504.0,2.4440594E-4
9505.0,9505.0,0.75566757
9506.0,9506.0,0.019863645
9507.0,9507.0,0.11646035
9508.0,9508.0,0.042428054
9509.0,9509.0,0.12565778
9510.0,9510.0,0.36983338
9511.0,9511.0,0.0069132256
9512.0,9512.0,0.5061085
9513.0,9513.0,0.088185914
9514.0,9514.0,0.7754836
9515.0,9515.0,0.12140053
9516.0,9516.0,0.037631907
9517.0,9517.0,0.03353083
9518.0,9518.0,0.060395848
9519.0,9519.0,0.17864065
9520.0,9520.0,0.037962306
9521.0,9521.0,1.5942042E-4
9522.0,9522.0,0.66121876
9523.0,9523.0,6.1654876E-4
9524.0,9524.0,0.323091
9525.0,9525.0,0.07478329
9526.0,9526.0,0.02112893
9527.0,9527.0,7.9023666E-5
9528.0,9528.0,0.18341635
9529.0,9529.0,0.009954147
9530.0,9530.0,0.24130471
9531.0,9531.0,0.032396436
9532.0,9532.0,0.042608943
9533.0,9533.0,0.73480695
9534.0,9534.0,0.06131674
9535.0,9535.0,0.04269873
9536.0,9536.0,0.092783
9537.0,9537.0,0.7800439
9538.0,9538.0,0.074992515
9539.0,9539.0,0.17516847
9540.0,9540.0,0.22517283
9541.0,9541.0,0.18660146
9542.0,9542.0,0.89658463
9543.0,9543.0,0.0399743
9544.0,9544.0,0.05852964
9545.0,9545.0,0.052871164
9546.0,9546.0,3.6435394E-4
9547.0,9547.0,0.021278117
9548.0,9548.0,0.006896045
9549.0,9549.0,0.079152316
9550.0,9550.0,0.19285597
9551.0,9551.0,0.14999251
9552.0,9552.0,0.02318662
9553.0,9553.0,0.03693351
9554.0,9554.0,0.2377944
9555.0,9555.0,0.08438621
9556.0,9556.0,0.44727808
9557.0,9557.0,0.7135364
9558.0,9558.0,0.03335689
9559.0,9559.0,0.33031148
9560.0,9560.0,0.36004
9561.0,9561.0,0.06409676
9562.0,9562.0,0.18894713
9563.0,9563.0,0.006836355
9564.0,9564.0,0.07599605
9565.0,9565.0,0.14189725
9566.0,9566.0,0.08907842
9567.0,9567.0,6.7867606E-4
9568.0,9568.0,0.10155791
9569.0,9569.0,0.028785724
9570.0,9570.0,0.025309341
9571.0,9571.0,0.36111718
9572.0,9572.0,0.04624172
9573.0,9573.0,0.7604735
9574.0,9574.0,0.14613743
9575.0,9575.0,0.6981763
9576.0,9576.0,0.7490997
9577.0,9577.0,0.11106705
9578.0,9578.0,0.011172949
9579.0,9579.0,2.2378976E-5
9580.0,9580.0,0.219021
9581.0,9581.0,0.10001778
9582.0,9582.0,0.12337907
9583.0,9583.0,0.7881058
9584.0,9584.0,0.04602302
9585.0,9585.0,0.7671538
9586.0,9586.0,0.08914158
9587.0,9587.0,0.02861837
9588.0,9588.0,0.09846039
9589.0,9589.0,0.17170833
9590.0,9590.0,0.41752738
9591.0,9591.0,0.021536607
9592.0,9592.0,0.77197415
9593.0,9593.0,0.00297425
9594.0,9594.0,0.40235662
9595.0,9595.0,0.034435533
9596.0,9596.0,0.3373174
9597.0,9597.0,0.73944557
9598.0,9598.0,7.570041E-5
9599.0,9599.0,0.78297806
9600.0,9600.0,0.040118787
9601.0,9601.0,7.936693E-4
9602.0,9602.0,0.007955172
9603.0,9603.0,0.07148509
9604.0,9604.0,0.13855286
9605.0,9605.0,0.20679462
9606.0,9606.0,0.027913967
9607.0,9607.0,0.069899
9608.0,9608.0,0.059383657
9609.0,9609.0,0.20229802
9610.0,9610.0,0.13017279
9611.0,9611.0,0.08181677
9612.0,9612.0,0.009563612
9613.0,9613.0,9.891258E-5
9614.0,9614.0,0.012676341
9615.0,9615.0,0.72263426
9616.0,9616.0,0.12038693
9617.0,9617.0,0.006015104
9618.0,9618.0,0.36520734
9619.0,9619.0,3.8546327E-4
9620.0,9620.0,0.023101382
9621.0,9621.0,0.039201137
9622.0,9622.0,0.0073723
9623.0,9623.0,0.0048976084
9624.0,9624.0,0.17993642
9625.0,9625.0,0.76356393
9626.0,9626.0,0.06273405
9627.0,9627.0,0.42591164
9628.0,9628.0,0.15775245
9629.0,9629.0,0.12673855
9630.0,9630.0,0.100363776
9631.0,9631.0,0.096731186
9632.0,9632.0,0.81617683
9633.0,9633.0,0.3232282
9634.0,9634.0,0.080773145
9635.0,9635.0,0.16221192
9636.0,9636.0,0.07975734
9637.0,9637.0,0.06354406
9638.0,9638.0,0.034237854
9639.0,9639.0,0.20723583
9640.0,9640.0,0.022958992
