Raw value,Corresponding cumulative value,Corresponding Cloglog value,Fractional area,Training omission,Test omission
1.93482E-10,0.000000019,0.000000229,1,0,0
2.46419E-10,0.000000044,0.000000292,0.99989605,0,0
3.94378E-10,0.000000113,0.000000468,0.99968815,0,0
5.15875E-10,0.000000293,0.000000612,0.999272349,0,0
9.57152E-10,0.000001086,0.000001135,0.998128898,0,0
1.42855E-9,0.000002572,0.000001694,0.996881497,0,0
2.81034E-9,0.000010019,0.000003332,0.992931393,0,0
5.72125E-9,0.000025176,0.000006783,0.989085239,0,0
9.7467E-9,0.000050393,0.000011555,0.985654886,0,0
1.62491E-8,0.000100634,0.000019264,0.981496881,0,0
3.08651E-8,0.000252126,0.000036591,0.974844075,0,0
4.51707E-8,0.000504106,0.00005355,0.968087318,0,0
6.23556E-8,0.001003146,0.000073921,0.958523909,0,0
9.17659E-8,0.002501785,0.000108785,0.938565489,0,0
1.28681E-7,0.005002612,0.000152543,0.914760915,0,0
1.78402E-7,0.010007474,0.000211477,0.880873181,0,0
3.06872E-7,0.025012618,0.000363738,0.815384615,0,0
4.94073E-7,0.050001012,0.000585564,0.7497921,0,0
8.6445E-7,0.100084732,0.001024302,0.672037422,0,0
1.49898E-6,0.200028927,0.001775499,0.581185031,0,0
2.11045E-6,0.300098464,0.002498864,0.522869023,0,0
2.78917E-6,0.400083831,0.003301169,0.47972973,0,0
3.38531E-6,0.500095508,0.004005331,0.446257796,0,0
3.91938E-6,0.60034963,0.004635737,0.417671518,0,0
4.42553E-6,0.700087971,0.00523283,0.392827443,0,0
4.70801E-6,0.750041991,0.005565912,0.381496881,0,0
5.00151E-6,0.80018976,0.005911869,0.370790021,0,0
5.5633E-6,0.9000624,0.006573727,0.351143451,0,0
6.20797E-6,1.00015769,0.007332687,0.333471933,0,0
6.8675E-6,1.100124565,0.008108539,0.317567568,0,0
7.70894E-6,1.200691474,0.009097506,0.303222453,0,0
8.31079E-6,1.300643039,0.009804267,0.29022869,0,0
9.13717E-6,1.400391802,0.010773876,0.278274428,0,0
9.92944E-6,1.500523348,0.011702577,0.267359667,0,0
1.24934E-5,1.750244609,0.014702076,0.243970894,0,0
1.54273E-5,2.000315245,0.018123237,0.225155925,0,0
1.81735E-5,2.250471567,0.021314659,0.20977131,0,0
2.1182E-5,2.500729552,0.02479905,0.196465696,0,0
2.50287E-5,2.751487947,0.029236234,0.185135135,0,0
2.90732E-5,3.001906395,0.03387972,0.175467775,0,0
3.29317E-5,3.252630574,0.038289003,0.167047817,0,0
3.75141E-5,3.502710756,0.043499374,0.15966736,0,0
4.28393E-5,3.752244603,0.049518898,0.153222453,0,0
4.76436E-5,4.004272971,0.05491711,0.147401247,0,0
5.53491E-5,4.255056869,0.063511256,0.142307692,0,0
6.17018E-5,4.503066497,0.070537722,0.137941788,0,0
6.84866E-5,4.751539036,0.07798381,0.133991684,0,0
7.66751E-5,5.004390433,0.086891211,0.13035343,0,0
8.25671E-5,5.250196311,0.093247099,0.127130977,0,0
9.27386E-5,5.504310411,0.10411563,0.124116424,0,0
1.01919E-4,5.759358818,0.113813461,0.121413721,0,0
1.10539E-4,6.004603715,0.122822895,0.119022869,0,0
1.18503E-4,6.257107341,0.1310659,0.116735967,0,0
1.29418E-4,6.505909519,0.142237402,0.114656965,0,0
1.36728E-4,6.758571719,0.149639195,0.112681913,0,0
1.45506E-4,7.012630977,0.158442342,0.110810811,0,0
1.51423E-4,7.250992442,0.164325296,0.109147609,0,0
1.62171E-4,7.501194713,0.174905669,0.107484407,0,0
1.71766E-4,7.75273011,0.184238258,0.105925156,0,0
1.8333E-4,8.002774741,0.195345155,0.104469854,0,0
1.8862E-4,8.264219793,0.200376182,0.103014553,0,0
1.97153E-4,8.516114118,0.208424023,0.101663202,0,0.1
2.03471E-4,8.756629351,0.214331373,0.1004158,0,0.1
2.10848E-4,9.005716049,0.221172692,0.099168399,0,0.1
2.18745E-4,9.263842202,0.228429345,0.097920998,0,0.2
2.27524E-4,9.509707902,0.236418669,0.096777547,0,0.2
2.3671E-4,9.764722594,0.244688561,0.095634096,0,0.2
2.42949E-4,10.004579709,0.250254955,0.094594595,0,0.2
2.51814E-4,10.252594154,0.258092837,0.093555094,0,0.2
2.5871E-4,10.508617056,0.26413397,0.092515593,0,0.2
2.68458E-4,10.771799141,0.272588704,0.091476091,0,0.2
2.72724E-4,11.015967745,0.276258203,0.090540541,0,0.2
2.8016E-4,11.264698009,0.282610728,0.08960499,0,0.2
2.9057E-4,11.521277691,0.291409396,0.088669439,0,0.2
2.95646E-4,11.756508608,0.295660851,0.087837838,0,0.2
3.00018E-4,12.025096945,0.299302269,0.086902287,0,0.2
3.05912E-4,12.267392357,0.304181275,0.086070686,0.05,0.2
3.13358E-4,12.514869649,0.310296675,0.085239085,0.05,0.2
3.1821E-4,12.768283258,0.314252662,0.084407484,0.05,0.2
3.26688E-4,13.026817201,0.321110198,0.083575884,0.075,0.2
3.36374E-4,13.258774245,0.328861164,0.082848233,0.075,0.2
3.46653E-4,13.532588499,0.336990175,0.082016632,0.075,0.2
3.50517E-4,13.776689293,0.340020224,0.081288981,0.075,0.2
3.60369E-4,14.026357412,0.347684275,0.080561331,0.075,0.3
3.67243E-4,14.281253811,0.352978599,0.07983368,0.075,0.3
3.7177E-4,14.503962451,0.356441445,0.079209979,0.075,0.3
3.8703E-4,14.769756483,0.367979362,0.078482328,0.075,0.3
3.89871E-4,15.002928675,0.37010493,0.077858628,0.1,0.3
4.00193E-4,15.280319265,0.377765877,0.077130977,0.1,0.3
4.08894E-4,15.523661318,0.384151052,0.076507277,0.1,0.3
4.24384E-4,15.77413727,0.395357674,0.075883576,0.1,0.3
4.45158E-4,16.034868606,0.410066849,0.075259875,0.1,0.3
4.52038E-4,16.259954445,0.414858791,0.074740125,0.1,0.4
4.60944E-4,16.534183528,0.421004204,0.074116424,0.1,0.4
4.64306E-4,16.765614437,0.423307666,0.073596674,0.1,0.4
4.69407E-4,17.046285924,0.426784834,0.072972973,0.1,0.4
4.76859E-4,17.283158189,0.431826041,0.072453222,0.1,0.4
4.86313E-4,17.523656762,0.438158493,0.071933472,0.1,0.4
4.92966E-4,17.768308431,0.442572933,0.071413721,0.1,0.4
4.97785E-4,18.016224701,0.445748561,0.070893971,0.1,0.4
5.04529E-4,18.26691516,0.450161834,0.07037422,0.125,0.5
5.08264E-4,18.520415077,0.452591102,0.06985447,0.125,0.5
5.19022E-4,18.776855022,0.4595283,0.069334719,0.15,0.5
5.27046E-4,19.038593095,0.464645673,0.068814969,0.15,0.5
5.35575E-4,19.251095067,0.470031572,0.068399168,0.15,0.5
5.46006E-4,19.522188658,0.476544445,0.067879418,0.15,0.5
5.51573E-4,19.797048017,0.479987842,0.067359667,0.15,0.5
5.53603E-4,20.018237343,0.481237892,0.066943867,0.15,0.5
5.59204E-4,20.296606873,0.484670944,0.066424116,0.175,0.5
5.62974E-4,20.521363622,0.486969461,0.066008316,0.2,0.5
5.69254E-4,20.804883749,0.490774359,0.065488565,0.2,0.5
5.75238E-4,21.03348382,0.494374224,0.065072765,0.2,0.5
5.86568E-4,21.266083997,0.501120683,0.064656965,0.2,0.5
5.96252E-4,21.503681642,0.506815155,0.064241164,0.2,0.5
6.05719E-4,21.8050852,0.512319215,0.063721414,0.225,0.5
6.10657E-4,22.048341775,0.515166067,0.063305613,0.225,0.5
6.21352E-4,22.295344629,0.521274539,0.062889813,0.225,0.5
6.32376E-4,22.547459585,0.527490446,0.062474012,0.225,0.5
6.35496E-4,22.801133138,0.529235034,0.062058212,0.225,0.5
6.39472E-4,23.056247102,0.531448983,0.061642412,0.225,0.5
6.43839E-4,23.313103531,0.533868392,0.061226611,0.225,0.5
6.46489E-4,23.506841126,0.535330246,0.060914761,0.225,0.5
6.57711E-4,23.768064013,0.541471237,0.06049896,0.225,0.5
6.75268E-4,24.035316282,0.550916536,0.06008316,0.225,0.5
6.88386E-4,24.308126722,0.557846548,0.05966736,0.25,0.5
6.92676E-4,24.51557361,0.56008976,0.059355509,0.25,0.5
6.97975E-4,24.793651689,0.562844354,0.058939709,0.25,0.5
7.04791E-4,25.004421824,0.566362734,0.058627859,0.25,0.5
7.09956E-4,25.287588112,0.56900995,0.058212058,0.25,0.5
7.15143E-4,25.502044268,0.571652173,0.057900208,0.25,0.5
7.25914E-4,25.790737825,0.577087188,0.057484407,0.25,0.5
7.30456E-4,26.009391664,0.579358162,0.057172557,0.25,0.5
7.38587E-4,26.303757509,0.583393334,0.056756757,0.25,0.5
7.45578E-4,26.526345331,0.586831935,0.056444906,0.25,0.5
7.49289E-4,26.750815989,0.588645561,0.056133056,0.25,0.5
7.60375E-4,27.05442796,0.594016871,0.055717256,0.25,0.5
7.66653E-4,27.283418484,0.597026888,0.055405405,0.25,0.5
7.73472E-4,27.514659517,0.600271763,0.055093555,0.25,0.5
7.81161E-4,27.825181438,0.603898753,0.054677755,0.25,0.5
7.87792E-4,28.060277896,0.607000655,0.054365904,0.275,0.5
8.01439E-4,28.299410336,0.613307681,0.054054054,0.275,0.5
8.12199E-4,28.541824628,0.618208932,0.053742204,0.275,0.5
8.45776E-4,28.789451932,0.633108144,0.053430353,0.275,0.5
8.52065E-4,29.044143715,0.6358335,0.053118503,0.275,0.5
8.61498E-4,29.301973532,0.639883106,0.052806653,0.275,0.5
8.66727E-4,29.561409308,0.642108772,0.052494802,0.275,0.5
8.84524E-4,29.825256805,0.64958081,0.052182952,0.275,0.5
8.94435E-4,30.004092073,0.653673811,0.051975052,0.3,0.5
9.06504E-4,30.27478607,0.658593939,0.051663202,0.3,0.5
9.32239E-4,30.552712383,0.668852811,0.051351351,0.3,0.5
9.41976E-4,30.83392698,0.672653308,0.051039501,0.3,0.5
9.48795E-4,31.023315554,0.675288997,0.050831601,0.325,0.5
9.55256E-4,31.309526031,0.677766547,0.050519751,0.35,0.5
9.56846E-4,31.500792019,0.67837344,0.05031185,0.375,0.5
9.72967E-4,31.791654781,0.684462049,0.05,0.375,0.5
9.76592E-4,32.084346264,0.68581516,0.04968815,0.375,0.5
9.78695E-4,32.279913164,0.686597509,0.049480249,0.375,0.5
9.81588E-4,32.574074547,0.687670688,0.049168399,0.375,0.5
9.84204E-4,32.770823405,0.688637604,0.048960499,0.4,0.5
9.88545E-4,33.067203719,0.690236096,0.048648649,0.4,0.5
9.90035E-4,33.265088232,0.690782725,0.048440748,0.4,0.5
9.92973E-4,33.562597391,0.691857885,0.048128898,0.4,0.5
9.98013E-4,33.762145062,0.693693587,0.047920998,0.4,0.6
1.00095E-3,34.062143439,0.694756963,0.047609148,0.4,0.6
1.0025E-3,34.262526438,0.695318185,0.047401247,0.4,0.6
1.01443E-3,34.565410365,0.699595913,0.047089397,0.4,0.6
1.01529E-3,34.768456423,0.699905042,0.046881497,0.4,0.6
1.01691E-3,35.073394021,0.700478445,0.046569647,0.4,0.6
1.01881E-3,35.277034086,0.701154038,0.046361746,0.4,0.6
1.0202E-3,35.582890683,0.701643988,0.046049896,0.4,0.6
1.02334E-3,35.787525943,0.702752331,0.045841996,0.4,0.6
1.02474E-3,36.094781357,0.703248459,0.045530146,0.4,0.6
1.02685E-3,36.30004713,0.703988759,0.045322245,0.4,0.6
1.02872E-3,36.50574729,0.704642431,0.045114345,0.4,0.6
1.03109E-3,36.814933556,0.705474139,0.044802495,0.4,0.6
1.03449E-3,37.021567149,0.706658416,0.044594595,0.4,0.6
1.03998E-3,37.333012426,0.708561802,0.044282744,0.4,0.6
1.04328E-3,37.541615572,0.709697943,0.044074844,0.4,0.6
1.04343E-3,37.750290884,0.709750258,0.043866944,0.4,0.6
1.04604E-3,38.063867868,0.710647728,0.043555094,0.4,0.6
1.04731E-3,38.273321929,0.711081718,0.043347193,0.4,0.6
1.04979E-3,38.588158958,0.71193125,0.043035343,0.4,0.6
1.05132E-3,38.798330251,0.71245106,0.042827443,0.4,0.6
1.05273E-3,39.008751273,0.712931573,0.042619543,0.4,0.6
1.05731E-3,39.325726412,0.714486999,0.042307692,0.4,0.6
1.05787E-3,39.537254857,0.714675124,0.042099792,0.4,0.6
1.06083E-3,39.855403139,0.715675846,0.041787942,0.4,0.6
1.06229E-3,40.067859378,0.716167664,0.041580042,0.4,0.6
1.06553E-3,40.28067927,0.717257232,0.041372141,0.4,0.6
1.06688E-3,40.600575753,0.71770823,0.041060291,0.425,0.6
1.06952E-3,40.814298191,0.718590842,0.040852391,0.425,0.7
1.07325E-3,41.028715447,0.719831448,0.040644491,0.425,0.7
1.07714E-3,41.351732522,0.721120058,0.04033264,0.425,0.7
1.07822E-3,41.567304431,0.7214785,0.04012474,0.425,0.7
1.0793E-3,41.783075296,0.721833255,0.03991684,0.425,0.7
1.08042E-3,42.107085991,0.722202129,0.03960499,0.425,0.7
1.08182E-3,42.323343165,0.722662401,0.039397089,0.425,0.7
1.0838E-3,42.540095743,0.723314674,0.039189189,0.45,0.7
1.08618E-3,42.757171201,0.724094793,0.038981289,0.45,0.7
1.08992E-3,43.083667841,0.725315331,0.038669439,0.45,0.7
1.09035E-3,43.301732848,0.725453301,0.038461538,0.45,0.7
1.09152E-3,43.520022957,0.725833192,0.038253638,0.45,0.7
1.09345E-3,43.847774856,0.726462693,0.037941788,0.45,0.7
1.09623E-3,44.066957936,0.727360342,0.037733888,0.45,0.7
1.099E-3,44.286505639,0.728254095,0.037525988,0.45,0.7
1.10174E-3,44.506580038,0.72913558,0.037318087,0.45,0.7
1.10685E-3,44.838119661,0.730773201,0.037006237,0.45,0.7
1.10913E-3,45.059850735,0.731500564,0.036798337,0.45,0.7
1.11075E-3,45.281858284,0.732013131,0.036590437,0.45,0.7
1.11375E-3,45.50446024,0.732966688,0.036382536,0.475,0.7
1.11658E-3,45.839066667,0.733859777,0.036070686,0.5,0.7
1.12067E-3,46.062961051,0.735147744,0.035862786,0.5,0.7
1.12086E-3,46.287120558,0.735207045,0.035654886,0.5,0.7
1.1214E-3,46.511393458,0.735374974,0.035446985,0.5,0.7
1.12657E-3,46.848934968,0.736994879,0.035135135,0.525,0.7
1.12839E-3,47.0745864,0.737560572,0.034927235,0.525,0.7
1.13213E-3,47.30087976,0.738722616,0.034719335,0.525,0.7
1.13616E-3,47.527784378,0.739965472,0.034511435,0.525,0.7
1.14031E-3,47.755812539,0.741243285,0.034303534,0.525,0.7
1.14162E-3,48.098145992,0.741643964,0.033991684,0.525,0.7
1.14288E-3,48.326640587,0.742031427,0.033783784,0.525,0.7
1.14718E-3,48.555750299,0.74334117,0.033575884,0.55,0.7
1.14808E-3,48.785306856,0.74361523,0.033367983,0.55,0.7
1.15352E-3,49.015797447,0.745264998,0.033160083,0.55,0.7
1.1637E-3,49.364030773,0.748320978,0.032848233,0.55,0.7
1.16553E-3,49.597073648,0.748865828,0.032640333,0.55,0.7
1.16918E-3,49.83063596,0.749948526,0.032432432,0.55,0.7
1.17191E-3,50.0650024,0.75075869,0.032224532,0.55,0.7
1.17572E-3,50.300092588,0.751881667,0.032016632,0.55,0.7
1.17779E-3,50.535561011,0.752489615,0.031808732,0.55,0.7
1.17836E-3,50.771197129,0.752656461,0.031600832,0.55,0.7
1.18134E-3,51.007171105,0.753528001,0.031392931,0.55,0.7
1.18827E-3,51.362582773,0.755545675,0.031081081,0.55,0.7
1.19435E-3,51.60092307,0.757299954,0.030873181,0.55,0.7
1.20061E-3,51.840914643,0.759095985,0.030665281,0.55,0.7
1.20198E-3,52.081243178,0.75948487,0.03045738,0.55,0.7
1.2111E-3,52.322572089,0.76207227,0.03024948,0.55,0.7
1.21237E-3,52.565014466,0.762428984,0.03004158,0.55,0.7
1.23088E-3,52.810708734,0.767585647,0.02983368,0.55,0.7
1.2339E-3,53.057381993,0.768416173,0.02962578,0.55,0.7
1.24352E-3,53.305185396,0.771044439,0.029417879,0.55,0.7
1.24643E-3,53.554232948,0.771832671,0.029209979,0.55,0.7
1.25179E-3,53.804254358,0.773278372,0.029002079,0.55,0.7
1.25668E-3,54.055429434,0.774589213,0.028794179,0.55,0.7
1.26335E-3,54.308013401,0.776362417,0.028586279,0.55,0.7
1.26798E-3,54.561392705,0.777586179,0.028378378,0.55,0.7
1.27454E-3,54.816152164,0.779309915,0.028170478,0.55,0.7
1.28105E-3,55.072135209,0.781006333,0.027962578,0.55,0.7
1.29217E-3,55.330078802,0.783876198,0.027754678,0.575,0.7
1.29994E-3,55.58932625,0.785855934,0.027546778,0.575,0.7
1.30172E-3,55.84963854,0.786307254,0.027338877,0.575,0.7
1.30914E-3,56.111366706,0.788179006,0.027130977,0.575,0.7
1.31724E-3,56.374529766,0.790203889,0.026923077,0.575,0.7
1.31746E-3,56.506276194,0.790259938,0.026819127,0.575,0.7
1.31925E-3,56.769962459,0.790702637,0.026611227,0.575,0.7
1.3222E-3,57.034342403,0.791435036,0.026403326,0.575,0.7
1.32768E-3,57.299373111,0.792784126,0.026195426,0.575,0.7
1.32843E-3,57.565004418,0.792968815,0.025987526,0.575,0.7
1.33125E-3,57.831062495,0.793659225,0.025779626,0.575,0.7
1.33194E-3,58.097441275,0.793828655,0.025571726,0.6,0.7
1.33727E-3,58.3646894,0.795127792,0.025363825,0.6,0.7
1.34455E-3,58.633429948,0.796888372,0.025155925,0.6,0.7
1.34899E-3,58.768328549,0.797953236,0.025051975,0.6,0.8
1.35546E-3,59.039243968,0.799498803,0.024844075,0.6,0.8
1.35674E-3,59.310581223,0.799802633,0.024636175,0.6,0.8
1.3645E-3,59.583337237,0.801635977,0.024428274,0.6,0.8
1.3695E-3,59.857226748,0.802808801,0.024220374,0.6,0.8
1.37643E-3,60.132411989,0.804420564,0.024012474,0.6,0.8
1.37826E-3,60.270237593,0.804844077,0.023908524,0.6,0.8
1.38329E-3,60.54670759,0.806005825,0.023700624,0.6,0.8
1.38845E-3,60.82410986,0.80718773,0.023492723,0.6,0.8
1.39333E-3,61.102759226,0.808301351,0.023284823,0.6,0.8
1.39626E-3,61.381815034,0.808965805,0.023076923,0.6,0.8
1.39933E-3,61.521747834,0.80965894,0.022972973,0.6,0.8
1.40181E-3,61.802072638,0.810219249,0.022765073,0.6,0.8
1.41629E-3,62.08507835,0.813447958,0.022557173,0.6,0.8
1.42288E-3,62.369141109,0.814899953,0.022349272,0.6,0.8
1.42872E-3,62.512013141,0.816177209,0.022245322,0.6,0.8
1.43076E-3,62.798053806,0.816621416,0.022037422,0.6,0.8
1.43642E-3,63.085123658,0.817848341,0.021829522,0.6,0.8
1.43867E-3,63.372704969,0.818332296,0.021621622,0.6,0.8
1.44018E-3,63.516722873,0.818657482,0.021517672,0.6,0.8
1.44451E-3,63.805616475,0.819585482,0.021309771,0.625,0.8
1.45121E-3,64.095237654,0.821014175,0.021101871,0.625,0.8
1.4586E-3,64.38629343,0.822574668,0.020893971,0.625,0.8
1.45904E-3,64.532197729,0.822667956,0.020790021,0.625,0.8
1.46452E-3,64.824701085,0.823814769,0.020582121,0.625,0.8
1.47335E-3,65.118656526,0.825649399,0.02037422,0.65,0.8
1.47771E-3,65.266427469,0.826549128,0.02027027,0.65,0.8
1.48688E-3,65.563742214,0.828424921,0.02006237,0.65,0.8
1.4917E-3,65.861735883,0.829402518,0.01985447,0.65,0.8
1.49214E-3,66.010950181,0.829491854,0.01975052,0.65,0.8
1.49411E-3,66.309667312,0.829889881,0.01954262,0.65,0.8
1.49554E-3,66.608644353,0.830176878,0.019334719,0.65,0.8
1.497E-3,66.758344224,0.830470579,0.019230769,0.65,0.8
1.50019E-3,67.058252252,0.831110131,0.019022869,0.65,0.8
1.50982E-3,67.359429649,0.83302778,0.018814969,0.65,0.8
1.51047E-3,67.510477115,0.833157473,0.018711019,0.65,0.8
1.51922E-3,67.814091363,0.834878576,0.018503119,0.65,0.8
1.52789E-3,68.119623161,0.836566309,0.018295218,0.65,0.8
1.5292E-3,68.27254321,0.836820556,0.018191268,0.65,0.8
1.53697E-3,68.579506415,0.838316797,0.017983368,0.65,0.8
1.54247E-3,68.88747062,0.839368282,0.017775468,0.65,0.8
1.54473E-3,69.04194385,0.83979774,0.017671518,0.65,0.8
1.55077E-3,69.351541032,0.840939976,0.017463617,0.65,0.8
1.55234E-3,69.506775371,0.841236764,0.017359667,0.65,0.8
1.55629E-3,69.817878574,0.841977518,0.017151767,0.65,0.8
1.56479E-3,70.130357062,0.843562395,0.016943867,0.65,0.8
1.57295E-3,70.287651952,0.845068099,0.016839917,0.65,0.8
1.57452E-3,70.602457134,0.845357196,0.016632017,0.65,0.8
1.57844E-3,70.76030151,0.846074091,0.016528067,0.65,0.8
1.58418E-3,71.0770449,0.847116874,0.016320166,0.675,0.8
1.59371E-3,71.39575385,0.848835125,0.016112266,0.675,0.8
1.5953E-3,71.555283764,0.849119383,0.016008316,0.675,0.8
1.602E-3,71.875682804,0.85031376,0.015800416,0.675,0.8
1.60513E-3,72.036195312,0.850866777,0.015696466,0.675,0.8
1.60681E-3,72.357402353,0.851164342,0.015488565,0.675,0.8
1.60757E-3,72.518159407,0.851298512,0.015384615,0.675,0.8
1.60991E-3,72.840118924,0.851709496,0.015176715,0.675,0.8
1.61103E-3,73.001221463,0.851906319,0.015072765,0.7,0.8
1.616E-3,73.324276603,0.852777847,0.014864865,0.7,0.8
1.6196E-3,73.647992613,0.853404356,0.014656965,0.7,0.8
1.62194E-3,73.810186263,0.853809632,0.014553015,0.7,0.8
1.62731E-3,74.135378591,0.854738338,0.014345114,0.7,0.8
1.62959E-3,74.298337286,0.855129552,0.014241164,0.7,0.8
1.63246E-3,74.624627719,0.855622206,0.014033264,0.725,0.8
1.63459E-3,74.788086637,0.855986132,0.013929314,0.725,0.8
1.63998E-3,75.115620909,0.856903371,0.013721414,0.725,0.8
1.65132E-3,75.280753194,0.858814953,0.013617464,0.725,0.9
1.66462E-3,75.612763273,0.861023065,0.013409563,0.725,0.9
1.66884E-3,75.779646845,0.861716008,0.013305613,0.725,0.9
1.6852E-3,76.115088977,0.864373498,0.013097713,0.725,0.9
1.69448E-3,76.284537281,0.865857326,0.012993763,0.75,0.9
1.69611E-3,76.623651221,0.866115755,0.012785863,0.75,0.9
1.70335E-3,76.793985825,0.867259426,0.012681913,0.75,0.9
1.70574E-3,77.134896066,0.867636231,0.012474012,0.75,0.9
1.70837E-3,77.305732703,0.868047115,0.012370062,0.75,0.9
1.71161E-3,77.64797686,0.868553925,0.012162162,0.75,0.9
1.71191E-3,77.819167987,0.868600491,0.012058212,0.75,0.9
1.71258E-3,78.161646515,0.868705049,0.011850312,0.75,0.9
1.72032E-3,78.333678518,0.869903878,0.011746362,0.75,0.9
1.72079E-3,78.505757858,0.869976867,0.011642412,0.775,0.9
1.72682E-3,78.850688745,0.870902042,0.011434511,0.775,0.9
1.73127E-3,79.023816026,0.87158223,0.011330561,0.775,0.9
1.73917E-3,79.371105426,0.872779097,0.011122661,0.775,0.9
1.74191E-3,79.545296909,0.87319222,0.011018711,0.775,0.9
1.7466E-3,79.894389949,0.873894135,0.010810811,0.775,0.9
1.74749E-3,80.069138944,0.874027584,0.010706861,0.775,0.9
1.75118E-3,80.419264027,0.874576734,0.01049896,0.775,0.9
1.75206E-3,80.594469547,0.874707531,0.01039501,0.775,0.9
1.75405E-3,80.769874609,0.875003577,0.01029106,0.775,0.9
1.75635E-3,81.12105083,0.875344188,0.01008316,0.775,0.9
1.77102E-3,81.298153073,0.877493435,0.00997921,0.775,0.9
1.77256E-3,81.652614986,0.877716691,0.00977131,0.8,0.9
1.7768E-3,81.830295267,0.878330076,0.00966736,0.8,0.9
1.7804E-3,82.008334805,0.878847175,0.00956341,0.8,0.9
1.78767E-3,82.365606437,0.879887026,0.009355509,0.8,0.9
1.78882E-3,82.544488496,0.880051262,0.009251559,0.8,0.9
1.79401E-3,82.903057695,0.880787004,0.009043659,0.8,0.9
1.7956E-3,83.08261736,0.881010973,0.008939709,0.8,0.9
1.79899E-3,83.262516051,0.881488258,0.008835759,0.8,0.9
1.80375E-3,83.623228272,0.882154894,0.008627859,0.8,0.9
1.80567E-3,83.803795524,0.882423863,0.008523909,0.8,0.9
1.80764E-3,84.16522648,0.88269734,0.008316008,0.8,0.9
1.80933E-3,84.346159253,0.882932259,0.008212058,0.8,0.9
1.81125E-3,84.527284074,0.883198493,0.008108108,0.8,0.9
1.81627E-3,84.89028897,0.883891505,0.007900208,0.8,0.9
1.82534E-3,85.072823019,0.885133656,0.007796258,0.8,0.9
1.82581E-3,85.255403933,0.885197456,0.007692308,0.825,0.9
1.82925E-3,85.621246909,0.885664551,0.007484407,0.85,0.9
1.83181E-3,85.804428052,0.886011477,0.007380457,0.85,0.9
1.83598E-3,86.171301417,0.886573281,0.007172557,0.85,0.9
1.83624E-3,86.354925547,0.886608544,0.007068607,0.85,0.9
1.83671E-3,86.538596185,0.886671046,0.006964657,0.875,0.9
1.84164E-3,86.906529106,0.887331317,0.006756757,0.875,0.9
1.84702E-3,87.091231024,0.888048178,0.006652807,0.875,0.9
1.85266E-3,87.276497524,0.888794999,0.006548857,0.875,0.9
1.85488E-3,87.647388401,0.889086606,0.006340956,0.9,0.9
1.85568E-3,87.832956398,0.889191773,0.006237006,0.9,0.9
1.85907E-3,88.018863333,0.889636127,0.006133056,0.925,0.9
1.87032E-3,88.392874603,0.891098672,0.005925156,0.925,0.9
1.87868E-3,88.580742294,0.892171975,0.005821206,0.925,0.9
1.88445E-3,88.769186981,0.892907049,0.005717256,0.925,0.9
1.88655E-3,89.146289473,0.893174149,0.005509356,0.925,0.9
1.89082E-3,89.335371874,0.893713645,0.005405405,0.925,0.9
1.89377E-3,89.524748712,0.894084005,0.005301455,0.925,0.9
1.90291E-3,89.905298696,0.895225904,0.005093555,0.925,0.9
1.90444E-3,90.095742537,0.895415359,0.004989605,0.925,0.9
1.91839E-3,90.287581501,0.897130914,0.004885655,0.925,0.9
1.92775E-3,90.672784024,0.89826618,0.004677755,0.925,0.9
1.92819E-3,90.865603272,0.898319488,0.004573805,0.925,0.9
1.94017E-3,91.059620729,0.899753655,0.004469854,0.925,0.9
1.94208E-3,91.253828341,0.899979389,0.004365904,0.925,0.9
1.95463E-3,91.643639852,0.901456649,0.004158004,0.925,0.9
1.95718E-3,91.839357543,0.901754061,0.004054054,0.925,0.9
1.96491E-3,92.035848244,0.902650296,0.003950104,0.925,0.9
1.9924E-3,92.433841438,0.905772667,0.003742204,0.925,0.9
2.00038E-3,92.633879057,0.90665894,0.003638254,0.925,0.9
2.00379E-3,92.834258024,0.907035905,0.003534304,0.925,0.9
2.0126E-3,93.035517729,0.908001527,0.003430353,0.95,0.9
2.01526E-3,93.438564275,0.908291507,0.003222453,0.95,0.9
2.01566E-3,93.640130676,0.908335422,0.003118503,0.95,0.9
2.01643E-3,93.841773276,0.908418192,0.003014553,0.95,0.9
2.03012E-3,94.044785631,0.909893358,0.002910603,0.95,0.9
2.04599E-3,94.453061278,0.91157268,0.002702703,0.95,0.9
2.05677E-3,94.658737801,0.912694845,0.002598753,0.95,0.9
2.06586E-3,94.86532376,0.913631077,0.002494802,0.95,0.9
2.07649E-3,95.072972854,0.914712816,0.002390852,0.95,0.9
2.08643E-3,95.281615879,0.915711883,0.002286902,0.95,0.9
2.10137E-3,95.701768022,0.917191853,0.002079002,0.95,0.9
2.12811E-3,95.914579425,0.919775917,0.001975052,0.95,0.9
2.15814E-3,96.130393397,0.922581361,0.001871102,0.95,0.9
2.15843E-3,96.346235918,0.92260756,0.001767152,0.95,0.9
2.18223E-3,96.564459152,0.924761343,0.001663202,0.95,0.9
2.18398E-3,96.782857108,0.924917028,0.001559252,0.95,0.9
2.2056E-3,97.003416974,0.926816951,0.001455301,0.95,0.9
2.22076E-3,97.447380214,0.928120341,0.001247401,0.95,0.9
2.22543E-3,97.508275558,0.928517684,0.001143451,0.95,0.9
2.2438E-3,97.895554138,0.930057264,0.001039501,0.95,1
2.25304E-3,98.120857959,0.930819221,0.000935551,0.975,1
2.26726E-3,98.347583552,0.931975522,0.000831601,1,1
2.29155E-3,98.576738594,0.933906799,0.000727651,1,1
2.29232E-3,98.805970905,0.933967315,0.000623701,1,1
2.32004E-3,99.037975143,0.936102006,0.000519751,1,1
2.33577E-3,99.271552568,0.937282692,0.0004158,1,1
2.39112E-3,99.510664087,0.941265376,0.00031185,1,1
2.44397E-3,99.755060641,0.9448325,0.0002079,1,1
2.44939E-3,100,0.945186367,0.00010395,1,1
