x,y,species_2 cloglog values
1.0,1.0,0.13148081
2.0,2.0,0.43266317
3.0,3.0,9.674131E-4
4.0,4.0,0.4264598
5.0,5.0,0.016816871
6.0,6.0,0.024770018
7.0,7.0,2.4720415E-4
8.0,8.0,0.076159336
9.0,9.0,0.3272191
10.0,10.0,0.027014107
11.0,11.0,8.459875E-7
12.0,12.0,0.12144013
13.0,13.0,0.045029
14.0,14.0,0.0024242778
15.0,15.0,0.016467828
16.0,16.0,0.15476687
17.0,17.0,0.22243518
18.0,18.0,0.08250069
19.0,19.0,0.21895824
20.0,20.0,0.05518937
21.0,21.0,0.31295323
22.0,22.0,0.6058848
23.0,23.0,0.3024324
24.0,24.0,0.103259265
25.0,25.0,0.04131776
26.0,26.0,0.80692494
27.0,27.0,0.0956375
28.0,28.0,0.0057753185
29.0,29.0,0.6070226
30.0,30.0,0.041407667
31.0,31.0,1.42131885E-5
32.0,32.0,0.0014116591
33.0,33.0,0.35232058
34.0,34.0,5.9875674E-6
35.0,35.0,0.2490436
36.0,36.0,0.19568042
37.0,37.0,0.44210103
38.0,38.0,0.26077995
39.0,39.0,0.15803462
40.0,40.0,0.7362253
41.0,41.0,0.07318128
42.0,42.0,0.19304542
43.0,43.0,0.010535654
44.0,44.0,0.004608534
45.0,45.0,0.2944999
46.0,46.0,0.16255584
47.0,47.0,0.17426533
48.0,48.0,0.0015970373
49.0,49.0,0.24996233
50.0,50.0,0.28985208
51.0,51.0,0.09358876
52.0,52.0,0.28993255
53.0,53.0,0.13040604
54.0,54.0,0.23156057
55.0,55.0,0.17309591
56.0,56.0,5.61723E-4
57.0,57.0,0.24699144
58.0,58.0,6.96342E-6
59.0,59.0,0.009517368
60.0,60.0,0.09800892
61.0,61.0,0.034140117
62.0,62.0,0.16696398
63.0,63.0,0.21679091
64.0,64.0,0.19749
65.0,65.0,0.2975409
66.0,66.0,0.0048303767
67.0,67.0,4.0987555E-7
68.0,68.0,0.03018061
69.0,69.0,0.09760584
70.0,70.0,0.18215492
71.0,71.0,0.15855467
72.0,72.0,0.09064405
73.0,73.0,0.086153135
74.0,74.0,0.32480508
75.0,75.0,0.051375188
76.0,76.0,0.06826481
77.0,77.0,0.015826881
78.0,78.0,0.7364754
79.0,79.0,0.35533404
80.0,80.0,0.07325997
81.0,81.0,7.397616E-5
82.0,82.0,0.0020631307
83.0,83.0,0.2358807
84.0,84.0,0.0024790221
85.0,85.0,0.215226
86.0,86.0,0.17071849
87.0,87.0,5.7631976E-5
88.0,88.0,4.8176696E-7
89.0,89.0,0.81070036
90.0,90.0,0.077337936
91.0,91.0,9.938724E-4
92.0,92.0,0.032310724
93.0,93.0,1.241629E-6
94.0,94.0,0.009167216
95.0,95.0,6.521125E-4
96.0,96.0,0.11201983
97.0,97.0,0.09508689
98.0,98.0,3.130145E-5
99.0,99.0,0.2696343
100.0,100.0,0.020062614
101.0,101.0,0.16312012
102.0,102.0,0.124419466
103.0,103.0,0.71244174
104.0,104.0,0.09799419
105.0,105.0,0.21547292
106.0,106.0,0.24358617
107.0,107.0,7.54869E-4
108.0,108.0,0.0025695781
109.0,109.0,0.10771838
110.0,110.0,0.0047899815
111.0,111.0,0.88329035
112.0,112.0,0.11376965
113.0,113.0,0.012443797
114.0,114.0,0.096450806
115.0,115.0,5.3406602E-5
116.0,116.0,1.3043661E-5
117.0,117.0,0.6566038
118.0,118.0,0.006980762
119.0,119.0,3.3747133E-6
120.0,120.0,0.19940938
121.0,121.0,0.15850094
122.0,122.0,0.21245845
123.0,123.0,0.108693294
124.0,124.0,0.19182679
125.0,125.0,0.1497697
126.0,126.0,3.3199732E-4
127.0,127.0,0.14123285
128.0,128.0,0.13132468
129.0,129.0,2.9849797E-4
130.0,130.0,0.4975608
131.0,131.0,0.09795304
132.0,132.0,0.14140987
133.0,133.0,0.0033063139
134.0,134.0,0.10247945
135.0,135.0,5.052992E-6
136.0,136.0,0.102542214
137.0,137.0,0.16988651
138.0,138.0,1.5204104E-4
139.0,139.0,0.13717681
140.0,140.0,5.366814E-4
141.0,141.0,1.0854008E-5
142.0,142.0,0.09369972
143.0,143.0,0.87900066
144.0,144.0,5.876413E-6
145.0,145.0,0.99998945
146.0,146.0,0.3359603
147.0,147.0,0.34177965
148.0,148.0,0.009267123
149.0,149.0,0.39028478
150.0,150.0,0.012330262
151.0,151.0,0.31289887
152.0,152.0,0.13096645
153.0,153.0,0.015943278
154.0,154.0,0.1747662
155.0,155.0,0.077602096
156.0,156.0,0.3427139
157.0,157.0,0.1508252
158.0,158.0,0.2042867
159.0,159.0,2.0453173E-5
160.0,160.0,0.13114236
161.0,161.0,0.004240129
162.0,162.0,0.51481706
163.0,163.0,6.661571E-4
164.0,164.0,0.025791125
165.0,165.0,0.04514281
166.0,166.0,0.29727024
167.0,167.0,0.23022911
168.0,168.0,0.19483002
169.0,169.0,0.09147354
170.0,170.0,0.09579311
171.0,171.0,0.031352583
172.0,172.0,0.3489054
173.0,173.0,0.3316931
174.0,174.0,0.27356952
175.0,175.0,0.0019841786
176.0,176.0,0.10557565
177.0,177.0,0.059447434
178.0,178.0,0.030820932
179.0,179.0,0.9637883
180.0,180.0,0.26067042
181.0,181.0,0.7648752
182.0,182.0,7.3902794E-7
183.0,183.0,0.22972967
184.0,184.0,0.14583239
185.0,185.0,1.7873188E-4
186.0,186.0,2.4245364E-5
187.0,187.0,0.4941441
188.0,188.0,6.009602E-6
189.0,189.0,8.3453946E-5
190.0,190.0,2.9197008E-7
191.0,191.0,0.11528872
192.0,192.0,0.76627845
193.0,193.0,0.22895806
194.0,194.0,0.19175093
195.0,195.0,0.010159127
196.0,196.0,0.08273158
197.0,197.0,3.0176336E-4
198.0,198.0,0.46047643
199.0,199.0,8.786493E-4
200.0,200.0,0.0018488732
201.0,201.0,2.602165E-4
202.0,202.0,0.32013938
203.0,203.0,0.2047748
204.0,204.0,0.522163
205.0,205.0,6.3196424E-4
206.0,206.0,0.24372056
207.0,207.0,4.3730918E-4
208.0,208.0,0.04206223
209.0,209.0,0.003445106
210.0,210.0,0.29364643
211.0,211.0,0.005660529
212.0,212.0,0.047231883
213.0,213.0,0.23384368
214.0,214.0,0.082391456
215.0,215.0,0.03656594
216.0,216.0,0.37814873
217.0,217.0,0.42333683
218.0,218.0,8.727251E-6
219.0,219.0,0.24471915
220.0,220.0,7.9104234E-4
221.0,221.0,0.012757057
222.0,222.0,0.37934887
223.0,223.0,0.0074165924
224.0,224.0,0.46639827
225.0,225.0,6.825747E-5
226.0,226.0,0.1773454
227.0,227.0,1.152446E-4
228.0,228.0,4.85779E-6
229.0,229.0,0.3600171
230.0,230.0,0.14083442
231.0,231.0,0.35300446
232.0,232.0,0.07975276
233.0,233.0,0.14882419
234.0,234.0,0.31716418
235.0,235.0,0.15223485
236.0,236.0,0.8945768
237.0,237.0,0.05001098
238.0,238.0,0.20916995
239.0,239.0,0.1793233
240.0,240.0,0.026977753
241.0,241.0,1.2077438E-5
242.0,242.0,0.078345485
243.0,243.0,9.3858223E-4
244.0,244.0,0.044724535
245.0,245.0,2.3459237E-5
246.0,246.0,0.080066636
247.0,247.0,0.08556962
248.0,248.0,0.29579586
249.0,249.0,0.3551964
250.0,250.0,0.29750848
251.0,251.0,0.046055563
252.0,252.0,0.5355523
253.0,253.0,1.2511713E-6
254.0,254.0,0.2348544
255.0,255.0,1.4551992E-5
256.0,256.0,0.020297803
257.0,257.0,0.66034955
258.0,258.0,5.3679173E-6
259.0,259.0,0.06476421
260.0,260.0,0.28682297
261.0,261.0,0.19264515
262.0,262.0,0.09212682
263.0,263.0,0.27009085
264.0,264.0,6.8414793E-6
265.0,265.0,0.2996614
266.0,266.0,0.18402201
267.0,267.0,0.089076415
268.0,268.0,0.09256724
269.0,269.0,0.41853473
270.0,270.0,0.12300989
271.0,271.0,0.023725174
272.0,272.0,0.036930643
273.0,273.0,0.106493264
274.0,274.0,0.072815195
275.0,275.0,6.8422104E-4
276.0,276.0,0.390624
277.0,277.0,0.059628006
278.0,278.0,0.13950013
279.0,279.0,1.732356E-5
280.0,280.0,0.51627856
281.0,281.0,0.006527029
282.0,282.0,0.034902465
283.0,283.0,0.2411714
284.0,284.0,0.06638237
285.0,285.0,0.0023105154
286.0,286.0,0.0057933656
287.0,287.0,1.00395686E-4
288.0,288.0,0.1888557
289.0,289.0,0.21945436
290.0,290.0,0.3304776
291.0,291.0,0.18762709
292.0,292.0,0.10360429
293.0,293.0,0.11076402
294.0,294.0,0.23615395
295.0,295.0,5.4520384E-5
296.0,296.0,0.07282961
297.0,297.0,0.077163644
298.0,298.0,0.26625818
299.0,299.0,5.686856E-4
300.0,300.0,0.19583459
301.0,301.0,0.15551606
302.0,302.0,9.840223E-7
303.0,303.0,9.972153E-6
304.0,304.0,0.9999849
305.0,305.0,0.14871201
306.0,306.0,0.016112199
307.0,307.0,0.13957042
308.0,308.0,0.24367332
309.0,309.0,0.2345571
310.0,310.0,0.09511542
311.0,311.0,0.18502447
312.0,312.0,0.16030625
313.0,313.0,0.41135836
314.0,314.0,0.25811288
315.0,315.0,0.1907503
316.0,316.0,3.0615245E-6
317.0,317.0,0.0018682376
318.0,318.0,0.0037469093
319.0,319.0,1.048611E-6
320.0,320.0,6.5406866E-4
321.0,321.0,0.12640356
322.0,322.0,4.184905E-6
323.0,323.0,0.23445153
324.0,324.0,6.218337E-5
325.0,325.0,7.753421E-5
326.0,326.0,0.05238539
327.0,327.0,0.3076733
328.0,328.0,0.20180084
329.0,329.0,0.6418448
330.0,330.0,0.1862855
331.0,331.0,0.4168971
332.0,332.0,0.03304409
333.0,333.0,0.57995355
334.0,334.0,0.01138696
335.0,335.0,0.015698152
336.0,336.0,0.015389455
337.0,337.0,5.9024505E-6
338.0,338.0,0.003184351
339.0,339.0,0.17077725
340.0,340.0,0.0983902
341.0,341.0,0.2601259
342.0,342.0,4.4285008E-4
343.0,343.0,0.00477833
344.0,344.0,0.14940411
345.0,345.0,0.0038628308
346.0,346.0,0.07261756
347.0,347.0,3.8526938E-4
348.0,348.0,0.008080114
349.0,349.0,0.010375176
350.0,350.0,0.19923541
351.0,351.0,0.3167772
352.0,352.0,0.07166199
353.0,353.0,0.16926357
354.0,354.0,0.065977454
355.0,355.0,0.08567366
356.0,356.0,0.3896882
357.0,357.0,0.14287923
358.0,358.0,0.25476608
359.0,359.0,0.08035613
360.0,360.0,0.15691653
361.0,361.0,0.12159205
362.0,362.0,0.27857965
363.0,363.0,1.7338774E-4
364.0,364.0,0.0052004023
365.0,365.0,0.2648302
366.0,366.0,0.2564375
367.0,367.0,1.4554009E-5
368.0,368.0,0.13536263
369.0,369.0,0.3491678
370.0,370.0,0.5693954
371.0,371.0,1.2030008E-5
372.0,372.0,0.18700561
373.0,373.0,0.017152742
374.0,374.0,0.85632527
375.0,375.0,0.09691671
376.0,376.0,5.4842065E-4
377.0,377.0,1.0320438E-4
378.0,378.0,0.013525933
379.0,379.0,0.68462807
380.0,380.0,0.3133015
381.0,381.0,0.0028803677
382.0,382.0,0.0010803182
383.0,383.0,0.13463224
384.0,384.0,0.18878892
385.0,385.0,0.2185965
386.0,386.0,0.10444207
387.0,387.0,0.009100922
388.0,388.0,0.043553647
389.0,389.0,4.591131E-6
390.0,390.0,0.23016806
391.0,391.0,0.02329661
392.0,392.0,4.2337392E-4
393.0,393.0,0.21708135
394.0,394.0,0.10288343
395.0,395.0,0.087848306
396.0,396.0,0.03161618
397.0,397.0,0.07125074
398.0,398.0,0.9731413
399.0,399.0,0.0024113103
400.0,400.0,0.25711706
401.0,401.0,0.14458105
402.0,402.0,0.12630647
403.0,403.0,6.419666E-4
404.0,404.0,0.023537602
405.0,405.0,0.0027641014
406.0,406.0,0.22808772
407.0,407.0,0.0030555213
408.0,408.0,0.017289437
409.0,409.0,0.16843407
410.0,410.0,0.001792911
411.0,411.0,2.1595004E-4
412.0,412.0,5.076663E-4
413.0,413.0,0.8154234
414.0,414.0,0.22915658
415.0,415.0,0.24517362
416.0,416.0,0.7857143
417.0,417.0,0.0011902724
418.0,418.0,8.724515E-4
419.0,419.0,0.38797298
420.0,420.0,0.05312085
421.0,421.0,2.7790004E-5
422.0,422.0,0.11695324
423.0,423.0,2.5782187E-5
424.0,424.0,0.03152199
425.0,425.0,0.19418985
426.0,426.0,0.27063474
427.0,427.0,0.07127808
428.0,428.0,0.027057655
429.0,429.0,9.896406E-4
430.0,430.0,0.19768894
431.0,431.0,1.9614234E-4
432.0,432.0,0.16731007
433.0,433.0,0.037979268
434.0,434.0,0.042272717
435.0,435.0,9.018659E-6
436.0,436.0,0.006792822
437.0,437.0,0.05568035
438.0,438.0,0.2176452
439.0,439.0,0.9538857
440.0,440.0,0.24833825
441.0,441.0,0.5616754
442.0,442.0,0.010329666
443.0,443.0,0.22367933
444.0,444.0,0.14502934
445.0,445.0,2.1791147E-6
446.0,446.0,0.19837584
447.0,447.0,0.17975949
448.0,448.0,5.3561945E-4
449.0,449.0,0.37878105
450.0,450.0,0.14352739
451.0,451.0,0.15001631
452.0,452.0,0.7272969
453.0,453.0,0.480453
454.0,454.0,0.048141774
455.0,455.0,0.0837542
456.0,456.0,0.0021299226
457.0,457.0,0.13288575
458.0,458.0,0.23744994
459.0,459.0,0.54590625
460.0,460.0,6.471679E-4
461.0,461.0,0.12189272
462.0,462.0,0.3186087
463.0,463.0,0.10991465
464.0,464.0,0.20547408
465.0,465.0,0.4763551
466.0,466.0,0.01710165
467.0,467.0,0.007293329
468.0,468.0,0.29486796
469.0,469.0,9.506471E-6
470.0,470.0,0.28323954
471.0,471.0,4.108685E-4
472.0,472.0,8.6638065E-5
473.0,473.0,0.17726386
474.0,474.0,0.3471196
475.0,475.0,0.38493103
476.0,476.0,5.388382E-4
477.0,477.0,9.626349E-7
478.0,478.0,9.981215E-4
479.0,479.0,0.1413803
480.0,480.0,0.18606865
481.0,481.0,0.059878465
482.0,482.0,0.21202877
483.0,483.0,0.029553855
484.0,484.0,0.023914002
485.0,485.0,0.521986
486.0,486.0,0.9999914
487.0,487.0,0.92604464
488.0,488.0,0.120500416
489.0,489.0,0.26786244
490.0,490.0,0.0013633753
491.0,491.0,0.07947707
492.0,492.0,0.02631015
493.0,493.0,0.06700263
494.0,494.0,0.14493282
495.0,495.0,0.010102697
496.0,496.0,3.0422163E-6
497.0,497.0,0.21574219
498.0,498.0,0.09023114
499.0,499.0,0.10474987
500.0,500.0,0.52458555
501.0,501.0,0.1552723
502.0,502.0,0.051133875
503.0,503.0,0.019744338
504.0,504.0,6.569157E-4
505.0,505.0,0.103630036
506.0,506.0,0.27897426
507.0,507.0,0.15995695
508.0,508.0,0.39171162
509.0,509.0,2.8142755E-5
510.0,510.0,0.075910226
511.0,511.0,0.13942869
512.0,512.0,0.39106637
513.0,513.0,0.29415905
514.0,514.0,0.024750238
515.0,515.0,0.011267639
516.0,516.0,0.0638457
517.0,517.0,0.008125229
518.0,518.0,4.354089E-4
519.0,519.0,0.01489533
520.0,520.0,0.05977587
521.0,521.0,0.011870677
522.0,522.0,0.39584288
523.0,523.0,0.1958672
524.0,524.0,0.750166
525.0,525.0,0.5019815
526.0,526.0,7.11839E-5
527.0,527.0,6.133241E-6
528.0,528.0,0.076244004
529.0,529.0,0.9995354
530.0,530.0,0.1259328
531.0,531.0,0.14424309
532.0,532.0,4.637542E-4
533.0,533.0,0.0069798552
534.0,534.0,0.060215198
535.0,535.0,0.095610924
536.0,536.0,0.18832827
537.0,537.0,4.8494534E-5
538.0,538.0,0.0022953413
539.0,539.0,0.47623405
540.0,540.0,0.6248138
541.0,541.0,0.24677117
542.0,542.0,3.5211554E-4
543.0,543.0,0.20678903
544.0,544.0,0.21514621
545.0,545.0,0.021007394
546.0,546.0,0.014308354
547.0,547.0,0.2205771
548.0,548.0,0.26647124
549.0,549.0,0.0046678144
550.0,550.0,0.19566108
551.0,551.0,0.0037695013
552.0,552.0,0.19548197
553.0,553.0,0.20606698
554.0,554.0,1.3591179E-5
555.0,555.0,0.17652065
556.0,556.0,0.18285015
557.0,557.0,0.20316012
558.0,558.0,1.8633065E-5
559.0,559.0,4.0335715E-4
560.0,560.0,0.21701804
561.0,561.0,0.17698446
562.0,562.0,0.002910427
563.0,563.0,0.042159755
564.0,564.0,2.752288E-4
565.0,565.0,0.0519283
566.0,566.0,0.19796476
567.0,567.0,0.4503965
568.0,568.0,2.1915064E-5
569.0,569.0,3.1788365E-4
570.0,570.0,0.002490157
571.0,571.0,0.24148513
572.0,572.0,9.871176E-7
573.0,573.0,0.01026053
574.0,574.0,0.14156337
575.0,575.0,0.25143427
576.0,576.0,0.5318276
577.0,577.0,0.08035479
578.0,578.0,1.1712255E-4
579.0,579.0,0.0220877
580.0,580.0,0.15527593
581.0,581.0,0.09282799
582.0,582.0,0.055745758
583.0,583.0,0.37244713
584.0,584.0,1.3283695E-5
585.0,585.0,0.49334306
586.0,586.0,4.1161267E-5
587.0,587.0,0.135262
588.0,588.0,0.07672498
589.0,589.0,0.16351795
590.0,590.0,0.16286406
591.0,591.0,0.07366806
592.0,592.0,0.21721315
593.0,593.0,0.1985993
594.0,594.0,0.14905418
595.0,595.0,0.020200131
596.0,596.0,0.24911511
597.0,597.0,0.077106535
598.0,598.0,0.502015
599.0,599.0,0.22854295
600.0,600.0,0.006313287
601.0,601.0,3.4196032E-4
602.0,602.0,0.003362592
603.0,603.0,0.29453582
604.0,604.0,0.09917259
605.0,605.0,0.05349362
606.0,606.0,0.058818866
607.0,607.0,7.293146E-6
608.0,608.0,0.0011436382
609.0,609.0,0.5797646
610.0,610.0,2.5055854E-4
611.0,611.0,0.0024360414
612.0,612.0,0.024399146
613.0,613.0,0.0022060256
614.0,614.0,0.7403768
615.0,615.0,0.04711582
616.0,616.0,0.3830791
617.0,617.0,0.18397738
618.0,618.0,0.0034095296
619.0,619.0,0.13667174
620.0,620.0,3.2771114E-4
621.0,621.0,5.151535E-4
622.0,622.0,0.08550921
623.0,623.0,0.041023362
624.0,624.0,0.29138047
625.0,625.0,0.23291923
626.0,626.0,0.0061086
627.0,627.0,0.25419843
628.0,628.0,0.16753614
629.0,629.0,0.27731222
630.0,630.0,0.48168138
631.0,631.0,0.0012450091
632.0,632.0,0.020661732
633.0,633.0,0.003257133
634.0,634.0,0.25251117
635.0,635.0,0.4123512
636.0,636.0,0.199531
637.0,637.0,0.9454152
638.0,638.0,0.28784046
639.0,639.0,0.04645747
640.0,640.0,0.042058453
641.0,641.0,0.08073364
642.0,642.0,0.056117572
643.0,643.0,0.9851379
644.0,644.0,0.12188203
645.0,645.0,0.0540689
646.0,646.0,0.71459246
647.0,647.0,0.20847605
648.0,648.0,0.21234846
649.0,649.0,0.054815825
650.0,650.0,0.032071825
651.0,651.0,0.48528066
652.0,652.0,0.08643507
653.0,653.0,9.996454E-4
654.0,654.0,0.015998207
655.0,655.0,0.04679719
656.0,656.0,0.16488552
657.0,657.0,0.21031222
658.0,658.0,0.006765069
659.0,659.0,0.04308068
660.0,660.0,3.558515E-5
661.0,661.0,0.20204253
662.0,662.0,0.01084783
663.0,663.0,0.008712236
664.0,664.0,0.24406531
665.0,665.0,0.9895203
666.0,666.0,4.246129E-4
667.0,667.0,0.025507268
668.0,668.0,0.05530844
669.0,669.0,0.026334822
670.0,670.0,0.13596143
671.0,671.0,0.02875464
672.0,672.0,0.22833423
673.0,673.0,0.231395
674.0,674.0,0.09738853
675.0,675.0,0.086280204
676.0,676.0,3.6315878E-6
677.0,677.0,0.0021363911
678.0,678.0,0.23256871
679.0,679.0,0.66562957
680.0,680.0,0.12850527
681.0,681.0,0.034263182
682.0,682.0,0.009300381
683.0,683.0,0.44396928
684.0,684.0,0.53832376
685.0,685.0,0.026346844
686.0,686.0,0.0015857345
687.0,687.0,0.044468097
688.0,688.0,6.6105645E-6
689.0,689.0,0.0026592957
690.0,690.0,1.9415252E-6
691.0,691.0,0.001401856
692.0,692.0,0.095773235
693.0,693.0,1.2882097E-5
694.0,694.0,0.27916893
695.0,695.0,0.16994916
696.0,696.0,0.23441473
697.0,697.0,0.17134207
698.0,698.0,0.18264295
699.0,699.0,1.855046E-5
700.0,700.0,0.015090373
701.0,701.0,0.32504302
702.0,702.0,0.18558192
703.0,703.0,0.37909812
704.0,704.0,4.482828E-4
705.0,705.0,0.4626923
706.0,706.0,0.33914194
707.0,707.0,0.14479448
708.0,708.0,0.18857911
709.0,709.0,0.31942907
710.0,710.0,0.11018963
711.0,711.0,0.0020827602
712.0,712.0,5.0192325E-6
713.0,713.0,0.17648427
714.0,714.0,0.2056533
715.0,715.0,0.49542442
716.0,716.0,0.19407806
717.0,717.0,0.14562708
718.0,718.0,0.2620244
719.0,719.0,0.19203559
720.0,720.0,0.0072994926
721.0,721.0,0.24278113
722.0,722.0,0.06642842
723.0,723.0,8.20311E-4
724.0,724.0,0.22625057
725.0,725.0,0.048444357
726.0,726.0,0.050359707
727.0,727.0,0.11471051
728.0,728.0,0.13057058
729.0,729.0,0.07956471
730.0,730.0,0.14211048
731.0,731.0,8.842664E-6
732.0,732.0,0.16078442
733.0,733.0,0.11106261
734.0,734.0,0.15768768
735.0,735.0,0.4969054
736.0,736.0,5.533039E-4
737.0,737.0,0.0012670832
738.0,738.0,0.53642005
739.0,739.0,0.03480275
740.0,740.0,0.28456637
741.0,741.0,0.2041555
742.0,742.0,1.5652315E-5
743.0,743.0,0.16108617
744.0,744.0,0.25641757
745.0,745.0,0.016795296
746.0,746.0,4.2443527E-4
747.0,747.0,0.009559055
748.0,748.0,0.43577683
749.0,749.0,0.15187219
750.0,750.0,0.09673449
751.0,751.0,0.029896677
752.0,752.0,5.3779245E-4
753.0,753.0,0.031118
754.0,754.0,0.17742579
755.0,755.0,0.12304616
756.0,756.0,0.33983797
757.0,757.0,0.39540902
758.0,758.0,1.7038304E-6
759.0,759.0,3.1096624E-5
760.0,760.0,0.12157779
761.0,761.0,0.33257103
762.0,762.0,0.20730884
763.0,763.0,0.38347715
764.0,764.0,0.06800918
765.0,765.0,0.06846183
766.0,766.0,0.016416073
767.0,767.0,0.15421318
768.0,768.0,0.025938166
769.0,769.0,0.035280347
770.0,770.0,0.38679504
771.0,771.0,0.29478583
772.0,772.0,0.0016205566
773.0,773.0,2.6267585E-6
774.0,774.0,0.11828521
775.0,775.0,5.982466E-5
776.0,776.0,0.18018366
777.0,777.0,0.25191775
778.0,778.0,0.112475246
779.0,779.0,0.16865201
780.0,780.0,1.7833123E-6
781.0,781.0,0.7890217
782.0,782.0,2.896464E-6
783.0,783.0,0.08622336
784.0,784.0,0.16496313
785.0,785.0,0.04057804
786.0,786.0,0.38119826
787.0,787.0,0.060184054
788.0,788.0,0.0014423607
789.0,789.0,0.30847302
790.0,790.0,0.19152671
791.0,791.0,0.045454312
792.0,792.0,0.014175698
793.0,793.0,0.0042925905
794.0,794.0,0.22658432
795.0,795.0,0.25610727
796.0,796.0,0.0034129058
797.0,797.0,0.77163756
798.0,798.0,0.11614281
799.0,799.0,0.2044834
800.0,800.0,0.0551341
801.0,801.0,0.10017
802.0,802.0,0.31859034
803.0,803.0,0.34314215
804.0,804.0,0.049144465
805.0,805.0,0.25186393
806.0,806.0,0.22269906
807.0,807.0,0.1540711
808.0,808.0,0.99651766
809.0,809.0,0.17044093
810.0,810.0,0.14370733
811.0,811.0,0.041744158
812.0,812.0,0.22790663
813.0,813.0,0.0029452303
814.0,814.0,0.062315267
815.0,815.0,0.010008596
816.0,816.0,0.03127308
817.0,817.0,0.62943375
818.0,818.0,2.856647E-4
819.0,819.0,0.20753737
820.0,820.0,0.08746408
821.0,821.0,0.08515765
822.0,822.0,0.066143215
823.0,823.0,0.681814
824.0,824.0,2.788885E-4
825.0,825.0,0.37253532
826.0,826.0,0.06116355
827.0,827.0,0.042450596
828.0,828.0,0.24244052
829.0,829.0,0.6416014
830.0,830.0,0.16604222
831.0,831.0,0.15792462
832.0,832.0,0.20343575
833.0,833.0,0.15459609
834.0,834.0,0.024536623
835.0,835.0,0.0032598625
836.0,836.0,0.07473426
837.0,837.0,5.871565E-4
838.0,838.0,3.2772405E-6
839.0,839.0,0.1305658
840.0,840.0,0.020301832
841.0,841.0,0.4373406
842.0,842.0,0.15047169
843.0,843.0,0.18997835
844.0,844.0,0.10277023
845.0,845.0,0.17025396
846.0,846.0,0.051136605
847.0,847.0,0.20245072
848.0,848.0,0.11244761
849.0,849.0,0.011516957
850.0,850.0,0.6250366
851.0,851.0,0.123757154
852.0,852.0,0.12953825
853.0,853.0,0.18897754
854.0,854.0,0.27609587
855.0,855.0,0.0017199185
856.0,856.0,0.011126948
857.0,857.0,0.06333532
858.0,858.0,1.5581527E-5
859.0,859.0,0.05151862
860.0,860.0,0.21580338
861.0,861.0,0.042967916
862.0,862.0,0.31160402
863.0,863.0,7.509242E-6
864.0,864.0,0.124233685
865.0,865.0,0.24706666
866.0,866.0,0.1087945
867.0,867.0,0.16414666
868.0,868.0,0.059874892
869.0,869.0,0.3713396
870.0,870.0,0.17980884
871.0,871.0,0.30811265
872.0,872.0,0.1395408
873.0,873.0,0.32031092
874.0,874.0,2.014525E-5
875.0,875.0,0.13482663
876.0,876.0,0.056592647
877.0,877.0,0.26042178
878.0,878.0,2.1436132E-4
879.0,879.0,0.9989864
880.0,880.0,0.25579762
881.0,881.0,0.11623868
882.0,882.0,0.82233787
883.0,883.0,0.170817
884.0,884.0,0.021718604
885.0,885.0,6.4919955E-6
886.0,886.0,0.4523239
887.0,887.0,0.078920744
888.0,888.0,0.052856535
889.0,889.0,0.034126732
890.0,890.0,0.0059758187
891.0,891.0,1.1928644E-5
892.0,892.0,3.6256024E-4
893.0,893.0,6.1157654E-4
894.0,894.0,0.30583745
895.0,895.0,0.2315773
896.0,896.0,0.05355991
897.0,897.0,7.634403E-7
898.0,898.0,0.19497341
899.0,899.0,0.20021234
900.0,900.0,0.097662464
901.0,901.0,0.7459205
902.0,902.0,0.03228618
903.0,903.0,0.5842925
904.0,904.0,2.0500995E-5
905.0,905.0,0.17545897
906.0,906.0,0.024409613
907.0,907.0,3.437039E-4
908.0,908.0,0.15801597
909.0,909.0,0.025787493
910.0,910.0,0.22359541
911.0,911.0,0.0010825709
912.0,912.0,2.327879E-6
913.0,913.0,4.6291247E-5
914.0,914.0,0.035596814
915.0,915.0,1.8692845E-5
916.0,916.0,0.11629463
917.0,917.0,0.906765
918.0,918.0,0.20472556
919.0,919.0,0.08719826
920.0,920.0,0.57128006
921.0,921.0,0.16184661
922.0,922.0,0.09827406
923.0,923.0,8.995982E-4
924.0,924.0,0.32325837
925.0,925.0,0.017100016
926.0,926.0,0.24608895
927.0,927.0,0.10076802
928.0,928.0,5.002183E-4
929.0,929.0,0.004917896
930.0,930.0,4.7687057E-4
931.0,931.0,0.48571274
932.0,932.0,0.072816476
933.0,933.0,0.005811684
934.0,934.0,2.2685002E-5
935.0,935.0,0.2550486
936.0,936.0,7.138424E-4
937.0,937.0,6.6548837E-6
938.0,938.0,0.10395556
939.0,939.0,0.31712094
940.0,940.0,0.0064213434
941.0,941.0,0.07421025
942.0,942.0,0.0055479705
943.0,943.0,0.49134752
944.0,944.0,0.11740032
945.0,945.0,0.0045925044
946.0,946.0,0.5072695
947.0,947.0,0.41887555
948.0,948.0,2.1213717E-5
949.0,949.0,0.43925616
950.0,950.0,0.35077968
951.0,951.0,0.081860445
952.0,952.0,0.03867476
953.0,953.0,0.037385672
954.0,954.0,0.042916454
955.0,955.0,0.32499415
956.0,956.0,0.06788551
957.0,957.0,2.3103517E-5
958.0,958.0,1.9925397E-5
959.0,959.0,0.012213328
960.0,960.0,6.6048347E-7
961.0,961.0,0.12304774
962.0,962.0,0.34877568
963.0,963.0,0.13418958
964.0,964.0,0.21011446
965.0,965.0,0.18776925
966.0,966.0,0.11021341
967.0,967.0,0.21495338
968.0,968.0,0.004891618
969.0,969.0,0.18474941
970.0,970.0,0.055404443
971.0,971.0,0.027901577
972.0,972.0,0.11442611
973.0,973.0,1.41168985E-5
974.0,974.0,0.068631984
975.0,975.0,4.6169866E-6
976.0,976.0,0.3834305
977.0,977.0,0.0050068786
978.0,978.0,0.23035105
979.0,979.0,0.026368212
980.0,980.0,0.18040445
981.0,981.0,0.015576755
982.0,982.0,2.5198964E-4
983.0,983.0,0.037898373
984.0,984.0,2.4059898E-5
985.0,985.0,0.08709676
986.0,986.0,0.37670854
987.0,987.0,0.03545232
988.0,988.0,0.1265025
989.0,989.0,0.22734822
990.0,990.0,0.9720075
991.0,991.0,0.0029290917
992.0,992.0,1.9748224E-4
993.0,993.0,0.20988633
994.0,994.0,0.58479464
995.0,995.0,0.04337913
996.0,996.0,0.34829074
997.0,997.0,0.3881298
998.0,998.0,3.9303803E-4
999.0,999.0,0.08408727
1000.0,1000.0,0.030517435
1001.0,1001.0,0.0014054037
1002.0,1002.0,0.14856678
1003.0,1003.0,0.19056286
1004.0,1004.0,5.62667E-4
1005.0,1005.0,0.0013102016
1006.0,1006.0,0.118770115
1007.0,1007.0,0.050972827
1008.0,1008.0,0.0216988
1009.0,1009.0,2.056238E-6
1010.0,1010.0,0.17272738
1011.0,1011.0,0.966389
1012.0,1012.0,2.8984578E-5
1013.0,1013.0,0.2930697
1014.0,1014.0,0.37623984
1015.0,1015.0,0.024965378
1016.0,1016.0,0.2881291
1017.0,1017.0,0.010601776
1018.0,1018.0,0.09724672
1019.0,1019.0,0.22938053
1020.0,1020.0,0.08083223
1021.0,1021.0,1.1985272E-5
1022.0,1022.0,0.045051917
1023.0,1023.0,0.8360345
1024.0,1024.0,0.07794077
1025.0,1025.0,0.35979667
1026.0,1026.0,6.205046E-6
1027.0,1027.0,1.5751071E-6
1028.0,1028.0,2.901037E-4
1029.0,1029.0,0.06426579
1030.0,1030.0,0.006897982
1031.0,1031.0,0.11050575
1032.0,1032.0,0.11587953
1033.0,1033.0,8.583517E-5
1034.0,1034.0,0.010274968
1035.0,1035.0,0.03959863
1036.0,1036.0,0.2594215
1037.0,1037.0,0.3806015
1038.0,1038.0,0.20115313
1039.0,1039.0,0.1919363
1040.0,1040.0,5.1795734E-5
1041.0,1041.0,0.05365395
1042.0,1042.0,0.21536732
1043.0,1043.0,0.046210393
1044.0,1044.0,0.2442298
1045.0,1045.0,0.030736562
1046.0,1046.0,0.19763705
1047.0,1047.0,0.09455919
1048.0,1048.0,1.5220049E-5
1049.0,1049.0,0.64530474
1050.0,1050.0,0.0021490802
1051.0,1051.0,0.36601818
1052.0,1052.0,0.20203
1053.0,1053.0,0.60144293
1054.0,1054.0,0.36093858
1055.0,1055.0,0.2980118
1056.0,1056.0,0.07591883
1057.0,1057.0,0.036231507
1058.0,1058.0,2.1124397E-4
1059.0,1059.0,0.12097726
1060.0,1060.0,0.076412596
1061.0,1061.0,0.25726786
1062.0,1062.0,0.04138131
1063.0,1063.0,0.1288387
1064.0,1064.0,0.29608205
1065.0,1065.0,0.01944461
1066.0,1066.0,0.19743948
1067.0,1067.0,0.14550193
1068.0,1068.0,0.13135825
1069.0,1069.0,0.09756599
1070.0,1070.0,0.20657931
1071.0,1071.0,0.0028680488
1072.0,1072.0,0.1322796
1073.0,1073.0,0.28591678
1074.0,1074.0,0.065795444
1075.0,1075.0,0.09689037
1076.0,1076.0,0.107943535
1077.0,1077.0,0.006119524
1078.0,1078.0,0.19121447
1079.0,1079.0,0.036493074
1080.0,1080.0,0.14982401
1081.0,1081.0,0.14477341
1082.0,1082.0,0.18800393
1083.0,1083.0,6.4469285E-5
1084.0,1084.0,0.0034082334
1085.0,1085.0,0.13514091
1086.0,1086.0,2.4605972E-5
1087.0,1087.0,0.016413193
1088.0,1088.0,0.117329575
1089.0,1089.0,0.22728954
1090.0,1090.0,6.5043085E-4
1091.0,1091.0,0.109331354
1092.0,1092.0,0.53862673
1093.0,1093.0,0.21005982
1094.0,1094.0,0.614889
1095.0,1095.0,0.12844068
1096.0,1096.0,0.23151527
1097.0,1097.0,0.0017137843
1098.0,1098.0,0.5151656
1099.0,1099.0,0.0020191825
1100.0,1100.0,0.0042640707
1101.0,1101.0,0.14271317
1102.0,1102.0,0.13855705
1103.0,1103.0,0.33061114
1104.0,1104.0,0.20832174
1105.0,1105.0,0.1427696
1106.0,1106.0,0.119973876
1107.0,1107.0,4.3022036E-4
1108.0,1108.0,4.9453943E-6
1109.0,1109.0,0.04031273
1110.0,1110.0,0.98534924
1111.0,1111.0,0.08293124
1112.0,1112.0,0.034588266
1113.0,1113.0,0.02964252
1114.0,1114.0,0.032735467
1115.0,1115.0,8.945524E-7
1116.0,1116.0,0.105406165
1117.0,1117.0,0.20117725
1118.0,1118.0,0.14556433
1119.0,1119.0,0.054406215
1120.0,1120.0,0.085376196
1121.0,1121.0,0.289173
1122.0,1122.0,5.746244E-4
1123.0,1123.0,0.13685672
1124.0,1124.0,0.08442238
1125.0,1125.0,0.052704908
1126.0,1126.0,0.043817483
1127.0,1127.0,0.8786125
1128.0,1128.0,0.0016943037
1129.0,1129.0,0.12743391
1130.0,1130.0,0.47850618
1131.0,1131.0,2.4624725E-4
1132.0,1132.0,0.33639902
1133.0,1133.0,4.5055465E-4
1134.0,1134.0,4.4734613E-4
1135.0,1135.0,0.082190536
1136.0,1136.0,0.1188652
1137.0,1137.0,0.18654248
1138.0,1138.0,0.009477146
1139.0,1139.0,0.121424444
1140.0,1140.0,0.19115937
1141.0,1141.0,0.1554292
1142.0,1142.0,0.123022944
1143.0,1143.0,0.019937163
1144.0,1144.0,8.220484E-5
1145.0,1145.0,1.7079074E-5
1146.0,1146.0,0.04515716
1147.0,1147.0,0.10163805
1148.0,1148.0,0.10342127
1149.0,1149.0,0.3628517
1150.0,1150.0,0.18919426
1151.0,1151.0,5.1703624E-4
1152.0,1152.0,0.99886316
1153.0,1153.0,0.0062382882
1154.0,1154.0,0.30721253
1155.0,1155.0,0.14394547
1156.0,1156.0,0.23380789
1157.0,1157.0,0.24460602
1158.0,1158.0,0.14744093
1159.0,1159.0,0.031761296
1160.0,1160.0,0.1922764
1161.0,1161.0,0.03133566
1162.0,1162.0,0.033384826
1163.0,1163.0,0.03575049
1164.0,1164.0,0.23617475
1165.0,1165.0,0.22463475
1166.0,1166.0,5.629795E-4
1167.0,1167.0,0.32750592
1168.0,1168.0,0.061520178
1169.0,1169.0,0.1423399
1170.0,1170.0,0.0031901456
1171.0,1171.0,0.009058148
1172.0,1172.0,0.0052840333
1173.0,1173.0,7.309733E-4
1174.0,1174.0,0.0053915824
1175.0,1175.0,0.12060801
1176.0,1176.0,0.0034108616
1177.0,1177.0,0.3713958
1178.0,1178.0,0.4599083
1179.0,1179.0,0.24189955
1180.0,1180.0,0.08345221
1181.0,1181.0,8.899322E-6
1182.0,1182.0,0.14983264
1183.0,1183.0,0.30210483
1184.0,1184.0,0.13388608
1185.0,1185.0,0.31408966
1186.0,1186.0,0.14034711
1187.0,1187.0,0.08940203
1188.0,1188.0,2.0963053E-5
1189.0,1189.0,0.003411094
1190.0,1190.0,0.0062470594
1191.0,1191.0,0.0066609764
1192.0,1192.0,0.14091496
1193.0,1193.0,0.18915138
1194.0,1194.0,0.23863007
1195.0,1195.0,0.14268751
1196.0,1196.0,5.8851234E-5
1197.0,1197.0,0.20807447
1198.0,1198.0,0.006041106
1199.0,1199.0,0.1854432
1200.0,1200.0,0.07676262
1201.0,1201.0,0.122102775
1202.0,1202.0,0.15245491
1203.0,1203.0,0.30935183
1204.0,1204.0,0.099425025
1205.0,1205.0,0.22291516
1206.0,1206.0,0.011868924
1207.0,1207.0,0.007781709
1208.0,1208.0,0.25257772
1209.0,1209.0,0.12979385
1210.0,1210.0,0.31983128
1211.0,1211.0,4.1186993E-4
1212.0,1212.0,0.21048935
1213.0,1213.0,0.31682095
1214.0,1214.0,0.04046079
1215.0,1215.0,0.02676098
1216.0,1216.0,0.010591641
1217.0,1217.0,0.27320763
1218.0,1218.0,3.0156996E-4
1219.0,1219.0,0.023933847
1220.0,1220.0,2.8205686E-4
1221.0,1221.0,9.6597105E-5
1222.0,1222.0,0.15095139
1223.0,1223.0,0.0063039153
1224.0,1224.0,0.19022316
1225.0,1225.0,0.18454213
1226.0,1226.0,0.22435106
1227.0,1227.0,0.04758348
1228.0,1228.0,2.5335396E-5
1229.0,1229.0,0.029115494
1230.0,1230.0,0.59346604
1231.0,1231.0,0.058592334
1232.0,1232.0,0.14062537
1233.0,1233.0,2.3493171E-4
1234.0,1234.0,0.25952768
1235.0,1235.0,0.26402617
1236.0,1236.0,6.856199E-5
1237.0,1237.0,0.12196306
1238.0,1238.0,0.010731403
1239.0,1239.0,0.015640726
1240.0,1240.0,0.001345996
1241.0,1241.0,0.6206352
1242.0,1242.0,0.17590158
1243.0,1243.0,0.0023529844
1244.0,1244.0,6.403917E-5
1245.0,1245.0,0.20457739
1246.0,1246.0,0.18778467
1247.0,1247.0,3.2853783E-5
1248.0,1248.0,0.014226625
1249.0,1249.0,1.2761101E-5
1250.0,1250.0,0.19051026
1251.0,1251.0,0.0011616293
1252.0,1252.0,0.010973113
1253.0,1253.0,0.22445138
1254.0,1254.0,0.19885656
1255.0,1255.0,0.09695266
1256.0,1256.0,0.0010322471
1257.0,1257.0,0.298505
1258.0,1258.0,0.18549518
1259.0,1259.0,0.14462946
1260.0,1260.0,0.9994777
1261.0,1261.0,0.9935057
1262.0,1262.0,0.13160172
1263.0,1263.0,1.099019E-4
1264.0,1264.0,0.1875603
1265.0,1265.0,0.21671684
1266.0,1266.0,1.02195445E-4
1267.0,1267.0,0.26803005
1268.0,1268.0,0.26000485
1269.0,1269.0,0.0034918133
1270.0,1270.0,0.485335
1271.0,1271.0,0.030185051
1272.0,1272.0,2.774781E-5
1273.0,1273.0,0.5786026
1274.0,1274.0,0.12069111
1275.0,1275.0,0.12181117
1276.0,1276.0,0.21359672
1277.0,1277.0,0.24719338
1278.0,1278.0,0.010623308
1279.0,1279.0,0.06362711
1280.0,1280.0,0.08640509
1281.0,1281.0,0.41541156
1282.0,1282.0,0.09839189
1283.0,1283.0,0.15551661
1284.0,1284.0,0.0028142116
1285.0,1285.0,0.40735018
1286.0,1286.0,0.018582081
1287.0,1287.0,5.579948E-4
1288.0,1288.0,0.43522662
1289.0,1289.0,0.022639573
1290.0,1290.0,0.22813904
1291.0,1291.0,0.13971217
1292.0,1292.0,0.009500097
1293.0,1293.0,0.005610868
1294.0,1294.0,0.13816862
1295.0,1295.0,4.7528923E-5
1296.0,1296.0,0.3138334
1297.0,1297.0,0.11256296
1298.0,1298.0,0.07169346
1299.0,1299.0,0.48277375
1300.0,1300.0,0.16130549
1301.0,1301.0,3.945295E-7
1302.0,1302.0,0.004832016
1303.0,1303.0,3.379878E-4
1304.0,1304.0,0.25401217
1305.0,1305.0,0.38207504
1306.0,1306.0,0.10307796
1307.0,1307.0,0.65216005
1308.0,1308.0,0.046595152
1309.0,1309.0,0.9898676
1310.0,1310.0,0.004902586
1311.0,1311.0,0.0340777
1312.0,1312.0,0.03191862
1313.0,1313.0,0.1701836
1314.0,1314.0,0.12725449
1315.0,1315.0,0.17207433
1316.0,1316.0,0.039536946
1317.0,1317.0,3.276613E-5
1318.0,1318.0,0.03962399
1319.0,1319.0,0.090375125
1320.0,1320.0,0.012949278
1321.0,1321.0,0.044744458
1322.0,1322.0,2.3201692E-5
1323.0,1323.0,0.16689786
1324.0,1324.0,0.118630536
1325.0,1325.0,0.02224605
1326.0,1326.0,0.034809165
1327.0,1327.0,0.38052142
1328.0,1328.0,0.00323328
1329.0,1329.0,0.8516641
1330.0,1330.0,0.009070295
1331.0,1331.0,0.016399665
1332.0,1332.0,0.2649024
1333.0,1333.0,0.1485175
1334.0,1334.0,0.59009117
1335.0,1335.0,0.02929268
1336.0,1336.0,0.12568754
1337.0,1337.0,0.04081084
1338.0,1338.0,0.5000697
1339.0,1339.0,0.13400142
1340.0,1340.0,0.29534504
1341.0,1341.0,0.44895104
1342.0,1342.0,0.10541672
1343.0,1343.0,0.0070573087
1344.0,1344.0,0.0065825367
1345.0,1345.0,6.2929103E-6
1346.0,1346.0,0.25500017
1347.0,1347.0,0.6368254
1348.0,1348.0,0.35269848
1349.0,1349.0,8.029354E-6
1350.0,1350.0,0.21929297
1351.0,1351.0,0.15767525
1352.0,1352.0,5.1920426E-5
1353.0,1353.0,0.17493203
1354.0,1354.0,0.044195186
1355.0,1355.0,0.012679599
1356.0,1356.0,0.21596426
1357.0,1357.0,0.17603841
1358.0,1358.0,0.019150859
1359.0,1359.0,0.0019267529
1360.0,1360.0,0.08684401
1361.0,1361.0,0.027151221
1362.0,1362.0,0.15809539
1363.0,1363.0,0.0024744028
1364.0,1364.0,1.1684846E-5
1365.0,1365.0,0.21620323
1366.0,1366.0,0.064724356
1367.0,1367.0,0.33064115
1368.0,1368.0,0.5315015
1369.0,1369.0,0.99628496
1370.0,1370.0,2.7595297E-4
1371.0,1371.0,6.0060218E-5
1372.0,1372.0,5.7963034E-6
1373.0,1373.0,0.11900275
1374.0,1374.0,0.033940867
1375.0,1375.0,0.09344275
1376.0,1376.0,5.746279E-4
1377.0,1377.0,0.20724784
1378.0,1378.0,0.24519145
1379.0,1379.0,0.16615677
1380.0,1380.0,0.99999994
1381.0,1381.0,0.051156398
1382.0,1382.0,0.15816438
1383.0,1383.0,0.18610047
1384.0,1384.0,0.34025705
1385.0,1385.0,0.05897909
1386.0,1386.0,0.30147797
1387.0,1387.0,5.0851653E-5
1388.0,1388.0,5.0086222E-5
1389.0,1389.0,3.386014E-5
1390.0,1390.0,9.975727E-5
1391.0,1391.0,0.19059864
1392.0,1392.0,0.10012305
1393.0,1393.0,0.02045939
1394.0,1394.0,3.5481094E-4
1395.0,1395.0,0.7539524
1396.0,1396.0,0.11197567
1397.0,1397.0,0.13197842
1398.0,1398.0,0.33833495
1399.0,1399.0,0.15406458
1400.0,1400.0,1.2345456E-4
1401.0,1401.0,0.07020941
1402.0,1402.0,4.3081492E-4
1403.0,1403.0,0.96335775
1404.0,1404.0,0.5641325
1405.0,1405.0,0.100140795
1406.0,1406.0,0.20500782
1407.0,1407.0,0.0013823668
1408.0,1408.0,0.103463545
1409.0,1409.0,0.58441293
1410.0,1410.0,0.082777075
1411.0,1411.0,1.0355569E-5
1412.0,1412.0,0.004356535
1413.0,1413.0,0.0018804155
1414.0,1414.0,3.086416E-5
1415.0,1415.0,0.2061706
1416.0,1416.0,1.2259171E-5
1417.0,1417.0,0.483989
1418.0,1418.0,0.019574817
1419.0,1419.0,0.08929626
1420.0,1420.0,0.057215273
1421.0,1421.0,0.0028477337
1422.0,1422.0,0.23142202
1423.0,1423.0,0.12512952
1424.0,1424.0,0.4565962
1425.0,1425.0,0.27920264
1426.0,1426.0,0.07473027
1427.0,1427.0,0.043598562
1428.0,1428.0,0.3114076
1429.0,1429.0,0.13654993
1430.0,1430.0,0.29254848
1431.0,1431.0,3.297808E-5
1432.0,1432.0,0.44839534
1433.0,1433.0,0.009420765
1434.0,1434.0,7.688361E-7
1435.0,1435.0,0.062045895
1436.0,1436.0,7.168365E-4
1437.0,1437.0,0.6774524
1438.0,1438.0,0.1430235
1439.0,1439.0,0.20666347
1440.0,1440.0,0.0016893349
1441.0,1441.0,0.025085514
1442.0,1442.0,0.16988368
1443.0,1443.0,0.0016071389
1444.0,1444.0,4.3672044E-4
1445.0,1445.0,1.17650925E-5
1446.0,1446.0,0.07413854
1447.0,1447.0,0.09431256
1448.0,1448.0,0.38397968
1449.0,1449.0,5.0695497E-4
1450.0,1450.0,0.24835189
1451.0,1451.0,0.24997187
1452.0,1452.0,0.13192533
1453.0,1453.0,0.0020701927
1454.0,1454.0,0.43967673
1455.0,1455.0,0.1659092
1456.0,1456.0,0.32470214
1457.0,1457.0,0.008833087
1458.0,1458.0,0.2354173
1459.0,1459.0,0.13408081
1460.0,1460.0,0.21253778
1461.0,1461.0,1.8073491E-5
1462.0,1462.0,0.121941015
1463.0,1463.0,0.29444763
1464.0,1464.0,0.023581725
1465.0,1465.0,3.475281E-5
1466.0,1466.0,1.1702244E-4
1467.0,1467.0,5.918936E-7
1468.0,1468.0,0.07569671
1469.0,1469.0,0.092436224
1470.0,1470.0,0.0029310165
1471.0,1471.0,0.109790556
1472.0,1472.0,0.17882024
1473.0,1473.0,0.1429796
1474.0,1474.0,0.06553084
1475.0,1475.0,0.08934088
1476.0,1476.0,0.16546386
1477.0,1477.0,0.26604646
1478.0,1478.0,0.19617419
1479.0,1479.0,0.34856698
1480.0,1480.0,0.16787629
1481.0,1481.0,0.16820222
1482.0,1482.0,0.086033985
1483.0,1483.0,0.14894927
1484.0,1484.0,0.16681233
1485.0,1485.0,0.03686328
1486.0,1486.0,8.7210617E-7
1487.0,1487.0,0.41244936
1488.0,1488.0,7.133832E-5
1489.0,1489.0,0.16892202
1490.0,1490.0,0.17934833
1491.0,1491.0,0.19756186
1492.0,1492.0,1.9972128E-4
1493.0,1493.0,8.151836E-6
1494.0,1494.0,0.10667915
1495.0,1495.0,0.21093026
1496.0,1496.0,0.030184725
1497.0,1497.0,1.2816687E-5
1498.0,1498.0,0.33344474
1499.0,1499.0,2.5325315E-5
1500.0,1500.0,5.81964E-4
1501.0,1501.0,0.058271796
1502.0,1502.0,0.42874718
1503.0,1503.0,0.24763367
1504.0,1504.0,6.346232E-5
1505.0,1505.0,0.68000776
1506.0,1506.0,2.9534113E-4
1507.0,1507.0,0.05184154
1508.0,1508.0,0.05496517
1509.0,1509.0,0.08743339
1510.0,1510.0,0.2851782
1511.0,1511.0,0.056229945
1512.0,1512.0,6.865166E-5
1513.0,1513.0,0.18068554
1514.0,1514.0,0.1223753
1515.0,1515.0,0.076981224
1516.0,1516.0,0.23430341
1517.0,1517.0,7.830988E-5
1518.0,1518.0,0.055933185
1519.0,1519.0,3.1516665E-5
1520.0,1520.0,0.52561265
1521.0,1521.0,0.0035202745
1522.0,1522.0,0.017961074
1523.0,1523.0,0.18730359
1524.0,1524.0,0.020281175
1525.0,1525.0,0.059824742
1526.0,1526.0,0.16210544
1527.0,1527.0,0.58145773
1528.0,1528.0,0.02210866
1529.0,1529.0,0.010120103
1530.0,1530.0,0.20737788
1531.0,1531.0,0.1158245
1532.0,1532.0,0.002800901
1533.0,1533.0,0.14795561
1534.0,1534.0,0.41169164
1535.0,1535.0,0.19780564
1536.0,1536.0,0.17775525
1537.0,1537.0,0.2916269
1538.0,1538.0,5.357342E-7
1539.0,1539.0,1.1158211E-4
1540.0,1540.0,0.0055855825
1541.0,1541.0,0.010198506
1542.0,1542.0,0.20414641
1543.0,1543.0,0.9971876
1544.0,1544.0,0.20137179
1545.0,1545.0,0.111394666
1546.0,1546.0,0.016746718
1547.0,1547.0,5.442285E-4
1548.0,1548.0,0.0047098333
1549.0,1549.0,0.057374522
1550.0,1550.0,0.43122792
1551.0,1551.0,0.039392874
1552.0,1552.0,0.18140665
1553.0,1553.0,0.0412834
1554.0,1554.0,0.007089092
1555.0,1555.0,0.19584711
1556.0,1556.0,0.17856072
1557.0,1557.0,0.032858733
1558.0,1558.0,9.888463E-5
1559.0,1559.0,5.7899238E-6
1560.0,1560.0,4.029624E-5
1561.0,1561.0,0.14636643
1562.0,1562.0,0.10580492
1563.0,1563.0,0.10041511
1564.0,1564.0,0.053167567
1565.0,1565.0,0.09771583
1566.0,1566.0,0.38728327
1567.0,1567.0,1.18477576E-4
1568.0,1568.0,0.13246495
1569.0,1569.0,0.36167955
1570.0,1570.0,0.25039557
1571.0,1571.0,0.56522405
1572.0,1572.0,0.012456856
1573.0,1573.0,0.021654844
1574.0,1574.0,0.28508997
1575.0,1575.0,0.46513456
1576.0,1576.0,0.38869652
1577.0,1577.0,0.59607965
1578.0,1578.0,9.209237E-4
1579.0,1579.0,0.47880307
1580.0,1580.0,6.498514E-4
1581.0,1581.0,0.028638704
1582.0,1582.0,0.0024991268
1583.0,1583.0,0.0016845589
1584.0,1584.0,0.48129287
1585.0,1585.0,0.9875638
1586.0,1586.0,0.16866098
1587.0,1587.0,0.23403774
1588.0,1588.0,0.0645355
1589.0,1589.0,0.09475256
1590.0,1590.0,0.11277823
1591.0,1591.0,0.25243542
1592.0,1592.0,0.16488855
1593.0,1593.0,0.15448092
1594.0,1594.0,0.001933676
1595.0,1595.0,0.15911281
1596.0,1596.0,0.0045127617
1597.0,1597.0,0.0045936047
1598.0,1598.0,8.370957E-4
1599.0,1599.0,1.6011552E-4
1600.0,1600.0,0.09741688
1601.0,1601.0,0.2241907
1602.0,1602.0,0.15388015
1603.0,1603.0,0.1771925
1604.0,1604.0,0.9414406
1605.0,1605.0,0.021700917
1606.0,1606.0,0.8697432
1607.0,1607.0,0.085477166
1608.0,1608.0,0.1294043
1609.0,1609.0,0.008698314
1610.0,1610.0,0.08200091
1611.0,1611.0,0.094870664
1612.0,1612.0,0.13308911
1613.0,1613.0,0.999072
1614.0,1614.0,0.26777765
1615.0,1615.0,0.4237217
1616.0,1616.0,7.6230976E-4
1617.0,1617.0,6.124028E-5
1618.0,1618.0,0.048633043
1619.0,1619.0,0.19397599
1620.0,1620.0,3.673193E-4
1621.0,1621.0,0.12580773
1622.0,1622.0,9.216582E-6
1623.0,1623.0,0.29799655
1624.0,1624.0,0.1444167
1625.0,1625.0,0.73417586
1626.0,1626.0,0.22073361
1627.0,1627.0,0.0020655436
1628.0,1628.0,7.276952E-5
1629.0,1629.0,0.07229264
1630.0,1630.0,0.029566266
1631.0,1631.0,0.10975863
1632.0,1632.0,0.22472471
1633.0,1633.0,0.058252543
1634.0,1634.0,0.2830572
1635.0,1635.0,0.18735477
1636.0,1636.0,0.0023754982
1637.0,1637.0,0.29021397
1638.0,1638.0,0.3877903
1639.0,1639.0,0.39196458
1640.0,1640.0,0.015503271
1641.0,1641.0,0.24477099
1642.0,1642.0,0.18804799
1643.0,1643.0,0.8317801
1644.0,1644.0,1.1222742E-4
1645.0,1645.0,0.24797764
1646.0,1646.0,0.20709993
1647.0,1647.0,2.6653544E-4
1648.0,1648.0,0.25307137
1649.0,1649.0,0.113456175
1650.0,1650.0,0.10294565
1651.0,1651.0,0.0064986246
1652.0,1652.0,0.19117746
1653.0,1653.0,0.2724727
1654.0,1654.0,0.73979867
1655.0,1655.0,0.092543155
1656.0,1656.0,0.1575849
1657.0,1657.0,0.25851008
1658.0,1658.0,0.066900074
1659.0,1659.0,0.0027390164
1660.0,1660.0,0.01827115
1661.0,1661.0,0.08795817
1662.0,1662.0,0.20376796
1663.0,1663.0,4.985954E-4
1664.0,1664.0,0.12229775
1665.0,1665.0,1.03775164E-4
1666.0,1666.0,0.25017124
1667.0,1667.0,0.27247706
1668.0,1668.0,0.37364045
1669.0,1669.0,0.11113571
1670.0,1670.0,0.049655184
1671.0,1671.0,0.10734794
1672.0,1672.0,0.19435744
1673.0,1673.0,1.1998715E-5
1674.0,1674.0,5.5352075E-6
1675.0,1675.0,1.2461698E-5
1676.0,1676.0,0.03854029
1677.0,1677.0,0.01677168
1678.0,1678.0,0.24250366
1679.0,1679.0,0.0041510602
1680.0,1680.0,0.7109676
1681.0,1681.0,0.18231721
1682.0,1682.0,1.7593836E-4
1683.0,1683.0,0.44866222
1684.0,1684.0,0.022149375
1685.0,1685.0,0.34148264
1686.0,1686.0,0.067550875
1687.0,1687.0,0.21520633
1688.0,1688.0,1.1134736E-4
1689.0,1689.0,0.98762316
1690.0,1690.0,5.8664325E-5
1691.0,1691.0,5.6367808E-5
1692.0,1692.0,0.15994833
1693.0,1693.0,0.19273856
1694.0,1694.0,0.19765647
1695.0,1695.0,0.008112484
1696.0,1696.0,0.37248668
1697.0,1697.0,0.43145365
1698.0,1698.0,0.15948409
1699.0,1699.0,0.2288323
1700.0,1700.0,0.015463859
1701.0,1701.0,0.41551504
1702.0,1702.0,0.22388302
1703.0,1703.0,0.07687035
1704.0,1704.0,3.3485834E-4
1705.0,1705.0,0.6805694
1706.0,1706.0,0.09417578
1707.0,1707.0,0.06702127
1708.0,1708.0,0.08773735
1709.0,1709.0,0.99543196
1710.0,1710.0,0.5425645
1711.0,1711.0,0.085805185
1712.0,1712.0,0.0026668487
1713.0,1713.0,0.0048820623
1714.0,1714.0,0.11209992
1715.0,1715.0,0.19593652
1716.0,1716.0,0.36554098
1717.0,1717.0,0.18298678
1718.0,1718.0,0.19271378
1719.0,1719.0,0.21335098
1720.0,1720.0,0.1513311
1721.0,1721.0,0.09645298
1722.0,1722.0,0.0019778253
1723.0,1723.0,0.028379925
1724.0,1724.0,0.108743325
1725.0,1725.0,0.0034385654
1726.0,1726.0,9.3571615E-4
1727.0,1727.0,0.021204617
1728.0,1728.0,0.22251636
1729.0,1729.0,0.2114263
1730.0,1730.0,2.5772734E-4
1731.0,1731.0,1.8679009E-4
1732.0,1732.0,0.13618618
1733.0,1733.0,0.123222925
1734.0,1734.0,0.10384082
1735.0,1735.0,0.2877842
1736.0,1736.0,5.493548E-7
1737.0,1737.0,0.12975875
1738.0,1738.0,1.3956432E-4
1739.0,1739.0,2.1335926E-4
1740.0,1740.0,0.01992335
1741.0,1741.0,0.869975
1742.0,1742.0,0.17277849
1743.0,1743.0,0.96274185
1744.0,1744.0,0.003236169
1745.0,1745.0,0.0028679788
1746.0,1746.0,0.31913725
1747.0,1747.0,0.062499452
1748.0,1748.0,0.001118869
1749.0,1749.0,0.10739456
1750.0,1750.0,0.0014385374
1751.0,1751.0,1.16200545E-5
1752.0,1752.0,0.23405401
1753.0,1753.0,0.26835212
1754.0,1754.0,0.019342946
1755.0,1755.0,9.3748013E-4
1756.0,1756.0,1.1518427E-5
1757.0,1757.0,4.0021816E-5
1758.0,1758.0,0.12208281
1759.0,1759.0,0.09392997
1760.0,1760.0,0.16586274
1761.0,1761.0,1.2581104E-4
1762.0,1762.0,0.11079124
1763.0,1763.0,0.0063639893
1764.0,1764.0,0.006411216
1765.0,1765.0,0.17442551
1766.0,1766.0,0.023131838
1767.0,1767.0,0.15389672
1768.0,1768.0,0.66060144
1769.0,1769.0,0.54118425
1770.0,1770.0,0.13692652
1771.0,1771.0,0.439801
1772.0,1772.0,0.19851446
1773.0,1773.0,0.11011907
1774.0,1774.0,0.012786249
1775.0,1775.0,0.0042115473
1776.0,1776.0,0.19296733
1777.0,1777.0,0.3120036
1778.0,1778.0,0.010076101
1779.0,1779.0,0.2307734
1780.0,1780.0,0.061030947
1781.0,1781.0,0.31927648
1782.0,1782.0,0.00525649
1783.0,1783.0,0.23825403
1784.0,1784.0,0.6143011
1785.0,1785.0,0.10822315
1786.0,1786.0,0.18732701
1787.0,1787.0,0.41413012
1788.0,1788.0,0.19386998
1789.0,1789.0,0.11883751
1790.0,1790.0,0.16723979
1791.0,1791.0,1.6107571E-5
1792.0,1792.0,0.014758397
1793.0,1793.0,0.0013436733
1794.0,1794.0,0.11474291
1795.0,1795.0,0.14265727
1796.0,1796.0,0.18067673
1797.0,1797.0,1.6992046E-5
1798.0,1798.0,0.26133594
1799.0,1799.0,0.0015464332
1800.0,1800.0,0.99254656
1801.0,1801.0,0.28903493
1802.0,1802.0,0.006799698
1803.0,1803.0,1.5519756E-4
1804.0,1804.0,0.06355168
1805.0,1805.0,4.053891E-5
1806.0,1806.0,0.2558287
1807.0,1807.0,0.0010312075
1808.0,1808.0,0.045077074
1809.0,1809.0,0.250432
1810.0,1810.0,0.99983174
1811.0,1811.0,0.17887236
1812.0,1812.0,0.13464576
1813.0,1813.0,0.25182784
1814.0,1814.0,0.24401367
1815.0,1815.0,0.001318374
1816.0,1816.0,0.24692424
1817.0,1817.0,0.0020872676
1818.0,1818.0,0.070250094
1819.0,1819.0,0.45114762
1820.0,1820.0,0.35934147
1821.0,1821.0,0.13727431
1822.0,1822.0,0.0021466345
1823.0,1823.0,9.132182E-4
1824.0,1824.0,0.06722373
1825.0,1825.0,0.018475411
1826.0,1826.0,0.04351318
1827.0,1827.0,0.15179709
1828.0,1828.0,0.1769076
1829.0,1829.0,0.18506213
1830.0,1830.0,0.21411514
1831.0,1831.0,0.98114896
1832.0,1832.0,0.52031666
1833.0,1833.0,0.78834635
1834.0,1834.0,0.08668914
1835.0,1835.0,0.19704276
1836.0,1836.0,0.016117113
1837.0,1837.0,0.5263114
1838.0,1838.0,9.297649E-4
1839.0,1839.0,0.028284473
1840.0,1840.0,0.0028835994
1841.0,1841.0,0.09396404
1842.0,1842.0,0.09032558
1843.0,1843.0,0.028172256
1844.0,1844.0,0.09388352
1845.0,1845.0,2.3196724E-5
1846.0,1846.0,0.43871602
1847.0,1847.0,6.754114E-7
1848.0,1848.0,0.7174253
1849.0,1849.0,0.90845895
1850.0,1850.0,0.2494476
1851.0,1851.0,0.0056449412
1852.0,1852.0,0.00260398
1853.0,1853.0,0.91562086
1854.0,1854.0,0.11354015
1855.0,1855.0,0.115363345
1856.0,1856.0,0.21978684
1857.0,1857.0,0.73731244
1858.0,1858.0,0.0014223584
1859.0,1859.0,0.20391133
1860.0,1860.0,0.022067651
1861.0,1861.0,0.10600605
1862.0,1862.0,0.15863702
1863.0,1863.0,0.0023400115
1864.0,1864.0,0.033513337
1865.0,1865.0,3.1054926E-5
1866.0,1866.0,0.043365404
1867.0,1867.0,0.004022158
1868.0,1868.0,0.22286467
1869.0,1869.0,0.072340265
1870.0,1870.0,0.16950849
1871.0,1871.0,1.0608256E-5
1872.0,1872.0,0.075382024
1873.0,1873.0,0.24837795
1874.0,1874.0,0.0262548
1875.0,1875.0,0.1399699
1876.0,1876.0,0.2745428
1877.0,1877.0,0.18912081
1878.0,1878.0,0.13391916
1879.0,1879.0,0.46289757
1880.0,1880.0,0.14873727
1881.0,1881.0,0.24779837
1882.0,1882.0,1.4278077E-6
1883.0,1883.0,0.023363674
1884.0,1884.0,7.3426527E-6
1885.0,1885.0,0.010079713
1886.0,1886.0,0.33914477
1887.0,1887.0,0.10107469
1888.0,1888.0,0.19973604
1889.0,1889.0,0.31790307
1890.0,1890.0,0.0021142454
1891.0,1891.0,0.03910909
1892.0,1892.0,0.03600611
1893.0,1893.0,0.1042963
1894.0,1894.0,0.09623132
1895.0,1895.0,0.075355776
1896.0,1896.0,0.23405221
1897.0,1897.0,1.7065847E-4
1898.0,1898.0,0.10787955
1899.0,1899.0,0.0064157266
1900.0,1900.0,9.142257E-6
1901.0,1901.0,0.29853886
1902.0,1902.0,0.1997395
1903.0,1903.0,0.6856847
1904.0,1904.0,0.13432354
1905.0,1905.0,2.7368678E-6
1906.0,1906.0,9.609621E-4
1907.0,1907.0,0.23198187
1908.0,1908.0,0.2562033
1909.0,1909.0,0.43681696
1910.0,1910.0,0.14822225
1911.0,1911.0,0.0013885569
1912.0,1912.0,5.2568565E-5
1913.0,1913.0,0.11139054
1914.0,1914.0,0.28043076
1915.0,1915.0,4.3729204E-5
1916.0,1916.0,0.5140859
1917.0,1917.0,0.11959878
1918.0,1918.0,0.010006802
1919.0,1919.0,0.20447694
1920.0,1920.0,0.06403423
1921.0,1921.0,0.05709397
1922.0,1922.0,0.25393596
1923.0,1923.0,0.34062225
1924.0,1924.0,0.29917294
1925.0,1925.0,0.21650138
1926.0,1926.0,0.21971142
1927.0,1927.0,0.038305327
1928.0,1928.0,0.0074758446
1929.0,1929.0,0.06930202
1930.0,1930.0,0.08193077
1931.0,1931.0,0.049385708
1932.0,1932.0,0.66697943
1933.0,1933.0,0.11367997
1934.0,1934.0,0.15592946
1935.0,1935.0,0.073528774
1936.0,1936.0,8.401703E-5
1937.0,1937.0,0.38071686
1938.0,1938.0,4.6451605E-4
1939.0,1939.0,0.86461884
1940.0,1940.0,0.1647481
1941.0,1941.0,1.1910014E-5
1942.0,1942.0,0.007776756
1943.0,1943.0,0.15953332
1944.0,1944.0,0.042777434
1945.0,1945.0,0.1248183
1946.0,1946.0,7.5617236E-6
1947.0,1947.0,0.007095438
1948.0,1948.0,0.10945417
1949.0,1949.0,0.5227636
1950.0,1950.0,0.2045165
1951.0,1951.0,0.3850688
1952.0,1952.0,7.704521E-6
1953.0,1953.0,0.040339682
1954.0,1954.0,0.28709814
1955.0,1955.0,0.05036263
1956.0,1956.0,0.24538006
1957.0,1957.0,0.10509522
1958.0,1958.0,2.2111579E-5
1959.0,1959.0,0.041242853
1960.0,1960.0,0.0059228204
1961.0,1961.0,5.551137E-5
1962.0,1962.0,0.059949096
1963.0,1963.0,5.4442626E-4
1964.0,1964.0,0.3186207
1965.0,1965.0,0.35586905
1966.0,1966.0,0.3367358
1967.0,1967.0,0.45735475
1968.0,1968.0,0.08039529
1969.0,1969.0,0.15792285
1970.0,1970.0,0.2518174
1971.0,1971.0,0.16690803
1972.0,1972.0,0.18168262
1973.0,1973.0,0.17200914
1974.0,1974.0,0.46191978
1975.0,1975.0,0.07287895
1976.0,1976.0,0.09457636
1977.0,1977.0,0.33694133
1978.0,1978.0,0.0117576625
1979.0,1979.0,0.08970744
1980.0,1980.0,0.27366292
1981.0,1981.0,0.20319404
1982.0,1982.0,0.1653601
1983.0,1983.0,0.11207051
1984.0,1984.0,0.49465585
1985.0,1985.0,0.7245001
1986.0,1986.0,0.20588969
1987.0,1987.0,0.26977786
1988.0,1988.0,0.01689421
1989.0,1989.0,0.3356548
1990.0,1990.0,0.12694912
1991.0,1991.0,0.36808836
1992.0,1992.0,0.11998943
1993.0,1993.0,0.14590946
1994.0,1994.0,0.3211706
1995.0,1995.0,0.012343366
1996.0,1996.0,0.0033690946
1997.0,1997.0,0.109547615
1998.0,1998.0,0.13064702
1999.0,1999.0,0.057998355
2000.0,2000.0,0.40602544
2001.0,2001.0,0.0018223345
2002.0,2002.0,0.456203
2003.0,2003.0,0.020107772
2004.0,2004.0,0.06869931
2005.0,2005.0,8.177415E-6
2006.0,2006.0,0.13127427
2007.0,2007.0,0.009415391
2008.0,2008.0,6.821246E-4
2009.0,2009.0,0.47497573
2010.0,2010.0,0.12859908
2011.0,2011.0,0.09329644
2012.0,2012.0,0.9509666
2013.0,2013.0,0.014699484
2014.0,2014.0,0.09000778
2015.0,2015.0,0.003496896
2016.0,2016.0,0.41229272
2017.0,2017.0,0.13140944
2018.0,2018.0,0.1358801
2019.0,2019.0,0.6996142
2020.0,2020.0,0.3712257
2021.0,2021.0,8.675443E-5
2022.0,2022.0,0.0014430339
2023.0,2023.0,0.054233633
2024.0,2024.0,3.8705373E-4
2025.0,2025.0,0.1154956
2026.0,2026.0,0.15851252
2027.0,2027.0,0.09323747
2028.0,2028.0,4.757961E-5
2029.0,2029.0,0.21366766
2030.0,2030.0,0.40510413
2031.0,2031.0,0.02677694
2032.0,2032.0,1.5831606E-4
2033.0,2033.0,0.07624401
2034.0,2034.0,0.2943121
2035.0,2035.0,0.030407397
2036.0,2036.0,0.120097585
2037.0,2037.0,0.0069753076
2038.0,2038.0,0.6772768
2039.0,2039.0,0.23440479
2040.0,2040.0,6.2905096E-6
2041.0,2041.0,0.2348706
2042.0,2042.0,0.0045496332
2043.0,2043.0,4.6119403E-6
2044.0,2044.0,0.15777425
2045.0,2045.0,0.103987426
2046.0,2046.0,0.058455434
2047.0,2047.0,0.044661537
2048.0,2048.0,0.34964278
2049.0,2049.0,0.1446591
2050.0,2050.0,0.18605469
2051.0,2051.0,0.043779694
2052.0,2052.0,0.20620348
2053.0,2053.0,0.021601139
2054.0,2054.0,0.35133398
2055.0,2055.0,0.035321638
2056.0,2056.0,0.047831252
2057.0,2057.0,0.12133438
2058.0,2058.0,0.06874868
2059.0,2059.0,0.008343434
2060.0,2060.0,0.028996479
2061.0,2061.0,0.91108406
2062.0,2062.0,0.17142266
2063.0,2063.0,0.9784853
2064.0,2064.0,0.23431106
2065.0,2065.0,1.4408151E-5
2066.0,2066.0,6.7257514E-4
2067.0,2067.0,0.026668496
2068.0,2068.0,0.0069614933
2069.0,2069.0,0.06191612
2070.0,2070.0,0.15525816
2071.0,2071.0,0.03160922
2072.0,2072.0,0.09332818
2073.0,2073.0,0.091187626
2074.0,2074.0,0.03207793
2075.0,2075.0,0.17965469
2076.0,2076.0,0.04773069
2077.0,2077.0,3.1218797E-4
2078.0,2078.0,0.21108665
2079.0,2079.0,0.010691999
2080.0,2080.0,0.30832776
2081.0,2081.0,0.5650314
2082.0,2082.0,0.035281587
2083.0,2083.0,0.5370423
2084.0,2084.0,0.20137678
2085.0,2085.0,0.988403
2086.0,2086.0,2.5800345E-4
2087.0,2087.0,0.005207901
2088.0,2088.0,0.46039528
2089.0,2089.0,0.03841798
2090.0,2090.0,0.0035786948
2091.0,2091.0,0.018935343
2092.0,2092.0,0.01871975
2093.0,2093.0,0.2592599
2094.0,2094.0,9.989989E-4
2095.0,2095.0,0.15582079
2096.0,2096.0,0.11390015
2097.0,2097.0,0.13648038
2098.0,2098.0,0.9694985
2099.0,2099.0,0.45266712
2100.0,2100.0,0.7420739
2101.0,2101.0,0.19294669
2102.0,2102.0,4.8150687E-4
2103.0,2103.0,0.003517428
2104.0,2104.0,0.005285174
2105.0,2105.0,0.12627773
2106.0,2106.0,0.23260468
2107.0,2107.0,0.16126072
2108.0,2108.0,0.31153592
2109.0,2109.0,0.0033997928
2110.0,2110.0,0.13594563
2111.0,2111.0,0.0048775077
2112.0,2112.0,0.20022418
2113.0,2113.0,0.012939739
2114.0,2114.0,0.013428784
2115.0,2115.0,0.2190697
2116.0,2116.0,0.10178225
2117.0,2117.0,0.04430335
2118.0,2118.0,0.028890336
2119.0,2119.0,0.012903258
2120.0,2120.0,0.2052807
2121.0,2121.0,1.18209784E-4
2122.0,2122.0,0.22518708
2123.0,2123.0,0.041376412
2124.0,2124.0,0.15058841
2125.0,2125.0,1.3891338E-4
2126.0,2126.0,0.19105217
2127.0,2127.0,0.113784164
2128.0,2128.0,5.720741E-4
2129.0,2129.0,0.034552693
2130.0,2130.0,0.6393208
2131.0,2131.0,0.1006208
2132.0,2132.0,0.15304598
2133.0,2133.0,0.078727104
2134.0,2134.0,0.24895719
2135.0,2135.0,0.3246837
2136.0,2136.0,0.4178445
2137.0,2137.0,5.707752E-4
2138.0,2138.0,0.418403
2139.0,2139.0,0.003634069
2140.0,2140.0,0.22483863
2141.0,2141.0,1.0692096E-5
2142.0,2142.0,0.14040843
2143.0,2143.0,0.21279562
2144.0,2144.0,0.057242755
2145.0,2145.0,0.19239308
2146.0,2146.0,0.4661918
2147.0,2147.0,0.08493102
2148.0,2148.0,0.013927742
2149.0,2149.0,0.22133563
2150.0,2150.0,0.17052546
2151.0,2151.0,0.08153048
2152.0,2152.0,0.3924232
2153.0,2153.0,0.20569791
2154.0,2154.0,0.11781
2155.0,2155.0,0.22799155
2156.0,2156.0,0.07522998
2157.0,2157.0,0.99970365
2158.0,2158.0,0.0033066855
2159.0,2159.0,0.20610937
2160.0,2160.0,0.17313845
2161.0,2161.0,0.17227049
2162.0,2162.0,0.31342024
2163.0,2163.0,0.026435498
2164.0,2164.0,7.429263E-7
2165.0,2165.0,4.619834E-5
2166.0,2166.0,0.06120349
2167.0,2167.0,0.7447013
2168.0,2168.0,0.0010877813
2169.0,2169.0,0.30452517
2170.0,2170.0,0.59348154
2171.0,2171.0,5.1355857E-4
2172.0,2172.0,0.02826187
2173.0,2173.0,0.48534805
2174.0,2174.0,0.05037433
2175.0,2175.0,0.0048783016
2176.0,2176.0,0.004937322
2177.0,2177.0,0.7415559
2178.0,2178.0,9.872115E-6
2179.0,2179.0,0.22025461
2180.0,2180.0,0.0767638
2181.0,2181.0,0.17474599
2182.0,2182.0,0.37547168
2183.0,2183.0,0.060679905
2184.0,2184.0,0.15651302
2185.0,2185.0,0.09197875
2186.0,2186.0,0.23971564
2187.0,2187.0,0.069272295
2188.0,2188.0,0.24109915
2189.0,2189.0,1.6839239E-4
2190.0,2190.0,0.14316088
2191.0,2191.0,0.31957203
2192.0,2192.0,0.89330536
2193.0,2193.0,0.12298728
2194.0,2194.0,8.4150967E-4
2195.0,2195.0,0.11521413
2196.0,2196.0,0.34876844
2197.0,2197.0,0.24576405
2198.0,2198.0,0.0026877979
2199.0,2199.0,0.27480936
2200.0,2200.0,0.4617897
2201.0,2201.0,0.28043297
2202.0,2202.0,0.09603961
2203.0,2203.0,0.11116248
2204.0,2204.0,0.27357233
2205.0,2205.0,0.2057204
2206.0,2206.0,0.009064971
2207.0,2207.0,0.21474934
2208.0,2208.0,0.5830952
2209.0,2209.0,0.08755655
2210.0,2210.0,0.34727675
2211.0,2211.0,0.3520615
2212.0,2212.0,0.84311223
2213.0,2213.0,0.11052202
2214.0,2214.0,0.22262847
2215.0,2215.0,0.11744074
2216.0,2216.0,0.17807417
2217.0,2217.0,0.18430384
2218.0,2218.0,5.571285E-4
2219.0,2219.0,0.010292907
2220.0,2220.0,0.13831972
2221.0,2221.0,0.26362404
2222.0,2222.0,0.062725045
2223.0,2223.0,0.18504453
2224.0,2224.0,0.24272934
2225.0,2225.0,0.1748388
2226.0,2226.0,0.032698747
2227.0,2227.0,0.043439355
2228.0,2228.0,0.34040597
2229.0,2229.0,0.5484008
2230.0,2230.0,0.039289422
2231.0,2231.0,0.5223532
2232.0,2232.0,0.18103811
2233.0,2233.0,0.12122232
2234.0,2234.0,0.16196403
2235.0,2235.0,0.3125044
2236.0,2236.0,0.3239649
2237.0,2237.0,0.0020805118
2238.0,2238.0,0.23279813
2239.0,2239.0,0.5318359
2240.0,2240.0,0.30578312
2241.0,2241.0,0.117611386
2242.0,2242.0,0.2597891
2243.0,2243.0,0.027568433
2244.0,2244.0,0.17618383
2245.0,2245.0,0.1765889
2246.0,2246.0,0.07552507
2247.0,2247.0,0.25575453
2248.0,2248.0,0.0016777427
2249.0,2249.0,0.5281726
2250.0,2250.0,0.02049364
2251.0,2251.0,0.014718911
2252.0,2252.0,0.30216375
2253.0,2253.0,3.5741945E-7
2254.0,2254.0,1.9213669E-5
2255.0,2255.0,0.0032863026
2256.0,2256.0,0.18294418
2257.0,2257.0,1.4538484E-4
2258.0,2258.0,0.09244711
2259.0,2259.0,0.58150405
2260.0,2260.0,0.020340774
2261.0,2261.0,0.92005396
2262.0,2262.0,0.10677247
2263.0,2263.0,4.4552135E-6
2264.0,2264.0,0.123739034
2265.0,2265.0,0.116539635
2266.0,2266.0,0.23236257
2267.0,2267.0,0.22810127
2268.0,2268.0,0.20529202
2269.0,2269.0,0.00806968
2270.0,2270.0,0.17904137
2271.0,2271.0,0.0011539932
2272.0,2272.0,0.002291741
2273.0,2273.0,8.442571E-4
2274.0,2274.0,0.06935506
2275.0,2275.0,0.25304893
2276.0,2276.0,4.948944E-4
2277.0,2277.0,0.8136891
2278.0,2278.0,0.25612044
2279.0,2279.0,0.31720117
2280.0,2280.0,0.5295226
2281.0,2281.0,0.0010727118
2282.0,2282.0,0.234555
2283.0,2283.0,0.004149277
2284.0,2284.0,0.32389677
2285.0,2285.0,0.023546556
2286.0,2286.0,0.19987018
2287.0,2287.0,0.28695568
2288.0,2288.0,0.011329316
2289.0,2289.0,0.010033589
2290.0,2290.0,0.019615492
2291.0,2291.0,0.13255411
2292.0,2292.0,5.586384E-4
2293.0,2293.0,0.019715589
2294.0,2294.0,0.300541
2295.0,2295.0,4.9339747E-4
2296.0,2296.0,0.20438418
2297.0,2297.0,0.13570297
2298.0,2298.0,0.0020436612
2299.0,2299.0,0.5530236
2300.0,2300.0,5.2604574E-4
2301.0,2301.0,0.17727508
2302.0,2302.0,0.17415416
2303.0,2303.0,0.032292813
2304.0,2304.0,0.2581331
2305.0,2305.0,0.21947014
2306.0,2306.0,0.041964
2307.0,2307.0,0.3370968
2308.0,2308.0,0.080735296
2309.0,2309.0,0.07231265
2310.0,2310.0,0.022623785
2311.0,2311.0,0.094920784
2312.0,2312.0,0.001332799
2313.0,2313.0,0.0021679236
2314.0,2314.0,0.40746838
2315.0,2315.0,0.24334846
2316.0,2316.0,0.062067047
2317.0,2317.0,0.007885939
2318.0,2318.0,0.36669105
2319.0,2319.0,0.6195395
2320.0,2320.0,0.05371553
2321.0,2321.0,0.18170232
2322.0,2322.0,0.0026195787
2323.0,2323.0,0.052318167
2324.0,2324.0,0.0033780888
2325.0,2325.0,0.2784853
2326.0,2326.0,0.052363925
2327.0,2327.0,0.044900067
2328.0,2328.0,0.27501497
2329.0,2329.0,0.04315457
2330.0,2330.0,0.29286546
2331.0,2331.0,0.0015950067
2332.0,2332.0,0.82913214
2333.0,2333.0,0.09489904
2334.0,2334.0,1.3262831E-4
2335.0,2335.0,0.1842356
2336.0,2336.0,0.19804293
2337.0,2337.0,0.9473295
2338.0,2338.0,0.4200448
2339.0,2339.0,0.61613595
2340.0,2340.0,0.046515454
2341.0,2341.0,0.19216646
2342.0,2342.0,0.021684332
2343.0,2343.0,0.3522635
2344.0,2344.0,0.03311781
2345.0,2345.0,0.2191833
2346.0,2346.0,0.30587247
2347.0,2347.0,0.278099
2348.0,2348.0,0.25012523
2349.0,2349.0,0.2474047
2350.0,2350.0,7.3970875E-7
2351.0,2351.0,0.098589
2352.0,2352.0,0.012340336
2353.0,2353.0,0.34060198
2354.0,2354.0,0.295417
2355.0,2355.0,0.20689893
2356.0,2356.0,0.0013869776
2357.0,2357.0,0.005110291
2358.0,2358.0,0.0038934795
2359.0,2359.0,0.01257001
2360.0,2360.0,0.80528736
2361.0,2361.0,0.13036752
2362.0,2362.0,0.20778325
2363.0,2363.0,0.39382693
2364.0,2364.0,0.026224695
2365.0,2365.0,0.3657586
2366.0,2366.0,0.04466713
2367.0,2367.0,0.22126652
2368.0,2368.0,0.07496886
2369.0,2369.0,0.099690504
2370.0,2370.0,0.040742993
2371.0,2371.0,0.09744959
2372.0,2372.0,0.16243207
2373.0,2373.0,0.048226062
2374.0,2374.0,0.051524755
2375.0,2375.0,0.026483169
2376.0,2376.0,0.14788671
2377.0,2377.0,0.044584874
2378.0,2378.0,0.06267995
2379.0,2379.0,0.12941891
2380.0,2380.0,0.11611135
2381.0,2381.0,0.09061909
2382.0,2382.0,6.748485E-4
2383.0,2383.0,6.731099E-4
2384.0,2384.0,0.045711122
2385.0,2385.0,6.9986777E-6
2386.0,2386.0,0.0023276254
2387.0,2387.0,0.15081872
2388.0,2388.0,6.1408896E-4
2389.0,2389.0,0.2247967
2390.0,2390.0,0.010644107
2391.0,2391.0,0.04359336
2392.0,2392.0,0.22826163
2393.0,2393.0,0.1851638
2394.0,2394.0,0.04411212
2395.0,2395.0,0.08866844
2396.0,2396.0,0.32541513
2397.0,2397.0,0.0039129197
2398.0,2398.0,0.03608799
2399.0,2399.0,0.04780503
2400.0,2400.0,0.56326157
2401.0,2401.0,0.061211586
2402.0,2402.0,0.03838759
2403.0,2403.0,0.29868567
2404.0,2404.0,0.055748392
2405.0,2405.0,0.12553827
2406.0,2406.0,0.7185918
2407.0,2407.0,0.076367095
2408.0,2408.0,0.107988976
2409.0,2409.0,0.20303212
2410.0,2410.0,0.0978721
2411.0,2411.0,0.0060441373
2412.0,2412.0,0.15195808
2413.0,2413.0,0.029158894
2414.0,2414.0,0.11126404
2415.0,2415.0,0.13069119
2416.0,2416.0,0.1025819
2417.0,2417.0,0.013693395
2418.0,2418.0,0.95734704
2419.0,2419.0,0.14945371
2420.0,2420.0,0.53388375
2421.0,2421.0,6.136097E-4
2422.0,2422.0,0.015635174
2423.0,2423.0,0.013265208
2424.0,2424.0,5.328839E-4
2425.0,2425.0,0.031488787
2426.0,2426.0,0.07098452
2427.0,2427.0,2.1454178E-4
2428.0,2428.0,0.017587945
2429.0,2429.0,0.0034072166
2430.0,2430.0,0.0023913009
2431.0,2431.0,1.1212001E-4
2432.0,2432.0,7.3706724E-6
2433.0,2433.0,2.8166694E-6
2434.0,2434.0,0.04325231
2435.0,2435.0,0.3273272
2436.0,2436.0,0.05866523
2437.0,2437.0,3.227588E-6
2438.0,2438.0,3.5835965E-6
2439.0,2439.0,0.0056772307
2440.0,2440.0,0.25356606
2441.0,2441.0,0.018184448
2442.0,2442.0,0.19093119
2443.0,2443.0,3.006986E-4
2444.0,2444.0,0.16868226
2445.0,2445.0,0.044564996
2446.0,2446.0,6.0312654E-4
2447.0,2447.0,0.314389
2448.0,2448.0,3.572066E-5
2449.0,2449.0,0.15634541
2450.0,2450.0,0.0048616887
2451.0,2451.0,0.3272287
2452.0,2452.0,2.0454738E-4
2453.0,2453.0,0.4864341
2454.0,2454.0,0.20261356
2455.0,2455.0,0.1975255
2456.0,2456.0,0.007616702
2457.0,2457.0,0.9959706
2458.0,2458.0,3.9490062E-4
2459.0,2459.0,0.02226604
2460.0,2460.0,0.21992846
2461.0,2461.0,0.06261363
2462.0,2462.0,0.27704802
2463.0,2463.0,0.01409596
2464.0,2464.0,0.33127105
2465.0,2465.0,0.14088324
2466.0,2466.0,9.696279E-5
2467.0,2467.0,0.19655412
2468.0,2468.0,0.48095772
2469.0,2469.0,0.0065049496
2470.0,2470.0,0.26031548
2471.0,2471.0,5.5155024E-4
2472.0,2472.0,0.020538388
2473.0,2473.0,0.038026795
2474.0,2474.0,0.17185561
2475.0,2475.0,0.0072699473
2476.0,2476.0,0.24441598
2477.0,2477.0,0.41500846
2478.0,2478.0,0.011465963
2479.0,2479.0,0.28476542
2480.0,2480.0,0.22537807
2481.0,2481.0,0.2992463
2482.0,2482.0,1.4828924E-4
2483.0,2483.0,0.06649842
2484.0,2484.0,0.0048831156
2485.0,2485.0,0.13970678
2486.0,2486.0,0.16713107
2487.0,2487.0,0.4211685
2488.0,2488.0,0.35951617
2489.0,2489.0,0.017071217
2490.0,2490.0,0.0035337685
2491.0,2491.0,0.15324259
2492.0,2492.0,0.0021858886
2493.0,2493.0,4.724031E-6
2494.0,2494.0,0.5867669
2495.0,2495.0,0.33571094
2496.0,2496.0,0.028787803
2497.0,2497.0,0.31141362
2498.0,2498.0,0.0010170398
2499.0,2499.0,0.3445724
2500.0,2500.0,2.1656855E-5
2501.0,2501.0,0.02528717
2502.0,2502.0,0.19558889
2503.0,2503.0,0.0092984345
2504.0,2504.0,0.061093565
2505.0,2505.0,0.027103385
2506.0,2506.0,0.35362846
2507.0,2507.0,0.03536811
2508.0,2508.0,0.23462735
2509.0,2509.0,0.22107984
2510.0,2510.0,0.5201872
2511.0,2511.0,0.10730949
2512.0,2512.0,9.3635026E-7
2513.0,2513.0,0.1671644
2514.0,2514.0,0.0156732
2515.0,2515.0,0.061363537
2516.0,2516.0,0.17677069
2517.0,2517.0,0.06508573
2518.0,2518.0,0.14866912
2519.0,2519.0,0.03844229
2520.0,2520.0,0.23111196
2521.0,2521.0,0.5662704
2522.0,2522.0,0.0012610189
2523.0,2523.0,8.947146E-4
2524.0,2524.0,1.8925497E-5
2525.0,2525.0,0.023925222
2526.0,2526.0,0.18413465
2527.0,2527.0,0.42201567
2528.0,2528.0,0.13305
2529.0,2529.0,0.14868969
2530.0,2530.0,0.19032077
2531.0,2531.0,0.1391315
2532.0,2532.0,0.19076838
2533.0,2533.0,0.003438835
2534.0,2534.0,0.10582468
2535.0,2535.0,0.18312557
2536.0,2536.0,0.25021115
2537.0,2537.0,0.022241028
2538.0,2538.0,0.28420445
2539.0,2539.0,0.15235466
2540.0,2540.0,6.5934286E-4
2541.0,2541.0,0.26072344
2542.0,2542.0,8.438771E-4
2543.0,2543.0,0.23284964
2544.0,2544.0,0.29739985
2545.0,2545.0,0.121833734
2546.0,2546.0,0.038165092
2547.0,2547.0,0.1190276
2548.0,2548.0,3.2875515E-4
2549.0,2549.0,0.09981631
2550.0,2550.0,0.21867737
2551.0,2551.0,8.805121E-5
2552.0,2552.0,0.11786252
2553.0,2553.0,0.28867105
2554.0,2554.0,0.0010577067
2555.0,2555.0,0.39732233
2556.0,2556.0,0.08382012
2557.0,2557.0,0.06303974
2558.0,2558.0,0.011939021
2559.0,2559.0,2.0219333E-4
2560.0,2560.0,0.016660253
2561.0,2561.0,1.1671773E-4
2562.0,2562.0,0.06230442
2563.0,2563.0,0.4008902
2564.0,2564.0,0.1496177
2565.0,2565.0,5.6294055E-4
2566.0,2566.0,0.057522718
2567.0,2567.0,0.027714968
2568.0,2568.0,0.5003228
2569.0,2569.0,0.9993163
2570.0,2570.0,0.36960763
2571.0,2571.0,0.24249357
2572.0,2572.0,7.585647E-4
2573.0,2573.0,0.27041835
2574.0,2574.0,0.013347756
2575.0,2575.0,0.22059259
2576.0,2576.0,0.003339355
2577.0,2577.0,0.070922576
2578.0,2578.0,0.20728739
2579.0,2579.0,0.12768692
2580.0,2580.0,3.627626E-4
2581.0,2581.0,0.006872301
2582.0,2582.0,0.0015111961
2583.0,2583.0,5.589996E-4
2584.0,2584.0,0.007909957
2585.0,2585.0,0.8583036
2586.0,2586.0,0.044579398
2587.0,2587.0,9.473703E-5
2588.0,2588.0,0.0022502819
2589.0,2589.0,0.12236565
2590.0,2590.0,0.32023537
2591.0,2591.0,0.0050533433
2592.0,2592.0,0.3731832
2593.0,2593.0,0.14699477
2594.0,2594.0,0.004474364
2595.0,2595.0,0.09489199
2596.0,2596.0,0.1538568
2597.0,2597.0,0.041844264
2598.0,2598.0,0.09412232
2599.0,2599.0,0.15697235
2600.0,2600.0,0.30168474
2601.0,2601.0,3.1514288E-4
2602.0,2602.0,0.047854897
2603.0,2603.0,0.17217524
2604.0,2604.0,3.942299E-4
2605.0,2605.0,0.20223583
2606.0,2606.0,5.8297923E-5
2607.0,2607.0,0.08332868
2608.0,2608.0,0.38069993
2609.0,2609.0,6.267775E-4
2610.0,2610.0,0.2645124
2611.0,2611.0,3.254378E-4
2612.0,2612.0,0.2470728
2613.0,2613.0,0.25163415
2614.0,2614.0,4.321143E-7
2615.0,2615.0,0.036814135
2616.0,2616.0,0.052804902
2617.0,2617.0,0.20445228
2618.0,2618.0,0.12183702
2619.0,2619.0,0.58082926
2620.0,2620.0,0.5259001
2621.0,2621.0,0.4463369
2622.0,2622.0,0.35807285
2623.0,2623.0,0.60035485
2624.0,2624.0,0.14622834
2625.0,2625.0,0.21876156
2626.0,2626.0,0.94840914
2627.0,2627.0,4.9690146E-4
2628.0,2628.0,0.2852201
2629.0,2629.0,6.1220507E-4
2630.0,2630.0,3.45974E-4
2631.0,2631.0,0.021488676
2632.0,2632.0,1.00363846E-4
2633.0,2633.0,0.023661269
2634.0,2634.0,0.1152173
2635.0,2635.0,0.29705933
2636.0,2636.0,9.992198E-4
2637.0,2637.0,0.16819537
2638.0,2638.0,0.045863662
2639.0,2639.0,0.011818469
2640.0,2640.0,1.9979292E-5
2641.0,2641.0,0.213723
2642.0,2642.0,0.2456447
2643.0,2643.0,9.175683E-7
2644.0,2644.0,0.05768181
2645.0,2645.0,3.9184775E-5
2646.0,2646.0,0.026153374
2647.0,2647.0,0.00904037
2648.0,2648.0,0.0043519256
2649.0,2649.0,4.8999797E-4
2650.0,2650.0,0.0035122198
2651.0,2651.0,0.12150081
2652.0,2652.0,0.06353294
2653.0,2653.0,1.6474524E-4
2654.0,2654.0,0.022248156
2655.0,2655.0,0.0021745828
2656.0,2656.0,0.028135203
2657.0,2657.0,0.9978641
2658.0,2658.0,0.038109556
2659.0,2659.0,5.6621834E-6
2660.0,2660.0,0.8721063
2661.0,2661.0,1.3659223E-5
2662.0,2662.0,0.20534332
2663.0,2663.0,0.039624244
2664.0,2664.0,2.9285013E-6
2665.0,2665.0,0.22211763
2666.0,2666.0,0.20376864
2667.0,2667.0,0.098352246
2668.0,2668.0,0.5103583
2669.0,2669.0,0.45080882
2670.0,2670.0,0.21958426
2671.0,2671.0,0.25005803
2672.0,2672.0,0.069935635
2673.0,2673.0,0.18374436
2674.0,2674.0,0.16815041
2675.0,2675.0,0.08100167
2676.0,2676.0,0.14930803
2677.0,2677.0,0.069338284
2678.0,2678.0,0.20522748
2679.0,2679.0,0.28795525
2680.0,2680.0,0.2222167
2681.0,2681.0,0.84982973
2682.0,2682.0,0.15121117
2683.0,2683.0,0.2578257
2684.0,2684.0,0.12213549
2685.0,2685.0,0.10115899
2686.0,2686.0,0.22819431
2687.0,2687.0,0.13664167
2688.0,2688.0,0.27233076
2689.0,2689.0,0.14693578
2690.0,2690.0,0.020701068
2691.0,2691.0,1.5479806E-4
2692.0,2692.0,2.9982477E-6
2693.0,2693.0,0.6177257
2694.0,2694.0,0.13952124
2695.0,2695.0,0.06762099
2696.0,2696.0,0.21506456
2697.0,2697.0,0.13503052
2698.0,2698.0,5.395245E-7
2699.0,2699.0,0.41046014
2700.0,2700.0,0.29759
2701.0,2701.0,4.7791186E-6
2702.0,2702.0,0.086587414
2703.0,2703.0,0.17542264
2704.0,2704.0,0.015898
2705.0,2705.0,0.029402142
2706.0,2706.0,0.24065624
2707.0,2707.0,0.6066802
2708.0,2708.0,0.002930726
2709.0,2709.0,0.062182523
2710.0,2710.0,2.349142E-5
2711.0,2711.0,0.08646841
2712.0,2712.0,1.2305022E-4
2713.0,2713.0,0.011463125
2714.0,2714.0,2.7912038E-5
2715.0,2715.0,0.19855289
2716.0,2716.0,0.14580546
2717.0,2717.0,3.6355186E-6
2718.0,2718.0,0.16385145
2719.0,2719.0,4.8445928E-4
2720.0,2720.0,0.017540036
2721.0,2721.0,0.42559156
2722.0,2722.0,0.01101461
2723.0,2723.0,0.106230386
2724.0,2724.0,0.08782707
2725.0,2725.0,0.0017166123
2726.0,2726.0,6.6578697E-4
2727.0,2727.0,0.18054254
2728.0,2728.0,2.710538E-5
2729.0,2729.0,0.14956544
2730.0,2730.0,0.44148818
2731.0,2731.0,0.0028908763
2732.0,2732.0,0.14552905
2733.0,2733.0,0.00719764
2734.0,2734.0,7.530102E-4
2735.0,2735.0,0.13797806
2736.0,2736.0,5.2773357E-5
2737.0,2737.0,0.13448362
2738.0,2738.0,0.04242848
2739.0,2739.0,0.005588624
2740.0,2740.0,0.024010025
2741.0,2741.0,0.20715913
2742.0,2742.0,0.13538325
2743.0,2743.0,0.43562102
2744.0,2744.0,0.28582713
2745.0,2745.0,0.07134391
2746.0,2746.0,0.14928655
2747.0,2747.0,5.8372685E-4
2748.0,2748.0,0.18390498
2749.0,2749.0,0.0101600755
2750.0,2750.0,0.087577276
2751.0,2751.0,0.12082984
2752.0,2752.0,0.3149544
2753.0,2753.0,0.0012249833
2754.0,2754.0,0.12884407
2755.0,2755.0,0.7576208
2756.0,2756.0,8.192773E-6
2757.0,2757.0,0.2579034
2758.0,2758.0,0.04230062
2759.0,2759.0,0.16818067
2760.0,2760.0,0.16209517
2761.0,2761.0,0.15953802
2762.0,2762.0,0.16091135
2763.0,2763.0,0.064212695
2764.0,2764.0,0.5419772
2765.0,2765.0,5.880278E-4
2766.0,2766.0,0.17157212
2767.0,2767.0,0.07785104
2768.0,2768.0,0.19803737
2769.0,2769.0,0.2191753
2770.0,2770.0,0.6219664
2771.0,2771.0,0.075046316
2772.0,2772.0,9.659656E-4
2773.0,2773.0,0.13596255
2774.0,2774.0,0.17006059
2775.0,2775.0,0.03326193
2776.0,2776.0,0.06248883
2777.0,2777.0,1.31557235E-5
2778.0,2778.0,1.1993582E-6
2779.0,2779.0,0.13211033
2780.0,2780.0,0.0025394284
2781.0,2781.0,0.28389075
2782.0,2782.0,0.7077119
2783.0,2783.0,0.03490555
2784.0,2784.0,3.0179022E-4
2785.0,2785.0,0.07065953
2786.0,2786.0,0.052371576
2787.0,2787.0,0.013204342
2788.0,2788.0,2.6342564E-4
2789.0,2789.0,2.4395436E-4
2790.0,2790.0,0.011569509
2791.0,2791.0,0.31159225
2792.0,2792.0,1.6066193E-5
2793.0,2793.0,1.4771253E-4
2794.0,2794.0,1.2230512E-4
2795.0,2795.0,0.02371897
2796.0,2796.0,0.09706236
2797.0,2797.0,0.56289333
2798.0,2798.0,0.29479307
2799.0,2799.0,0.21238749
2800.0,2800.0,0.15444782
2801.0,2801.0,1.2768583E-5
2802.0,2802.0,0.28549635
2803.0,2803.0,0.0013685965
2804.0,2804.0,0.16488686
2805.0,2805.0,0.08500295
2806.0,2806.0,1.9025349E-4
2807.0,2807.0,0.3010577
2808.0,2808.0,0.21423082
2809.0,2809.0,0.2738269
2810.0,2810.0,0.25896376
2811.0,2811.0,0.0021095197
2812.0,2812.0,0.18652306
2813.0,2813.0,0.45383754
2814.0,2814.0,0.120773174
2815.0,2815.0,0.38146767
2816.0,2816.0,0.23932938
2817.0,2817.0,0.063690536
2818.0,2818.0,0.095249325
2819.0,2819.0,4.663096E-6
2820.0,2820.0,0.09047057
2821.0,2821.0,0.1193366
2822.0,2822.0,0.02095588
2823.0,2823.0,0.09484777
2824.0,2824.0,0.2044843
2825.0,2825.0,0.2656402
2826.0,2826.0,8.102543E-5
2827.0,2827.0,0.2607054
2828.0,2828.0,9.2655426E-4
2829.0,2829.0,0.012732352
2830.0,2830.0,0.03883841
2831.0,2831.0,0.043530967
2832.0,2832.0,5.12238E-4
2833.0,2833.0,0.37211046
2834.0,2834.0,7.894046E-6
2835.0,2835.0,4.283158E-5
2836.0,2836.0,0.025007129
2837.0,2837.0,0.17428096
2838.0,2838.0,0.12367583
2839.0,2839.0,0.29173577
2840.0,2840.0,0.013444912
2841.0,2841.0,0.108571604
2842.0,2842.0,0.052097987
2843.0,2843.0,0.0041393857
2844.0,2844.0,0.25377432
2845.0,2845.0,0.024784356
2846.0,2846.0,5.372084E-4
2847.0,2847.0,0.35105538
2848.0,2848.0,8.443362E-6
2849.0,2849.0,0.21707813
2850.0,2850.0,0.0988991
2851.0,2851.0,0.052761707
2852.0,2852.0,0.024483625
2853.0,2853.0,0.044409145
2854.0,2854.0,0.15481506
2855.0,2855.0,0.029428568
2856.0,2856.0,0.05145017
2857.0,2857.0,0.26623684
2858.0,2858.0,0.0046590962
2859.0,2859.0,4.0756082E-4
2860.0,2860.0,0.12430481
2861.0,2861.0,0.09848186
2862.0,2862.0,0.076460004
2863.0,2863.0,0.06443767
2864.0,2864.0,0.21094692
2865.0,2865.0,0.10457322
2866.0,2866.0,0.1418507
2867.0,2867.0,1.28961365E-5
2868.0,2868.0,0.2126214
2869.0,2869.0,4.6559377E-4
2870.0,2870.0,0.37897527
2871.0,2871.0,0.26830226
2872.0,2872.0,0.47339904
2873.0,2873.0,0.003646322
2874.0,2874.0,5.480996E-7
2875.0,2875.0,0.19842379
2876.0,2876.0,5.0331344E-4
2877.0,2877.0,0.2618819
2878.0,2878.0,0.005732143
2879.0,2879.0,0.013320596
2880.0,2880.0,0.1786369
2881.0,2881.0,0.1786548
2882.0,2882.0,0.69589746
2883.0,2883.0,9.853465E-4
2884.0,2884.0,0.21486138
2885.0,2885.0,0.3036332
2886.0,2886.0,0.030033363
2887.0,2887.0,0.13618822
2888.0,2888.0,0.004650275
2889.0,2889.0,1.1487352E-5
2890.0,2890.0,6.825495E-4
2891.0,2891.0,0.03323965
2892.0,2892.0,0.2879326
2893.0,2893.0,0.2527777
2894.0,2894.0,0.15410689
2895.0,2895.0,0.007944231
2896.0,2896.0,0.9921648
2897.0,2897.0,0.25766423
2898.0,2898.0,0.81942177
2899.0,2899.0,0.08830736
2900.0,2900.0,8.915677E-4
2901.0,2901.0,0.08262295
2902.0,2902.0,0.64186555
2903.0,2903.0,0.44408298
2904.0,2904.0,3.2207583E-5
2905.0,2905.0,0.9367357
2906.0,2906.0,0.6221083
2907.0,2907.0,0.68069196
2908.0,2908.0,0.80321634
2909.0,2909.0,0.09712892
2910.0,2910.0,0.13271643
2911.0,2911.0,0.008800916
2912.0,2912.0,0.07987101
2913.0,2913.0,0.18619008
2914.0,2914.0,0.22794542
2915.0,2915.0,0.29395202
2916.0,2916.0,0.05415017
2917.0,2917.0,3.1034622E-4
2918.0,2918.0,0.08692121
2919.0,2919.0,0.0054733707
2920.0,2920.0,0.0036219158
2921.0,2921.0,8.0378345E-7
2922.0,2922.0,0.0688222
2923.0,2923.0,0.020624911
2924.0,2924.0,0.7151382
2925.0,2925.0,1.953405E-4
2926.0,2926.0,0.12746549
2927.0,2927.0,0.011425899
2928.0,2928.0,0.2059993
2929.0,2929.0,0.0062037823
2930.0,2930.0,2.0761405E-4
2931.0,2931.0,0.057564586
2932.0,2932.0,0.15234374
2933.0,2933.0,0.014261859
2934.0,2934.0,0.06768093
2935.0,2935.0,0.02669603
2936.0,2936.0,0.081660405
2937.0,2937.0,1.3147111E-6
2938.0,2938.0,0.076895356
2939.0,2939.0,0.006511984
2940.0,2940.0,0.049273346
2941.0,2941.0,0.069780365
2942.0,2942.0,0.04286048
2943.0,2943.0,0.20954321
2944.0,2944.0,0.20165637
2945.0,2945.0,0.23029496
2946.0,2946.0,0.003013324
2947.0,2947.0,0.06398573
2948.0,2948.0,0.3764218
2949.0,2949.0,6.033368E-4
2950.0,2950.0,0.008275385
2951.0,2951.0,0.45345283
2952.0,2952.0,0.12564778
2953.0,2953.0,0.15654393
2954.0,2954.0,4.888189E-4
2955.0,2955.0,9.766656E-4
2956.0,2956.0,0.13760212
2957.0,2957.0,0.47317752
2958.0,2958.0,1.6764722E-4
2959.0,2959.0,0.23742376
2960.0,2960.0,0.08938051
2961.0,2961.0,0.2083725
2962.0,2962.0,0.17369515
2963.0,2963.0,0.28094664
2964.0,2964.0,0.0912883
2965.0,2965.0,0.42216173
2966.0,2966.0,0.10863239
2967.0,2967.0,0.5665244
2968.0,2968.0,0.22457778
2969.0,2969.0,0.16732296
2970.0,2970.0,0.011313729
2971.0,2971.0,0.010677277
2972.0,2972.0,0.24710293
2973.0,2973.0,0.58275384
2974.0,2974.0,0.025308145
2975.0,2975.0,5.1739917E-4
2976.0,2976.0,0.9997613
2977.0,2977.0,0.14328608
2978.0,2978.0,0.10686598
2979.0,2979.0,0.049946617
2980.0,2980.0,4.6953E-4
2981.0,2981.0,0.08369647
2982.0,2982.0,0.13700798
2983.0,2983.0,0.18180588
2984.0,2984.0,0.048881665
2985.0,2985.0,0.1333208
2986.0,2986.0,0.027177338
2987.0,2987.0,0.14831229
2988.0,2988.0,4.4924393E-5
2989.0,2989.0,1.4501324E-4
2990.0,2990.0,0.35176453
2991.0,2991.0,0.11706564
2992.0,2992.0,0.24405259
2993.0,2993.0,0.2205583
2994.0,2994.0,9.723117E-7
2995.0,2995.0,0.40348774
2996.0,2996.0,1.5741582E-4
2997.0,2997.0,0.09359276
2998.0,2998.0,0.08822988
2999.0,2999.0,0.9853467
3000.0,3000.0,2.9482835E-4
3001.0,3001.0,2.9405624E-7
3002.0,3002.0,0.0013094188
3003.0,3003.0,0.19687138
3004.0,3004.0,7.2872994E-4
3005.0,3005.0,0.13136286
3006.0,3006.0,0.28739515
3007.0,3007.0,0.038067177
3008.0,3008.0,0.39442578
3009.0,3009.0,1.6708554E-4
3010.0,3010.0,0.11117058
3011.0,3011.0,0.119646356
3012.0,3012.0,1.9645843E-6
3013.0,3013.0,3.8711025E-4
3014.0,3014.0,0.19598715
3015.0,3015.0,1.4271766E-5
3016.0,3016.0,8.304788E-5
3017.0,3017.0,1.866692E-4
3018.0,3018.0,0.15038721
3019.0,3019.0,0.46994632
3020.0,3020.0,0.4030729
3021.0,3021.0,0.8554274
3022.0,3022.0,0.16193889
3023.0,3023.0,0.12628679
3024.0,3024.0,0.050662417
3025.0,3025.0,4.5307223E-7
3026.0,3026.0,0.20993716
3027.0,3027.0,0.20755811
3028.0,3028.0,0.38020295
3029.0,3029.0,0.46643102
3030.0,3030.0,0.46446234
3031.0,3031.0,0.20142187
3032.0,3032.0,0.020148456
3033.0,3033.0,0.32758752
3034.0,3034.0,0.11752706
3035.0,3035.0,0.428201
3036.0,3036.0,0.22503865
3037.0,3037.0,0.1967448
3038.0,3038.0,0.24255869
3039.0,3039.0,0.09477367
3040.0,3040.0,0.13301079
3041.0,3041.0,0.2405317
3042.0,3042.0,0.07257272
3043.0,3043.0,0.35638654
3044.0,3044.0,0.024821064
3045.0,3045.0,0.21510479
3046.0,3046.0,0.003568664
3047.0,3047.0,0.04350959
3048.0,3048.0,0.0031286364
3049.0,3049.0,0.02578672
3050.0,3050.0,0.0064716805
3051.0,3051.0,0.3085186
3052.0,3052.0,0.27384412
3053.0,3053.0,0.3606497
3054.0,3054.0,0.08333148
3055.0,3055.0,0.23781087
3056.0,3056.0,0.16452624
3057.0,3057.0,0.111052155
3058.0,3058.0,0.42511883
3059.0,3059.0,0.16477132
3060.0,3060.0,0.23286591
3061.0,3061.0,0.115843534
3062.0,3062.0,0.22094543
3063.0,3063.0,0.050712306
3064.0,3064.0,0.26532513
3065.0,3065.0,0.14076988
3066.0,3066.0,5.317199E-6
3067.0,3067.0,0.769198
3068.0,3068.0,0.06969557
3069.0,3069.0,0.006410595
3070.0,3070.0,0.019239668
3071.0,3071.0,3.2205035E-6
3072.0,3072.0,0.60390335
3073.0,3073.0,0.057326507
3074.0,3074.0,0.1275239
3075.0,3075.0,0.6858761
3076.0,3076.0,0.049082443
3077.0,3077.0,0.1097488
3078.0,3078.0,1.2114549E-6
3079.0,3079.0,0.49681857
3080.0,3080.0,0.17847869
3081.0,3081.0,0.16588953
3082.0,3082.0,0.20559075
3083.0,3083.0,0.20701179
3084.0,3084.0,7.4401473E-6
3085.0,3085.0,0.2684071
3086.0,3086.0,0.94972694
3087.0,3087.0,0.20989057
3088.0,3088.0,1.0114086E-6
3089.0,3089.0,0.017661568
3090.0,3090.0,0.10809642
3091.0,3091.0,0.04872755
3092.0,3092.0,0.046141356
3093.0,3093.0,5.340573E-4
3094.0,3094.0,0.16298687
3095.0,3095.0,0.23718672
3096.0,3096.0,0.13182978
3097.0,3097.0,0.030095212
3098.0,3098.0,7.5237616E-4
3099.0,3099.0,1.0996541E-5
3100.0,3100.0,0.21157445
3101.0,3101.0,4.561573E-4
3102.0,3102.0,0.012709034
3103.0,3103.0,0.50835353
3104.0,3104.0,0.2680301
3105.0,3105.0,0.10410955
3106.0,3106.0,0.008047548
3107.0,3107.0,0.5353991
3108.0,3108.0,0.015204583
3109.0,3109.0,0.08209637
3110.0,3110.0,0.18436885
3111.0,3111.0,0.021174122
3112.0,3112.0,0.27520245
3113.0,3113.0,0.09145816
3114.0,3114.0,0.06807363
3115.0,3115.0,0.0027876336
3116.0,3116.0,0.4298111
3117.0,3117.0,0.3049781
3118.0,3118.0,0.13947524
3119.0,3119.0,0.0404078
3120.0,3120.0,0.15317376
3121.0,3121.0,0.032253653
3122.0,3122.0,0.28872943
3123.0,3123.0,0.07341101
3124.0,3124.0,0.03196125
3125.0,3125.0,0.09565074
3126.0,3126.0,0.046660632
3127.0,3127.0,0.9481189
3128.0,3128.0,0.31132075
3129.0,3129.0,0.016608024
3130.0,3130.0,0.6994619
3131.0,3131.0,1.2776902E-5
3132.0,3132.0,0.18986824
3133.0,3133.0,0.070905745
3134.0,3134.0,0.019711146
3135.0,3135.0,0.13224939
3136.0,3136.0,9.7502474E-5
3137.0,3137.0,8.8346496E-5
3138.0,3138.0,0.22552732
3139.0,3139.0,1.0796455E-5
3140.0,3140.0,0.0037514889
3141.0,3141.0,0.34316394
3142.0,3142.0,0.12977166
3143.0,3143.0,0.030003529
3144.0,3144.0,0.08067599
3145.0,3145.0,0.23658359
3146.0,3146.0,0.079538055
3147.0,3147.0,0.089736454
3148.0,3148.0,9.5696996E-5
3149.0,3149.0,0.19685394
3150.0,3150.0,0.82436
3151.0,3151.0,0.1501931
3152.0,3152.0,0.2399234
3153.0,3153.0,0.011881507
3154.0,3154.0,1.3433071E-6
3155.0,3155.0,0.07379601
3156.0,3156.0,0.004617833
3157.0,3157.0,0.07245945
3158.0,3158.0,0.0022374403
3159.0,3159.0,0.063711084
3160.0,3160.0,0.36869967
3161.0,3161.0,0.10018685
3162.0,3162.0,0.14310978
3163.0,3163.0,1.2926557E-4
3164.0,3164.0,0.12925749
3165.0,3165.0,7.828169E-4
3166.0,3166.0,5.4554E-7
3167.0,3167.0,1.7695634E-4
3168.0,3168.0,0.0069130766
3169.0,3169.0,0.03831242
3170.0,3170.0,7.447309E-5
3171.0,3171.0,0.31993374
3172.0,3172.0,2.2421603E-4
3173.0,3173.0,0.073064946
3174.0,3174.0,0.31464267
3175.0,3175.0,0.0019108641
3176.0,3176.0,0.011480833
3177.0,3177.0,0.8681829
3178.0,3178.0,0.0043538287
3179.0,3179.0,0.037716653
3180.0,3180.0,0.002045036
3181.0,3181.0,0.059678987
3182.0,3182.0,9.54559E-5
3183.0,3183.0,0.6801226
3184.0,3184.0,0.2925815
3185.0,3185.0,0.10384087
3186.0,3186.0,5.803524E-4
3187.0,3187.0,0.041513957
3188.0,3188.0,0.81522393
3189.0,3189.0,9.649906E-6
3190.0,3190.0,2.965088E-4
3191.0,3191.0,0.005187672
3192.0,3192.0,0.2708306
3193.0,3193.0,2.3847197E-6
3194.0,3194.0,0.17544429
3195.0,3195.0,2.1828958E-4
3196.0,3196.0,0.07674055
3197.0,3197.0,0.013772189
3198.0,3198.0,0.2294704
3199.0,3199.0,0.22532076
3200.0,3200.0,0.17990392
3201.0,3201.0,0.1975381
3202.0,3202.0,0.13931553
3203.0,3203.0,1.960793E-6
3204.0,3204.0,0.40809727
3205.0,3205.0,0.17112583
3206.0,3206.0,9.914019E-6
3207.0,3207.0,0.0056234137
3208.0,3208.0,0.08746384
3209.0,3209.0,0.09329562
3210.0,3210.0,5.0322957E-5
3211.0,3211.0,0.17630315
3212.0,3212.0,0.21984032
3213.0,3213.0,0.17605507
3214.0,3214.0,3.3647157E-4
3215.0,3215.0,0.17697464
3216.0,3216.0,0.27126634
3217.0,3217.0,0.08672975
3218.0,3218.0,0.56485105
3219.0,3219.0,3.3463978E-6
3220.0,3220.0,0.52994484
3221.0,3221.0,4.7143525E-4
3222.0,3222.0,0.16192186
3223.0,3223.0,0.0014620393
3224.0,3224.0,4.467915E-7
3225.0,3225.0,6.425855E-4
3226.0,3226.0,0.17698811
3227.0,3227.0,0.45473874
3228.0,3228.0,1.692254E-5
3229.0,3229.0,0.13130891
3230.0,3230.0,0.006442885
3231.0,3231.0,0.005835043
3232.0,3232.0,0.25105146
3233.0,3233.0,0.10419169
3234.0,3234.0,0.42859754
3235.0,3235.0,0.036284138
3236.0,3236.0,0.045224406
3237.0,3237.0,3.045388E-5
3238.0,3238.0,0.6501041
3239.0,3239.0,0.028538095
3240.0,3240.0,2.485603E-4
3241.0,3241.0,0.58051884
3242.0,3242.0,4.6631886E-4
3243.0,3243.0,0.15515201
3244.0,3244.0,0.032973897
3245.0,3245.0,0.508109
3246.0,3246.0,0.008137913
3247.0,3247.0,0.179564
3248.0,3248.0,0.0688925
3249.0,3249.0,0.23626706
3250.0,3250.0,2.2198394E-5
3251.0,3251.0,0.28723568
3252.0,3252.0,0.07239492
3253.0,3253.0,0.063861884
3254.0,3254.0,0.9161359
3255.0,3255.0,0.07540106
3256.0,3256.0,0.018944215
3257.0,3257.0,0.21167897
3258.0,3258.0,0.0014650079
3259.0,3259.0,0.0039162263
3260.0,3260.0,0.9967943
3261.0,3261.0,2.1499985E-4
3262.0,3262.0,0.38417432
3263.0,3263.0,4.2287627E-4
3264.0,3264.0,2.830336E-4
3265.0,3265.0,0.47048676
3266.0,3266.0,0.33355814
3267.0,3267.0,4.1071099E-4
3268.0,3268.0,0.0013092811
3269.0,3269.0,0.017840503
3270.0,3270.0,1.2723237E-4
3271.0,3271.0,0.18144381
3272.0,3272.0,0.16644855
3273.0,3273.0,1.2162343E-6
3274.0,3274.0,0.20773885
3275.0,3275.0,0.005543099
3276.0,3276.0,0.03944976
3277.0,3277.0,0.020348685
3278.0,3278.0,0.009105798
3279.0,3279.0,0.26577002
3280.0,3280.0,0.42014763
3281.0,3281.0,0.05311384
3282.0,3282.0,0.27353328
3283.0,3283.0,8.60575E-4
3284.0,3284.0,0.009764835
3285.0,3285.0,0.34365246
3286.0,3286.0,0.17906147
3287.0,3287.0,0.22925249
3288.0,3288.0,0.006775034
3289.0,3289.0,0.0827796
3290.0,3290.0,0.03708957
3291.0,3291.0,0.11355359
3292.0,3292.0,0.6004233
3293.0,3293.0,0.2638883
3294.0,3294.0,6.5247164E-6
3295.0,3295.0,2.0026324E-4
3296.0,3296.0,0.65771264
3297.0,3297.0,0.094152346
3298.0,3298.0,0.06711054
3299.0,3299.0,5.274835E-4
3300.0,3300.0,0.11130398
3301.0,3301.0,3.1185657E-6
3302.0,3302.0,0.27055508
3303.0,3303.0,0.28381944
3304.0,3304.0,0.33156466
3305.0,3305.0,0.156192
3306.0,3306.0,0.14022063
3307.0,3307.0,0.08211614
3308.0,3308.0,0.059343453
3309.0,3309.0,2.0969183E-5
3310.0,3310.0,0.20754275
3311.0,3311.0,0.03161516
3312.0,3312.0,0.07508552
3313.0,3313.0,0.38372958
3314.0,3314.0,0.18266469
3315.0,3315.0,0.11998406
3316.0,3316.0,0.041882925
3317.0,3317.0,0.63708586
3318.0,3318.0,9.816628E-6
3319.0,3319.0,0.07395372
3320.0,3320.0,6.38577E-6
3321.0,3321.0,0.20348926
3322.0,3322.0,0.01702234
3323.0,3323.0,0.050545856
3324.0,3324.0,0.07767261
3325.0,3325.0,0.091370955
3326.0,3326.0,0.002755717
3327.0,3327.0,0.08786069
3328.0,3328.0,0.30439663
3329.0,3329.0,0.24089414
3330.0,3330.0,2.6833543E-5
3331.0,3331.0,1.849773E-5
3332.0,3332.0,0.069059424
3333.0,3333.0,0.20277949
3334.0,3334.0,0.21086948
3335.0,3335.0,0.1019563
3336.0,3336.0,0.07013698
3337.0,3337.0,0.0019780747
3338.0,3338.0,0.18766975
3339.0,3339.0,0.05343585
3340.0,3340.0,0.29170504
3341.0,3341.0,0.0024620495
3342.0,3342.0,0.004411956
3343.0,3343.0,0.13393962
3344.0,3344.0,0.16809402
3345.0,3345.0,0.09235881
3346.0,3346.0,0.08667423
3347.0,3347.0,0.001579162
3348.0,3348.0,0.06627697
3349.0,3349.0,0.113854505
3350.0,3350.0,0.31300324
3351.0,3351.0,8.2951716E-5
3352.0,3352.0,0.08678854
3353.0,3353.0,0.4374256
3354.0,3354.0,0.09045604
3355.0,3355.0,0.12934734
3356.0,3356.0,7.571065E-4
3357.0,3357.0,0.20979454
3358.0,3358.0,0.17485423
3359.0,3359.0,0.047375873
3360.0,3360.0,0.036322005
3361.0,3361.0,0.079201445
3362.0,3362.0,0.017217701
3363.0,3363.0,0.035135984
3364.0,3364.0,0.009147185
3365.0,3365.0,0.31090635
3366.0,3366.0,0.19535649
3367.0,3367.0,0.16787943
3368.0,3368.0,0.117173724
3369.0,3369.0,0.023552997
3370.0,3370.0,0.2719893
3371.0,3371.0,2.480753E-4
3372.0,3372.0,0.057551414
3373.0,3373.0,2.3136397E-5
3374.0,3374.0,0.16583322
3375.0,3375.0,0.2525317
3376.0,3376.0,0.0013511162
3377.0,3377.0,0.12261695
3378.0,3378.0,1.9754183E-4
3379.0,3379.0,0.42627475
3380.0,3380.0,6.3241737E-7
3381.0,3381.0,0.28446075
3382.0,3382.0,0.42779672
3383.0,3383.0,0.12989844
3384.0,3384.0,0.16578555
3385.0,3385.0,0.22869222
3386.0,3386.0,0.04976584
3387.0,3387.0,0.0017324733
3388.0,3388.0,0.010935683
3389.0,3389.0,0.011090712
3390.0,3390.0,0.08718464
3391.0,3391.0,8.3321123E-4
3392.0,3392.0,0.13560785
3393.0,3393.0,0.001636896
3394.0,3394.0,0.012991833
3395.0,3395.0,0.20662518
3396.0,3396.0,0.17157154
3397.0,3397.0,0.007449459
3398.0,3398.0,5.0968974E-4
3399.0,3399.0,0.1881291
3400.0,3400.0,2.6475012E-5
3401.0,3401.0,0.99993634
3402.0,3402.0,0.0025337033
3403.0,3403.0,0.12620665
3404.0,3404.0,7.539724E-5
3405.0,3405.0,0.20187211
3406.0,3406.0,0.10558014
3407.0,3407.0,0.11010946
3408.0,3408.0,0.3564198
3409.0,3409.0,0.023516385
3410.0,3410.0,0.20758992
3411.0,3411.0,0.41118988
3412.0,3412.0,3.2639616E-6
3413.0,3413.0,3.0300613E-5
3414.0,3414.0,0.14253896
3415.0,3415.0,1.1996887E-6
3416.0,3416.0,0.0338029
3417.0,3417.0,3.2114818E-5
3418.0,3418.0,2.9134283E-6
3419.0,3419.0,0.07107208
3420.0,3420.0,0.39858037
3421.0,3421.0,0.0018218604
3422.0,3422.0,6.175511E-5
3423.0,3423.0,6.7412955E-5
3424.0,3424.0,0.21879911
3425.0,3425.0,0.021825895
3426.0,3426.0,5.37058E-6
3427.0,3427.0,0.08121715
3428.0,3428.0,0.4508584
3429.0,3429.0,0.40919185
3430.0,3430.0,0.19659856
3431.0,3431.0,0.116834156
3432.0,3432.0,0.008614009
3433.0,3433.0,0.10755367
3434.0,3434.0,0.19515274
3435.0,3435.0,0.048398133
3436.0,3436.0,0.097107284
3437.0,3437.0,0.12681752
3438.0,3438.0,1.0214719E-5
3439.0,3439.0,0.064971164
3440.0,3440.0,0.38609758
3441.0,3441.0,0.23099793
3442.0,3442.0,7.0069445E-4
3443.0,3443.0,0.0029046885
3444.0,3444.0,0.24552442
3445.0,3445.0,0.027338928
3446.0,3446.0,0.1038931
3447.0,3447.0,0.004939033
3448.0,3448.0,0.22853516
3449.0,3449.0,0.1847476
3450.0,3450.0,2.745796E-4
3451.0,3451.0,0.02306563
3452.0,3452.0,5.841254E-6
3453.0,3453.0,4.495944E-6
3454.0,3454.0,0.18053341
3455.0,3455.0,0.5462863
3456.0,3456.0,6.9407383E-7
3457.0,3457.0,0.15589944
3458.0,3458.0,0.15128648
3459.0,3459.0,0.3241385
3460.0,3460.0,0.23765342
3461.0,3461.0,0.15260579
3462.0,3462.0,0.1917824
3463.0,3463.0,1.18955395E-4
3464.0,3464.0,0.032398824
3465.0,3465.0,4.2463867E-5
3466.0,3466.0,7.834338E-4
3467.0,3467.0,0.18979017
3468.0,3468.0,2.6112439E-5
3469.0,3469.0,3.45906E-6
3470.0,3470.0,0.21805108
3471.0,3471.0,1.7398359E-4
3472.0,3472.0,0.15044947
3473.0,3473.0,0.36990967
3474.0,3474.0,4.3871684E-4
3475.0,3475.0,0.115060784
3476.0,3476.0,0.2263681
3477.0,3477.0,0.008877412
3478.0,3478.0,0.08313202
3479.0,3479.0,0.2801125
3480.0,3480.0,0.013453834
3481.0,3481.0,0.041580282
3482.0,3482.0,0.13777225
3483.0,3483.0,5.4521065E-6
3484.0,3484.0,0.10873735
3485.0,3485.0,0.19130963
3486.0,3486.0,0.22573571
3487.0,3487.0,0.2173814
3488.0,3488.0,0.049711242
3489.0,3489.0,4.6300006E-4
3490.0,3490.0,0.19714834
3491.0,3491.0,0.20414037
3492.0,3492.0,0.1746619
3493.0,3493.0,0.0025663017
3494.0,3494.0,0.2886123
3495.0,3495.0,0.17692441
3496.0,3496.0,3.0336967E-5
3497.0,3497.0,0.14091213
3498.0,3498.0,0.3217706
3499.0,3499.0,0.2045861
3500.0,3500.0,0.09659369
3501.0,3501.0,0.0023642853
3502.0,3502.0,4.4669714E-6
3503.0,3503.0,0.43042815
3504.0,3504.0,0.122172095
3505.0,3505.0,5.511742E-4
3506.0,3506.0,0.10345958
3507.0,3507.0,0.17464703
3508.0,3508.0,0.0716562
3509.0,3509.0,0.9999956
3510.0,3510.0,0.35746267
3511.0,3511.0,4.7478874E-4
3512.0,3512.0,7.6262606E-4
3513.0,3513.0,0.2112312
3514.0,3514.0,0.85767746
3515.0,3515.0,0.007702492
3516.0,3516.0,0.04598917
3517.0,3517.0,0.0029293133
3518.0,3518.0,0.19328462
3519.0,3519.0,0.04424011
3520.0,3520.0,0.003480772
3521.0,3521.0,0.05930656
3522.0,3522.0,0.004698756
3523.0,3523.0,0.13280028
3524.0,3524.0,0.027365766
3525.0,3525.0,0.07845178
3526.0,3526.0,0.13003807
3527.0,3527.0,0.0062715085
3528.0,3528.0,9.48151E-5
3529.0,3529.0,0.4426
3530.0,3530.0,0.011612934
3531.0,3531.0,0.24341662
3532.0,3532.0,0.61373746
3533.0,3533.0,0.27667224
3534.0,3534.0,0.017398262
3535.0,3535.0,0.41518885
3536.0,3536.0,0.16470295
3537.0,3537.0,0.09598806
3538.0,3538.0,0.14851288
3539.0,3539.0,0.27613673
3540.0,3540.0,0.0026344145
3541.0,3541.0,0.13591918
3542.0,3542.0,0.021441866
3543.0,3543.0,0.07827237
3544.0,3544.0,0.16256516
3545.0,3545.0,0.09435247
3546.0,3546.0,0.57564336
3547.0,3547.0,0.3043106
3548.0,3548.0,0.1834885
3549.0,3549.0,0.64813733
3550.0,3550.0,0.20513855
3551.0,3551.0,0.001859159
3552.0,3552.0,0.001114116
3553.0,3553.0,0.16814607
3554.0,3554.0,0.055626437
3555.0,3555.0,0.8876606
3556.0,3556.0,0.102829844
3557.0,3557.0,0.20592268
3558.0,3558.0,0.015941197
3559.0,3559.0,7.919082E-4
3560.0,3560.0,0.10393023
3561.0,3561.0,0.011445746
3562.0,3562.0,0.1524539
3563.0,3563.0,1.4547733E-5
3564.0,3564.0,0.0012754982
3565.0,3565.0,0.30302557
3566.0,3566.0,0.27751425
3567.0,3567.0,1.2068585E-4
3568.0,3568.0,0.0046048933
3569.0,3569.0,0.18780279
3570.0,3570.0,0.1574275
3571.0,3571.0,0.21959208
3572.0,3572.0,0.1335528
3573.0,3573.0,4.508817E-5
3574.0,3574.0,1.551774E-4
3575.0,3575.0,0.22201684
3576.0,3576.0,0.5771565
3577.0,3577.0,0.028644256
3578.0,3578.0,0.13722403
3579.0,3579.0,3.530606E-4
3580.0,3580.0,5.8243837E-5
3581.0,3581.0,4.995997E-6
3582.0,3582.0,1.0453563E-6
3583.0,3583.0,0.008463611
3584.0,3584.0,0.9675599
3585.0,3585.0,0.029846622
3586.0,3586.0,4.771127E-7
3587.0,3587.0,5.349755E-5
3588.0,3588.0,0.23165317
3589.0,3589.0,1.8485312E-5
3590.0,3590.0,0.031300124
3591.0,3591.0,0.067984685
3592.0,3592.0,0.015777845
3593.0,3593.0,0.025039349
3594.0,3594.0,0.009786399
3595.0,3595.0,0.12188723
3596.0,3596.0,0.06920884
3597.0,3597.0,2.086765E-4
3598.0,3598.0,0.032693807
3599.0,3599.0,1.4050593E-4
3600.0,3600.0,0.06099827
3601.0,3601.0,0.3852204
3602.0,3602.0,0.03622518
3603.0,3603.0,6.459664E-4
3604.0,3604.0,0.2323373
3605.0,3605.0,6.411633E-6
3606.0,3606.0,0.15653642
3607.0,3607.0,0.0022828407
3608.0,3608.0,0.65068674
3609.0,3609.0,0.083919905
3610.0,3610.0,0.12310763
3611.0,3611.0,0.010421087
3612.0,3612.0,0.18955816
3613.0,3613.0,2.8314244E-4
3614.0,3614.0,0.005386864
3615.0,3615.0,0.11524988
3616.0,3616.0,0.26937082
3617.0,3617.0,0.068137
3618.0,3618.0,0.04300163
3619.0,3619.0,0.2579557
3620.0,3620.0,1.6338869E-5
3621.0,3621.0,0.0067060897
3622.0,3622.0,4.688558E-4
3623.0,3623.0,0.03081735
3624.0,3624.0,0.08940165
3625.0,3625.0,0.016737713
3626.0,3626.0,0.06262127
3627.0,3627.0,0.14357385
3628.0,3628.0,0.15948333
3629.0,3629.0,1.5805237E-5
3630.0,3630.0,0.1631403
3631.0,3631.0,0.21913224
3632.0,3632.0,0.17955095
3633.0,3633.0,0.25096273
3634.0,3634.0,0.17557533
3635.0,3635.0,7.124255E-4
3636.0,3636.0,0.0065497668
3637.0,3637.0,0.25302598
3638.0,3638.0,0.030329714
3639.0,3639.0,0.10978298
3640.0,3640.0,2.1734946E-5
3641.0,3641.0,1.2043321E-5
3642.0,3642.0,0.05193464
3643.0,3643.0,5.906182E-4
3644.0,3644.0,0.0126326
3645.0,3645.0,0.15072335
3646.0,3646.0,7.0533537E-7
3647.0,3647.0,7.291251E-4
3648.0,3648.0,0.31636593
3649.0,3649.0,0.059668444
3650.0,3650.0,0.2974875
3651.0,3651.0,0.4214695
3652.0,3652.0,0.056310184
3653.0,3653.0,0.53449064
3654.0,3654.0,0.23731937
3655.0,3655.0,0.18654455
3656.0,3656.0,0.10735179
3657.0,3657.0,0.0057161036
3658.0,3658.0,0.33172226
3659.0,3659.0,0.077332005
3660.0,3660.0,4.8762988E-4
3661.0,3661.0,0.22446753
3662.0,3662.0,0.12787928
3663.0,3663.0,0.18186118
3664.0,3664.0,0.010660587
3665.0,3665.0,0.4795639
3666.0,3666.0,0.0025121323
3667.0,3667.0,0.529732
3668.0,3668.0,0.08429854
3669.0,3669.0,0.25629893
3670.0,3670.0,0.1655485
3671.0,3671.0,0.18095148
3672.0,3672.0,0.026324552
3673.0,3673.0,0.3090395
3674.0,3674.0,0.4429049
3675.0,3675.0,0.23332392
3676.0,3676.0,6.451763E-5
3677.0,3677.0,0.46902227
3678.0,3678.0,0.2230794
3679.0,3679.0,0.013513885
3680.0,3680.0,0.2731742
3681.0,3681.0,0.0046612737
3682.0,3682.0,0.17493774
3683.0,3683.0,0.62112916
3684.0,3684.0,1.8310429E-4
3685.0,3685.0,0.027261984
3686.0,3686.0,0.47411823
3687.0,3687.0,0.11209622
3688.0,3688.0,0.33235025
3689.0,3689.0,0.19588964
3690.0,3690.0,0.0082557015
3691.0,3691.0,0.18281527
3692.0,3692.0,0.044070642
3693.0,3693.0,0.28230837
3694.0,3694.0,0.0027350406
3695.0,3695.0,0.035379164
3696.0,3696.0,0.012714014
3697.0,3697.0,0.0033482497
3698.0,3698.0,0.19022754
3699.0,3699.0,0.25250444
3700.0,3700.0,0.055524148
3701.0,3701.0,7.5078304E-7
3702.0,3702.0,2.6175E-5
3703.0,3703.0,0.21581946
3704.0,3704.0,0.26088017
3705.0,3705.0,0.16432932
3706.0,3706.0,0.41395783
3707.0,3707.0,0.08234031
3708.0,3708.0,0.20399064
3709.0,3709.0,0.21578306
3710.0,3710.0,0.047978163
3711.0,3711.0,0.21289976
3712.0,3712.0,0.101208515
3713.0,3713.0,0.05780928
3714.0,3714.0,0.29664087
3715.0,3715.0,0.23414811
3716.0,3716.0,0.18950777
3717.0,3717.0,0.13522092
3718.0,3718.0,0.13207051
3719.0,3719.0,0.44639537
3720.0,3720.0,0.40785846
3721.0,3721.0,0.122530356
3722.0,3722.0,0.14889807
3723.0,3723.0,3.963368E-5
3724.0,3724.0,0.35070044
3725.0,3725.0,0.3327861
3726.0,3726.0,0.06552664
3727.0,3727.0,0.116046324
3728.0,3728.0,0.04661619
3729.0,3729.0,0.3779957
3730.0,3730.0,0.18729086
3731.0,3731.0,0.0056473967
3732.0,3732.0,0.89979076
3733.0,3733.0,0.18788312
3734.0,3734.0,7.69837E-7
3735.0,3735.0,0.25693074
3736.0,3736.0,9.133275E-6
3737.0,3737.0,0.09601011
3738.0,3738.0,0.00189645
3739.0,3739.0,5.365783E-4
3740.0,3740.0,0.44247502
3741.0,3741.0,0.001197201
3742.0,3742.0,0.10665605
3743.0,3743.0,2.0932353E-5
3744.0,3744.0,0.99568945
3745.0,3745.0,0.0029010943
3746.0,3746.0,0.009137892
3747.0,3747.0,0.11210754
3748.0,3748.0,0.19609089
3749.0,3749.0,0.13876987
3750.0,3750.0,0.19601266
3751.0,3751.0,0.032901242
3752.0,3752.0,2.9048115E-5
3753.0,3753.0,0.035048053
3754.0,3754.0,0.20784934
3755.0,3755.0,0.26757017
3756.0,3756.0,0.29103655
3757.0,3757.0,0.0034540251
3758.0,3758.0,0.0027766742
3759.0,3759.0,0.1052693
3760.0,3760.0,0.036176283
3761.0,3761.0,0.0155202765
3762.0,3762.0,0.9991588
3763.0,3763.0,0.00945456
3764.0,3764.0,8.284222E-6
3765.0,3765.0,0.13347687
3766.0,3766.0,0.081085004
3767.0,3767.0,5.2635977E-4
3768.0,3768.0,0.108230524
3769.0,3769.0,0.27405408
3770.0,3770.0,0.046931867
3771.0,3771.0,0.57884777
3772.0,3772.0,0.23031266
3773.0,3773.0,2.3990335E-4
3774.0,3774.0,1.1475565E-4
3775.0,3775.0,0.10654012
3776.0,3776.0,0.18942021
3777.0,3777.0,0.16420086
3778.0,3778.0,3.1934585E-4
3779.0,3779.0,0.8986609
3780.0,3780.0,0.0015836017
3781.0,3781.0,0.13840756
3782.0,3782.0,1.0355315E-6
3783.0,3783.0,0.005569209
3784.0,3784.0,0.29972392
3785.0,3785.0,0.21133612
3786.0,3786.0,0.30838585
3787.0,3787.0,0.087820046
3788.0,3788.0,0.5780925
3789.0,3789.0,0.006228729
3790.0,3790.0,0.05588391
3791.0,3791.0,0.42232245
3792.0,3792.0,9.992993E-6
3793.0,3793.0,0.067899264
3794.0,3794.0,8.826158E-4
3795.0,3795.0,5.397863E-4
3796.0,3796.0,5.214913E-6
3797.0,3797.0,0.13881889
3798.0,3798.0,0.062809326
3799.0,3799.0,3.814196E-4
3800.0,3800.0,0.030469874
3801.0,3801.0,0.011635458
3802.0,3802.0,0.3612876
3803.0,3803.0,0.15306112
3804.0,3804.0,0.002140337
3805.0,3805.0,0.18058524
3806.0,3806.0,7.42209E-7
3807.0,3807.0,0.6347282
3808.0,3808.0,1.011161E-5
3809.0,3809.0,0.38314402
3810.0,3810.0,4.725858E-6
3811.0,3811.0,0.5893912
3812.0,3812.0,0.023305595
3813.0,3813.0,0.344218
3814.0,3814.0,0.004804253
3815.0,3815.0,0.14219879
3816.0,3816.0,1.1541366E-4
3817.0,3817.0,0.2687999
3818.0,3818.0,0.095067576
3819.0,3819.0,7.5269997E-4
3820.0,3820.0,0.07317955
3821.0,3821.0,0.022304691
3822.0,3822.0,0.11750564
3823.0,3823.0,0.32402673
3824.0,3824.0,0.01985842
3825.0,3825.0,0.10915649
3826.0,3826.0,6.173496E-4
3827.0,3827.0,0.3736071
3828.0,3828.0,0.045699652
3829.0,3829.0,0.00831683
3830.0,3830.0,0.23082423
3831.0,3831.0,0.0029735034
3832.0,3832.0,0.36325714
3833.0,3833.0,0.03139399
3834.0,3834.0,0.35231522
3835.0,3835.0,0.086679295
3836.0,3836.0,0.21863973
3837.0,3837.0,0.08183647
3838.0,3838.0,0.14810684
3839.0,3839.0,0.102832995
3840.0,3840.0,9.890165E-4
3841.0,3841.0,0.13701038
3842.0,3842.0,0.49596643
3843.0,3843.0,0.24163
3844.0,3844.0,0.5351227
3845.0,3845.0,5.360506E-4
3846.0,3846.0,0.02945199
3847.0,3847.0,0.015075738
3848.0,3848.0,0.17459466
3849.0,3849.0,0.011744655
3850.0,3850.0,0.07515348
3851.0,3851.0,0.5636021
3852.0,3852.0,0.09779962
3853.0,3853.0,0.40101045
3854.0,3854.0,1.5795013E-5
3855.0,3855.0,0.113835454
3856.0,3856.0,0.4331415
3857.0,3857.0,0.33221644
3858.0,3858.0,0.44777015
3859.0,3859.0,3.1050557E-5
3860.0,3860.0,0.3461878
3861.0,3861.0,0.54073346
3862.0,3862.0,5.3333177E-4
3863.0,3863.0,0.12409717
3864.0,3864.0,0.3458476
3865.0,3865.0,7.025054E-4
3866.0,3866.0,0.58515054
3867.0,3867.0,0.33584806
3868.0,3868.0,8.4974314E-4
3869.0,3869.0,0.3849085
3870.0,3870.0,0.019671282
3871.0,3871.0,4.6077967E-4
3872.0,3872.0,4.5118527E-4
3873.0,3873.0,0.33467084
3874.0,3874.0,0.0017289085
3875.0,3875.0,4.991119E-7
3876.0,3876.0,0.0123740155
3877.0,3877.0,0.033336367
3878.0,3878.0,0.32477486
3879.0,3879.0,0.27084762
3880.0,3880.0,4.251137E-4
3881.0,3881.0,7.3431595E-4
3882.0,3882.0,0.10766892
3883.0,3883.0,1.6304464E-6
3884.0,3884.0,0.0055081854
3885.0,3885.0,0.1986757
3886.0,3886.0,0.034897253
3887.0,3887.0,0.1139547
3888.0,3888.0,0.0029910107
3889.0,3889.0,0.18167697
3890.0,3890.0,0.046625916
3891.0,3891.0,0.016409982
3892.0,3892.0,0.25722405
3893.0,3893.0,0.29516867
3894.0,3894.0,0.32502553
3895.0,3895.0,0.3285952
3896.0,3896.0,0.01743847
3897.0,3897.0,0.05727051
3898.0,3898.0,0.5164143
3899.0,3899.0,7.977558E-4
3900.0,3900.0,0.2662754
3901.0,3901.0,0.003465768
3902.0,3902.0,0.100502655
3903.0,3903.0,0.03559791
3904.0,3904.0,2.6700058E-5
3905.0,3905.0,0.009572379
3906.0,3906.0,0.0050822776
3907.0,3907.0,0.15618923
3908.0,3908.0,0.11453065
3909.0,3909.0,0.2058743
3910.0,3910.0,0.0024904183
3911.0,3911.0,7.4566563E-4
3912.0,3912.0,3.2520836E-4
3913.0,3913.0,0.6771449
3914.0,3914.0,0.10370761
3915.0,3915.0,0.1502783
3916.0,3916.0,0.29780006
3917.0,3917.0,0.2884652
3918.0,3918.0,0.14198662
3919.0,3919.0,0.10990798
3920.0,3920.0,2.2690021E-5
3921.0,3921.0,0.22940914
3922.0,3922.0,4.69376E-4
3923.0,3923.0,0.48830742
3924.0,3924.0,0.1399819
3925.0,3925.0,0.24708125
3926.0,3926.0,0.11459629
3927.0,3927.0,0.38926202
3928.0,3928.0,4.625911E-4
3929.0,3929.0,0.09840535
3930.0,3930.0,0.055047557
3931.0,3931.0,0.35990497
3932.0,3932.0,0.111831225
3933.0,3933.0,0.021879598
3934.0,3934.0,0.2686495
3935.0,3935.0,0.20634186
3936.0,3936.0,0.0015603572
3937.0,3937.0,0.19475453
3938.0,3938.0,0.033637404
3939.0,3939.0,0.18939738
3940.0,3940.0,0.10575156
3941.0,3941.0,0.0049013514
3942.0,3942.0,0.33165509
3943.0,3943.0,0.7080532
3944.0,3944.0,0.003443915
3945.0,3945.0,0.04101943
3946.0,3946.0,0.0033836996
3947.0,3947.0,0.030145373
3948.0,3948.0,0.028740551
3949.0,3949.0,0.04329498
3950.0,3950.0,0.313449
3951.0,3951.0,0.001067712
3952.0,3952.0,0.0017776105
3953.0,3953.0,0.06944542
3954.0,3954.0,0.18691164
3955.0,3955.0,0.21269538
3956.0,3956.0,0.9093663
3957.0,3957.0,4.9578445E-4
3958.0,3958.0,5.301368E-4
3959.0,3959.0,0.052699663
3960.0,3960.0,0.2324918
3961.0,3961.0,0.89632815
3962.0,3962.0,6.1115815E-4
3963.0,3963.0,0.06459108
3964.0,3964.0,0.061030492
3965.0,3965.0,0.47971252
3966.0,3966.0,3.995575E-6
3967.0,3967.0,0.2202791
3968.0,3968.0,0.29754567
3969.0,3969.0,0.282886
3970.0,3970.0,0.32009098
3971.0,3971.0,0.20565471
3972.0,3972.0,0.10328563
3973.0,3973.0,0.004415808
3974.0,3974.0,0.1433549
3975.0,3975.0,0.32818806
3976.0,3976.0,0.0024427806
3977.0,3977.0,0.14880435
3978.0,3978.0,2.1220134E-4
3979.0,3979.0,2.9358719E-6
3980.0,3980.0,6.694617E-4
3981.0,3981.0,0.09287194
3982.0,3982.0,2.1908896E-5
3983.0,3983.0,1.1580836E-4
3984.0,3984.0,0.54905504
3985.0,3985.0,0.07292677
3986.0,3986.0,0.0035568248
3987.0,3987.0,0.72817683
3988.0,3988.0,0.2428479
3989.0,3989.0,0.07589407
3990.0,3990.0,0.022870136
3991.0,3991.0,0.0875919
3992.0,3992.0,0.22686176
3993.0,3993.0,0.115609385
3994.0,3994.0,9.47753E-4
3995.0,3995.0,0.40238926
3996.0,3996.0,0.47566563
3997.0,3997.0,0.039685678
3998.0,3998.0,0.30106816
3999.0,3999.0,0.03168198
4000.0,4000.0,0.23996684
4001.0,4001.0,0.017034724
4002.0,4002.0,0.082234405
4003.0,4003.0,0.002830053
4004.0,4004.0,0.04317023
4005.0,4005.0,0.07118273
4006.0,4006.0,0.030893082
4007.0,4007.0,0.05075738
4008.0,4008.0,0.155566
4009.0,4009.0,0.21280076
4010.0,4010.0,0.10330559
4011.0,4011.0,0.066555426
4012.0,4012.0,0.036955208
4013.0,4013.0,0.043828744
4014.0,4014.0,0.15762499
4015.0,4015.0,0.16835874
4016.0,4016.0,2.6919877E-5
4017.0,4017.0,0.033298977
4018.0,4018.0,0.24734713
4019.0,4019.0,0.029555265
4020.0,4020.0,0.013367332
4021.0,4021.0,0.23220998
4022.0,4022.0,0.19389161
4023.0,4023.0,0.5015595
4024.0,4024.0,0.27344266
4025.0,4025.0,0.009078894
4026.0,4026.0,0.17027825
4027.0,4027.0,0.8539596
4028.0,4028.0,0.23471761
4029.0,4029.0,0.051968303
4030.0,4030.0,0.26242906
4031.0,4031.0,0.36190614
4032.0,4032.0,0.12597813
4033.0,4033.0,0.043471564
4034.0,4034.0,0.13301972
4035.0,4035.0,0.20185687
4036.0,4036.0,1.1001356E-4
4037.0,4037.0,0.2925956
4038.0,4038.0,0.05968411
4039.0,4039.0,0.06713205
4040.0,4040.0,0.003441581
4041.0,4041.0,4.0077684E-5
4042.0,4042.0,0.22528595
4043.0,4043.0,0.2654585
4044.0,4044.0,0.26388875
4045.0,4045.0,0.002056258
4046.0,4046.0,0.006479022
4047.0,4047.0,0.16856264
4048.0,4048.0,0.080154076
4049.0,4049.0,2.7849677E-5
4050.0,4050.0,0.001976747
4051.0,4051.0,7.709036E-7
4052.0,4052.0,0.2548374
4053.0,4053.0,0.70732933
4054.0,4054.0,0.17749569
4055.0,4055.0,0.03171417
4056.0,4056.0,0.33413446
4057.0,4057.0,9.72678E-4
4058.0,4058.0,1.3403491E-4
4059.0,4059.0,0.014540416
4060.0,4060.0,0.13646494
4061.0,4061.0,0.22198324
4062.0,4062.0,0.3198457
4063.0,4063.0,0.03723282
4064.0,4064.0,0.03476255
4065.0,4065.0,0.5012847
4066.0,4066.0,1.6971408E-4
4067.0,4067.0,0.0010203933
4068.0,4068.0,8.225709E-5
4069.0,4069.0,0.028265558
4070.0,4070.0,9.383967E-4
4071.0,4071.0,1.5869598E-4
4072.0,4072.0,0.7308214
4073.0,4073.0,0.15120555
4074.0,4074.0,0.29655123
4075.0,4075.0,9.359238E-5
4076.0,4076.0,0.14335696
4077.0,4077.0,0.46761367
4078.0,4078.0,0.020365799
4079.0,4079.0,0.31551248
4080.0,4080.0,0.2054613
4081.0,4081.0,0.82505995
4082.0,4082.0,0.4048512
4083.0,4083.0,0.36117548
4084.0,4084.0,0.26526055
4085.0,4085.0,5.5430803E-5
4086.0,4086.0,0.0031973915
4087.0,4087.0,0.1438648
4088.0,4088.0,0.18541898
4089.0,4089.0,0.22340241
4090.0,4090.0,0.26164648
4091.0,4091.0,0.038482875
4092.0,4092.0,0.0639717
4093.0,4093.0,0.16003372
4094.0,4094.0,0.22846285
4095.0,4095.0,0.1465539
4096.0,4096.0,0.1776016
4097.0,4097.0,0.017332608
4098.0,4098.0,0.37704766
4099.0,4099.0,0.0018356455
4100.0,4100.0,0.111992374
4101.0,4101.0,1.3604667E-4
4102.0,4102.0,0.0037252652
4103.0,4103.0,0.21100801
4104.0,4104.0,0.20028159
4105.0,4105.0,9.780121E-5
4106.0,4106.0,4.5686123E-5
4107.0,4107.0,0.6085005
4108.0,4108.0,0.0045584217
4109.0,4109.0,0.07779146
4110.0,4110.0,0.07140062
4111.0,4111.0,0.001048899
4112.0,4112.0,0.63907224
4113.0,4113.0,0.038240943
4114.0,4114.0,0.100891426
4115.0,4115.0,0.4697376
4116.0,4116.0,0.02333168
4117.0,4117.0,0.42343688
4118.0,4118.0,0.16448818
4119.0,4119.0,0.17411293
4120.0,4120.0,0.03981097
4121.0,4121.0,0.22820355
4122.0,4122.0,0.102630146
4123.0,4123.0,0.22099257
4124.0,4124.0,0.081563085
4125.0,4125.0,2.0232266E-4
4126.0,4126.0,0.055555623
4127.0,4127.0,0.5488014
4128.0,4128.0,0.04320148
4129.0,4129.0,1.0
4130.0,4130.0,8.2236796E-4
4131.0,4131.0,0.7439495
4132.0,4132.0,0.2682231
4133.0,4133.0,0.21984889
4134.0,4134.0,0.9999456
4135.0,4135.0,2.1915615E-5
4136.0,4136.0,0.0025938393
4137.0,4137.0,3.612241E-5
4138.0,4138.0,7.368502E-7
4139.0,4139.0,0.3455769
4140.0,4140.0,0.3163424
4141.0,4141.0,0.22934517
4142.0,4142.0,0.07453488
4143.0,4143.0,0.0014461454
4144.0,4144.0,0.9962604
4145.0,4145.0,1.6910486E-5
4146.0,4146.0,0.20275696
4147.0,4147.0,0.18061037
4148.0,4148.0,0.49436536
4149.0,4149.0,0.010545218
4150.0,4150.0,0.099810034
4151.0,4151.0,0.0041396953
4152.0,4152.0,0.16124412
4153.0,4153.0,1.1273531E-5
4154.0,4154.0,0.01755999
4155.0,4155.0,0.20425422
4156.0,4156.0,0.12005204
4157.0,4157.0,0.09328794
4158.0,4158.0,0.4787246
4159.0,4159.0,0.20419285
4160.0,4160.0,0.30410734
4161.0,4161.0,6.265885E-6
4162.0,4162.0,2.871251E-4
4163.0,4163.0,0.17518789
4164.0,4164.0,0.30420125
4165.0,4165.0,0.08904104
4166.0,4166.0,0.4438154
4167.0,4167.0,0.20233661
4168.0,4168.0,3.2736894E-4
4169.0,4169.0,0.60865766
4170.0,4170.0,0.001739542
4171.0,4171.0,4.1108954E-4
4172.0,4172.0,0.005325653
4173.0,4173.0,4.6002268E-4
4174.0,4174.0,0.06410903
4175.0,4175.0,0.16987239
4176.0,4176.0,0.1345183
4177.0,4177.0,0.07734327
4178.0,4178.0,0.50495696
4179.0,4179.0,6.6172283E-6
4180.0,4180.0,0.013456784
4181.0,4181.0,0.22062635
4182.0,4182.0,0.44966406
4183.0,4183.0,0.11005062
4184.0,4184.0,9.4280136E-4
4185.0,4185.0,0.038164508
4186.0,4186.0,0.21780199
4187.0,4187.0,0.07959896
4188.0,4188.0,0.06616675
4189.0,4189.0,0.2659092
4190.0,4190.0,0.012364842
4191.0,4191.0,0.07109603
4192.0,4192.0,0.0035617643
4193.0,4193.0,0.4108675
4194.0,4194.0,0.44676006
4195.0,4195.0,0.19910845
4196.0,4196.0,0.05027784
4197.0,4197.0,0.03331413
4198.0,4198.0,0.27480522
4199.0,4199.0,0.07305906
4200.0,4200.0,2.37828E-5
4201.0,4201.0,3.8370062E-4
4202.0,4202.0,5.946902E-7
4203.0,4203.0,0.016797537
4204.0,4204.0,5.8984826E-4
4205.0,4205.0,0.24481158
4206.0,4206.0,0.054856613
4207.0,4207.0,0.14940947
4208.0,4208.0,7.04948E-4
4209.0,4209.0,0.0066102855
4210.0,4210.0,0.21776962
4211.0,4211.0,0.66108656
4212.0,4212.0,0.061473317
4213.0,4213.0,0.11091055
4214.0,4214.0,0.18772179
4215.0,4215.0,0.024795119
4216.0,4216.0,6.412055E-6
4217.0,4217.0,0.010765998
4218.0,4218.0,0.06014201
4219.0,4219.0,0.09903556
4220.0,4220.0,3.265829E-5
4221.0,4221.0,0.10408394
4222.0,4222.0,0.46079847
4223.0,4223.0,0.0021584865
4224.0,4224.0,0.010497682
4225.0,4225.0,0.056885682
4226.0,4226.0,0.0052290726
4227.0,4227.0,2.6649122E-5
4228.0,4228.0,0.1567258
4229.0,4229.0,4.839702E-6
4230.0,4230.0,0.34717727
4231.0,4231.0,0.068601005
4232.0,4232.0,0.26413906
4233.0,4233.0,0.38734013
4234.0,4234.0,0.075950265
4235.0,4235.0,0.34312472
4236.0,4236.0,0.06648173
4237.0,4237.0,0.0015572516
4238.0,4238.0,0.070673995
4239.0,4239.0,0.03997688
4240.0,4240.0,0.054973207
4241.0,4241.0,0.04777241
4242.0,4242.0,0.03992884
4243.0,4243.0,0.030918257
4244.0,4244.0,8.290944E-7
4245.0,4245.0,0.76659584
4246.0,4246.0,0.3561412
4247.0,4247.0,5.3237315E-4
4248.0,4248.0,0.07543156
4249.0,4249.0,0.6526126
4250.0,4250.0,0.12451252
4251.0,4251.0,0.22116041
4252.0,4252.0,0.30060497
4253.0,4253.0,0.9371601
4254.0,4254.0,3.967581E-4
4255.0,4255.0,0.049403664
4256.0,4256.0,0.015558959
4257.0,4257.0,0.19835721
4258.0,4258.0,5.21093E-4
4259.0,4259.0,0.29425237
4260.0,4260.0,0.43614885
4261.0,4261.0,5.579226E-4
4262.0,4262.0,0.1677031
4263.0,4263.0,0.0034046143
4264.0,4264.0,1.9803692E-6
4265.0,4265.0,0.42570165
4266.0,4266.0,0.18537785
4267.0,4267.0,0.7651639
4268.0,4268.0,1.6601147E-5
4269.0,4269.0,0.24873775
4270.0,4270.0,0.001969142
4271.0,4271.0,0.956727
4272.0,4272.0,0.07729912
4273.0,4273.0,0.004996857
4274.0,4274.0,0.0029344554
4275.0,4275.0,0.20203567
4276.0,4276.0,0.48194376
4277.0,4277.0,0.97769517
4278.0,4278.0,0.15750624
4279.0,4279.0,0.32487643
4280.0,4280.0,0.5511102
4281.0,4281.0,0.3052549
4282.0,4282.0,0.06613215
4283.0,4283.0,4.7200674E-6
4284.0,4284.0,0.23702249
4285.0,4285.0,0.10781357
4286.0,4286.0,9.379447E-4
4287.0,4287.0,1.8172383E-5
4288.0,4288.0,0.7994667
4289.0,4289.0,0.039327994
4290.0,4290.0,0.0026031844
4291.0,4291.0,0.07932048
4292.0,4292.0,0.0051989416
4293.0,4293.0,0.1715311
4294.0,4294.0,0.10114463
4295.0,4295.0,0.17370544
4296.0,4296.0,0.18145685
4297.0,4297.0,0.17176853
4298.0,4298.0,0.023847595
4299.0,4299.0,0.015317303
4300.0,4300.0,0.20036066
4301.0,4301.0,0.008084569
4302.0,4302.0,0.12446094
4303.0,4303.0,0.22663791
4304.0,4304.0,0.17965186
4305.0,4305.0,0.1988264
4306.0,4306.0,0.16835389
4307.0,4307.0,0.2352719
4308.0,4308.0,0.30761194
4309.0,4309.0,0.45360193
4310.0,4310.0,0.067307845
4311.0,4311.0,0.0054193684
4312.0,4312.0,0.04402545
4313.0,4313.0,0.4884286
4314.0,4314.0,0.12735966
4315.0,4315.0,9.98244E-7
4316.0,4316.0,0.290022
4317.0,4317.0,0.13495246
4318.0,4318.0,0.13956812
4319.0,4319.0,0.7261682
4320.0,4320.0,0.23419365
4321.0,4321.0,0.64787346
4322.0,4322.0,0.06518363
4323.0,4323.0,0.004665926
4324.0,4324.0,0.14949882
4325.0,4325.0,0.0368286
4326.0,4326.0,0.054172885
4327.0,4327.0,0.31803626
4328.0,4328.0,0.0051364047
4329.0,4329.0,0.058730245
4330.0,4330.0,0.07288172
4331.0,4331.0,0.47924295
4332.0,4332.0,0.0010015952
4333.0,4333.0,0.00958692
4334.0,4334.0,0.085732915
4335.0,4335.0,0.23604895
4336.0,4336.0,0.20296086
4337.0,4337.0,0.0051839235
4338.0,4338.0,0.042529933
4339.0,4339.0,1.9293031E-4
4340.0,4340.0,0.008484938
4341.0,4341.0,0.017421901
4342.0,4342.0,0.13300371
4343.0,4343.0,0.1332928
4344.0,4344.0,0.40106577
4345.0,4345.0,0.65691394
4346.0,4346.0,6.8625035E-5
4347.0,4347.0,4.6752742E-4
4348.0,4348.0,0.35761735
4349.0,4349.0,0.25914127
4350.0,4350.0,0.25373963
4351.0,4351.0,0.07551768
4352.0,4352.0,0.09325741
4353.0,4353.0,0.41986468
4354.0,4354.0,2.6520234E-4
4355.0,4355.0,0.22854966
4356.0,4356.0,0.41719604
4357.0,4357.0,0.030685013
4358.0,4358.0,0.026723117
4359.0,4359.0,0.13083737
4360.0,4360.0,0.23575272
4361.0,4361.0,0.05845664
4362.0,4362.0,0.24356458
4363.0,4363.0,0.3747485
4364.0,4364.0,0.040775437
4365.0,4365.0,0.15341903
4366.0,4366.0,0.14715259
4367.0,4367.0,1.05350366E-4
4368.0,4368.0,0.0976442
4369.0,4369.0,0.1583359
4370.0,4370.0,0.16856644
4371.0,4371.0,0.5605718
4372.0,4372.0,0.79447657
4373.0,4373.0,0.0360665
4374.0,4374.0,0.5543844
4375.0,4375.0,0.018387426
4376.0,4376.0,0.0058720806
4377.0,4377.0,0.049646065
4378.0,4378.0,0.24264412
4379.0,4379.0,0.83436555
4380.0,4380.0,0.03427458
4381.0,4381.0,0.032787673
4382.0,4382.0,0.18906003
4383.0,4383.0,3.5572455E-5
4384.0,4384.0,0.09979019
4385.0,4385.0,8.876918E-6
4386.0,4386.0,0.4082851
4387.0,4387.0,1.1510353E-6
4388.0,4388.0,4.5155082E-4
4389.0,4389.0,2.4238907E-4
4390.0,4390.0,0.16052711
4391.0,4391.0,0.09729579
4392.0,4392.0,0.02097673
4393.0,4393.0,0.090492986
4394.0,4394.0,0.031098997
4395.0,4395.0,0.22820865
4396.0,4396.0,0.27265403
4397.0,4397.0,1.511525E-6
4398.0,4398.0,0.45273122
4399.0,4399.0,0.080895096
4400.0,4400.0,0.0010045016
4401.0,4401.0,0.057839174
4402.0,4402.0,0.021568313
4403.0,4403.0,1.719813E-5
4404.0,4404.0,3.920836E-5
4405.0,4405.0,0.20846209
4406.0,4406.0,0.56411153
4407.0,4407.0,0.23565888
4408.0,4408.0,2.7110722E-4
4409.0,4409.0,0.064101964
4410.0,4410.0,0.05106925
4411.0,4411.0,0.9858806
4412.0,4412.0,0.05082157
4413.0,4413.0,0.5586328
4414.0,4414.0,3.4795E-4
4415.0,4415.0,0.19527887
4416.0,4416.0,0.50788796
4417.0,4417.0,0.45826414
4418.0,4418.0,0.100286536
4419.0,4419.0,0.44170114
4420.0,4420.0,0.14544187
4421.0,4421.0,0.14317498
4422.0,4422.0,0.24612285
4423.0,4423.0,0.10019859
4424.0,4424.0,0.17889056
4425.0,4425.0,0.12909527
4426.0,4426.0,0.11126403
4427.0,4427.0,0.027047575
4428.0,4428.0,0.23032829
4429.0,4429.0,0.19273297
4430.0,4430.0,2.665218E-4
4431.0,4431.0,0.14289165
4432.0,4432.0,0.26456645
4433.0,4433.0,0.2631909
4434.0,4434.0,6.6634954E-7
4435.0,4435.0,0.074449226
4436.0,4436.0,0.83302176
4437.0,4437.0,0.04993535
4438.0,4438.0,0.19006191
4439.0,4439.0,0.10172497
4440.0,4440.0,0.1922681
4441.0,4441.0,2.0315741E-4
4442.0,4442.0,0.2545582
4443.0,4443.0,0.45892054
4444.0,4444.0,0.040215317
4445.0,4445.0,0.5997378
4446.0,4446.0,0.067699224
4447.0,4447.0,1.0230341E-6
4448.0,4448.0,0.13463621
4449.0,4449.0,0.30612093
4450.0,4450.0,0.0041923937
4451.0,4451.0,0.17681956
4452.0,4452.0,0.23529994
4453.0,4453.0,0.033473365
4454.0,4454.0,0.004165699
4455.0,4455.0,0.25460964
4456.0,4456.0,0.020599313
4457.0,4457.0,0.59969556
4458.0,4458.0,0.77309704
4459.0,4459.0,0.050594058
4460.0,4460.0,0.15097855
4461.0,4461.0,0.019538198
4462.0,4462.0,0.24461377
4463.0,4463.0,0.10664107
4464.0,4464.0,0.013290626
4465.0,4465.0,0.32838294
4466.0,4466.0,0.03808448
4467.0,4467.0,0.59694296
4468.0,4468.0,0.015445638
4469.0,4469.0,0.0058308006
4470.0,4470.0,0.07314793
4471.0,4471.0,0.0011301102
4472.0,4472.0,0.11159592
4473.0,4473.0,0.14883444
4474.0,4474.0,6.9873465E-7
4475.0,4475.0,0.1937197
4476.0,4476.0,0.11729478
4477.0,4477.0,0.012121102
4478.0,4478.0,2.5908707E-4
4479.0,4479.0,7.6823396E-4
4480.0,4480.0,0.22224191
4481.0,4481.0,0.31157225
4482.0,4482.0,0.17922975
4483.0,4483.0,0.15510917
4484.0,4484.0,0.13045068
4485.0,4485.0,0.42144638
4486.0,4486.0,0.19875677
4487.0,4487.0,0.11482624
4488.0,4488.0,0.2806753
4489.0,4489.0,0.5514548
4490.0,4490.0,0.104148895
4491.0,4491.0,7.1055506E-6
4492.0,4492.0,0.20224309
4493.0,4493.0,0.18602104
4494.0,4494.0,0.074904144
4495.0,4495.0,0.03968475
4496.0,4496.0,0.119559325
4497.0,4497.0,9.569704E-4
4498.0,4498.0,0.0016283818
4499.0,4499.0,0.36428213
4500.0,4500.0,0.10146569
4501.0,4501.0,0.11633947
4502.0,4502.0,0.36784598
4503.0,4503.0,0.21493065
4504.0,4504.0,0.4770267
4505.0,4505.0,0.12333233
4506.0,4506.0,0.29270905
4507.0,4507.0,0.001199636
4508.0,4508.0,0.0038300124
4509.0,4509.0,0.09442394
4510.0,4510.0,0.04167602
4511.0,4511.0,3.0589564E-4
4512.0,4512.0,7.4990417E-6
4513.0,4513.0,5.0962142E-5
4514.0,4514.0,0.24276201
4515.0,4515.0,0.23771988
4516.0,4516.0,0.0022055947
4517.0,4517.0,1.6711012E-5
4518.0,4518.0,0.06527425
4519.0,4519.0,0.2199969
4520.0,4520.0,0.015193215
4521.0,4521.0,2.7425788E-4
4522.0,4522.0,0.3980892
4523.0,4523.0,0.08492653
4524.0,4524.0,0.13436803
4525.0,4525.0,0.1961646
4526.0,4526.0,0.3866658
4527.0,4527.0,0.023613892
4528.0,4528.0,0.4301026
4529.0,4529.0,0.2375832
4530.0,4530.0,0.0049561826
4531.0,4531.0,0.0016652731
4532.0,4532.0,0.06183837
4533.0,4533.0,0.029702533
4534.0,4534.0,0.591567
4535.0,4535.0,0.009328995
4536.0,4536.0,0.70026183
4537.0,4537.0,0.999917
4538.0,4538.0,0.4839466
4539.0,4539.0,0.3187481
4540.0,4540.0,0.1725228
4541.0,4541.0,0.8747173
4542.0,4542.0,0.2693628
4543.0,4543.0,6.133117E-4
4544.0,4544.0,0.10129261
4545.0,4545.0,0.03819088
4546.0,4546.0,0.07394124
4547.0,4547.0,0.27473983
4548.0,4548.0,0.16207454
4549.0,4549.0,8.1100065E-4
4550.0,4550.0,0.16194241
4551.0,4551.0,0.5925459
4552.0,4552.0,0.0012772738
4553.0,4553.0,0.06185345
4554.0,4554.0,0.23321202
4555.0,4555.0,0.25558564
4556.0,4556.0,0.0039981473
4557.0,4557.0,4.106553E-5
4558.0,4558.0,0.0330998
4559.0,4559.0,0.0677574
4560.0,4560.0,0.059108075
4561.0,4561.0,0.60114133
4562.0,4562.0,0.08752245
4563.0,4563.0,0.35674137
4564.0,4564.0,0.19165187
4565.0,4565.0,0.6853734
4566.0,4566.0,0.0016154923
4567.0,4567.0,0.16566479
4568.0,4568.0,0.23389642
4569.0,4569.0,0.34429967
4570.0,4570.0,0.34311408
4571.0,4571.0,4.603635E-6
4572.0,4572.0,0.0021864276
4573.0,4573.0,0.052316397
4574.0,4574.0,0.01533583
4575.0,4575.0,0.0023327635
4576.0,4576.0,0.029105278
4577.0,4577.0,0.49041498
4578.0,4578.0,0.400485
4579.0,4579.0,0.025495047
4580.0,4580.0,0.28148192
4581.0,4581.0,0.7565454
4582.0,4582.0,0.23148306
4583.0,4583.0,0.05406076
4584.0,4584.0,0.045031585
4585.0,4585.0,4.580347E-5
4586.0,4586.0,0.095418274
4587.0,4587.0,5.3979293E-4
4588.0,4588.0,0.0010024295
4589.0,4589.0,0.03250201
4590.0,4590.0,0.011674106
4591.0,4591.0,0.20526977
4592.0,4592.0,0.026221406
4593.0,4593.0,0.25813976
4594.0,4594.0,0.012270616
4595.0,4595.0,0.4576205
4596.0,4596.0,0.21206167
4597.0,4597.0,0.001110874
4598.0,4598.0,0.0052135475
4599.0,4599.0,0.20795247
4600.0,4600.0,0.0415673
4601.0,4601.0,0.005659302
4602.0,4602.0,0.14022124
4603.0,4603.0,0.08423981
4604.0,4604.0,0.1811754
4605.0,4605.0,0.016197424
4606.0,4606.0,0.09558125
4607.0,4607.0,3.8086527E-4
4608.0,4608.0,0.03140302
4609.0,4609.0,6.999568E-5
4610.0,4610.0,6.7069877E-6
4611.0,4611.0,0.2879455
4612.0,4612.0,0.17199259
4613.0,4613.0,0.0029332128
4614.0,4614.0,0.17414506
4615.0,4615.0,0.11987625
4616.0,4616.0,0.24549422
4617.0,4617.0,0.28080082
4618.0,4618.0,0.1355518
4619.0,4619.0,2.1288972E-5
4620.0,4620.0,6.941614E-4
4621.0,4621.0,1.5486505E-6
4622.0,4622.0,0.78882885
4623.0,4623.0,0.91910934
4624.0,4624.0,0.68453926
4625.0,4625.0,0.12589568
4626.0,4626.0,0.2206303
4627.0,4627.0,4.8114243E-4
4628.0,4628.0,0.43728682
4629.0,4629.0,0.35220104
4630.0,4630.0,0.74188316
4631.0,4631.0,0.41923386
4632.0,4632.0,0.64357257
4633.0,4633.0,0.13102107
4634.0,4634.0,0.17668995
4635.0,4635.0,0.27796105
4636.0,4636.0,0.008345369
4637.0,4637.0,7.8169064E-4
4638.0,4638.0,0.0012804496
4639.0,4639.0,0.13628687
4640.0,4640.0,0.1402401
4641.0,4641.0,5.848485E-4
4642.0,4642.0,0.103109576
4643.0,4643.0,0.048352007
4644.0,4644.0,0.070220925
4645.0,4645.0,2.0684522E-6
4646.0,4646.0,0.2778317
4647.0,4647.0,0.09735915
4648.0,4648.0,0.78569424
4649.0,4649.0,0.50108683
4650.0,4650.0,0.008676992
4651.0,4651.0,0.15477076
4652.0,4652.0,0.47938204
4653.0,4653.0,0.09217165
4654.0,4654.0,0.13324985
4655.0,4655.0,0.99999696
4656.0,4656.0,0.001976589
4657.0,4657.0,0.25343207
4658.0,4658.0,0.19372423
4659.0,4659.0,0.22335485
4660.0,4660.0,0.29641777
4661.0,4661.0,0.13853054
4662.0,4662.0,0.22790834
4663.0,4663.0,5.315789E-4
4664.0,4664.0,0.02891836
4665.0,4665.0,0.7036637
4666.0,4666.0,0.15247424
4667.0,4667.0,0.0018114089
4668.0,4668.0,0.16948433
4669.0,4669.0,0.48942435
4670.0,4670.0,0.04644065
4671.0,4671.0,0.99476826
4672.0,4672.0,0.35112554
4673.0,4673.0,0.3156817
4674.0,4674.0,0.45918962
4675.0,4675.0,0.047056556
4676.0,4676.0,0.18164513
4677.0,4677.0,9.96832E-7
4678.0,4678.0,0.31315848
4679.0,4679.0,0.20069109
4680.0,4680.0,0.042735193
4681.0,4681.0,0.21840224
4682.0,4682.0,0.026667895
4683.0,4683.0,9.921637E-5
4684.0,4684.0,0.21264677
4685.0,4685.0,0.104278035
4686.0,4686.0,0.24238962
4687.0,4687.0,0.043573037
4688.0,4688.0,0.010131889
4689.0,4689.0,0.99926746
4690.0,4690.0,0.22959092
4691.0,4691.0,0.008134287
4692.0,4692.0,0.0017560857
4693.0,4693.0,0.21891409
4694.0,4694.0,0.005051557
4695.0,4695.0,0.117295206
4696.0,4696.0,2.0246928E-4
4697.0,4697.0,0.33570254
4698.0,4698.0,0.005202538
4699.0,4699.0,1.0953357E-5
4700.0,4700.0,0.015202411
4701.0,4701.0,0.013039241
4702.0,4702.0,0.24206746
4703.0,4703.0,0.48149464
4704.0,4704.0,0.014689699
4705.0,4705.0,0.47976103
4706.0,4706.0,0.04707838
4707.0,4707.0,0.30405337
4708.0,4708.0,1.0237215E-5
4709.0,4709.0,0.170231
4710.0,4710.0,0.08793561
4711.0,4711.0,0.17202333
4712.0,4712.0,0.028293986
4713.0,4713.0,0.13640036
4714.0,4714.0,0.13731629
4715.0,4715.0,0.18932754
4716.0,4716.0,8.89574E-4
4717.0,4717.0,5.799804E-6
4718.0,4718.0,0.291661
4719.0,4719.0,0.2163772
4720.0,4720.0,0.8502951
4721.0,4721.0,0.15506293
4722.0,4722.0,0.025224317
4723.0,4723.0,0.1033746
4724.0,4724.0,0.27394974
4725.0,4725.0,0.004283298
4726.0,4726.0,0.11834115
4727.0,4727.0,0.02598451
4728.0,4728.0,0.33749804
4729.0,4729.0,0.85107446
4730.0,4730.0,0.39144725
4731.0,4731.0,0.19182754
4732.0,4732.0,0.27883822
4733.0,4733.0,0.19422525
4734.0,4734.0,0.59064
4735.0,4735.0,0.07480405
4736.0,4736.0,0.16851737
4737.0,4737.0,0.12447646
4738.0,4738.0,0.026732374
4739.0,4739.0,9.533841E-5
4740.0,4740.0,2.1932628E-4
4741.0,4741.0,0.13314259
4742.0,4742.0,0.27185932
4743.0,4743.0,4.908732E-4
4744.0,4744.0,0.008176799
4745.0,4745.0,0.0033545762
4746.0,4746.0,0.008938392
4747.0,4747.0,0.039119467
4748.0,4748.0,0.34305915
4749.0,4749.0,0.0017066721
4750.0,4750.0,0.0041520977
4751.0,4751.0,0.23601152
4752.0,4752.0,0.118549466
4753.0,4753.0,0.9719324
4754.0,4754.0,0.018427642
4755.0,4755.0,0.046809055
4756.0,4756.0,3.0597505E-5
4757.0,4757.0,0.002061836
4758.0,4758.0,0.3813007
4759.0,4759.0,0.0034137631
4760.0,4760.0,6.006031E-4
4761.0,4761.0,0.4898616
4762.0,4762.0,0.34568554
4763.0,4763.0,0.04000933
4764.0,4764.0,2.9460382E-6
4765.0,4765.0,0.09443054
4766.0,4766.0,0.04068943
4767.0,4767.0,0.16296262
4768.0,4768.0,0.7249869
4769.0,4769.0,0.0027522661
4770.0,4770.0,0.10626521
4771.0,4771.0,0.21632642
4772.0,4772.0,0.15351382
4773.0,4773.0,6.718669E-5
4774.0,4774.0,0.09819663
4775.0,4775.0,0.10414449
4776.0,4776.0,0.080009565
4777.0,4777.0,0.0040041264
4778.0,4778.0,0.91489404
4779.0,4779.0,0.21734665
4780.0,4780.0,0.2571183
4781.0,4781.0,0.14721672
4782.0,4782.0,0.06364269
4783.0,4783.0,1.7790255E-4
4784.0,4784.0,0.0075487965
4785.0,4785.0,0.16048378
4786.0,4786.0,1.2901035E-4
4787.0,4787.0,0.29456905
4788.0,4788.0,0.47506532
4789.0,4789.0,0.0021513733
4790.0,4790.0,0.22022697
4791.0,4791.0,0.26753417
4792.0,4792.0,0.3883565
4793.0,4793.0,0.48176897
4794.0,4794.0,6.7314846E-5
4795.0,4795.0,0.020760903
4796.0,4796.0,0.0024482417
4797.0,4797.0,0.17172752
4798.0,4798.0,0.20022614
4799.0,4799.0,8.606619E-6
4800.0,4800.0,0.027623758
4801.0,4801.0,0.20346208
4802.0,4802.0,0.14107877
4803.0,4803.0,7.211932E-4
4804.0,4804.0,0.006442199
4805.0,4805.0,8.4527164E-7
4806.0,4806.0,0.4438107
4807.0,4807.0,0.15220174
4808.0,4808.0,1.1698783E-5
4809.0,4809.0,0.15639117
4810.0,4810.0,0.38517076
4811.0,4811.0,0.5880182
4812.0,4812.0,0.038597647
4813.0,4813.0,0.18205273
4814.0,4814.0,0.30826563
4815.0,4815.0,0.0024075073
4816.0,4816.0,0.015802195
4817.0,4817.0,0.26064834
4818.0,4818.0,0.16554514
4819.0,4819.0,1.5658414E-5
4820.0,4820.0,0.12389887
4821.0,4821.0,0.12775713
4822.0,4822.0,0.18869336
4823.0,4823.0,0.10130698
4824.0,4824.0,0.17263559
4825.0,4825.0,4.4366307E-4
4826.0,4826.0,0.157264
4827.0,4827.0,0.0011415737
4828.0,4828.0,0.60531795
4829.0,4829.0,0.0722756
4830.0,4830.0,0.0032639853
4831.0,4831.0,0.52955717
4832.0,4832.0,3.9486207E-5
4833.0,4833.0,0.017484872
4834.0,4834.0,0.23397148
4835.0,4835.0,0.0051778527
4836.0,4836.0,0.05304393
4837.0,4837.0,0.0032981215
4838.0,4838.0,0.2148085
4839.0,4839.0,0.021621447
4840.0,4840.0,0.25587857
4841.0,4841.0,1.8153127E-5
4842.0,4842.0,7.157543E-5
4843.0,4843.0,0.16885789
4844.0,4844.0,0.09115601
4845.0,4845.0,0.61041874
4846.0,4846.0,5.0088922E-5
4847.0,4847.0,0.16413213
4848.0,4848.0,0.0014395323
4849.0,4849.0,0.64381987
4850.0,4850.0,8.2739675E-8
4851.0,4851.0,0.0074713463
4852.0,4852.0,0.2587849
4853.0,4853.0,0.6038669
4854.0,4854.0,0.13023213
4855.0,4855.0,0.13945383
4856.0,4856.0,0.3059349
4857.0,4857.0,0.18615018
4858.0,4858.0,5.7250226E-4
4859.0,4859.0,0.18286522
4860.0,4860.0,0.05896481
4861.0,4861.0,0.012164097
4862.0,4862.0,0.13132645
4863.0,4863.0,0.20988819
4864.0,4864.0,0.23946866
4865.0,4865.0,0.04711442
4866.0,4866.0,0.13853511
4867.0,4867.0,0.00621282
4868.0,4868.0,0.8248664
4869.0,4869.0,0.0595594
4870.0,4870.0,1.4566485E-5
4871.0,4871.0,0.22594409
4872.0,4872.0,0.15830165
4873.0,4873.0,0.30453283
4874.0,4874.0,0.0031866822
4875.0,4875.0,0.014242647
4876.0,4876.0,0.07746674
4877.0,4877.0,0.14871702
4878.0,4878.0,0.25425562
4879.0,4879.0,0.055385787
4880.0,4880.0,0.29597518
4881.0,4881.0,0.07359696
4882.0,4882.0,6.0681236E-4
4883.0,4883.0,5.1592557E-5
4884.0,4884.0,0.26764026
4885.0,4885.0,0.1054121
4886.0,4886.0,0.033128005
4887.0,4887.0,0.086679064
4888.0,4888.0,0.36392057
4889.0,4889.0,0.41919065
4890.0,4890.0,5.855152E-7
4891.0,4891.0,9.0686235E-6
4892.0,4892.0,0.013943972
4893.0,4893.0,0.33396348
4894.0,4894.0,0.2807694
4895.0,4895.0,0.011550773
4896.0,4896.0,0.097987294
4897.0,4897.0,0.13477418
4898.0,4898.0,0.0010481997
4899.0,4899.0,0.101395205
4900.0,4900.0,0.002694379
4901.0,4901.0,0.024604516
4902.0,4902.0,0.15776165
4903.0,4903.0,0.39067414
4904.0,4904.0,0.080190435
4905.0,4905.0,0.0088876905
4906.0,4906.0,0.16945904
4907.0,4907.0,0.0014131372
4908.0,4908.0,0.11793439
4909.0,4909.0,0.06559235
4910.0,4910.0,0.42407614
4911.0,4911.0,0.050223038
4912.0,4912.0,6.6464227E-6
4913.0,4913.0,9.434267E-4
4914.0,4914.0,0.4653695
4915.0,4915.0,6.1017217E-4
4916.0,4916.0,0.021617912
4917.0,4917.0,7.673525E-6
4918.0,4918.0,0.0069559286
4919.0,4919.0,0.62068164
4920.0,4920.0,0.1593437
4921.0,4921.0,0.011425572
4922.0,4922.0,0.21733171
4923.0,4923.0,0.79478747
4924.0,4924.0,0.08475343
4925.0,4925.0,0.29571965
4926.0,4926.0,0.2828498
4927.0,4927.0,0.29874712
4928.0,4928.0,0.11717821
4929.0,4929.0,1.6779384E-5
4930.0,4930.0,5.483757E-7
4931.0,4931.0,0.23113202
4932.0,4932.0,2.2400235E-4
4933.0,4933.0,0.21764673
4934.0,4934.0,0.37429738
4935.0,4935.0,0.35251516
4936.0,4936.0,0.060346704
4937.0,4937.0,2.3995892E-6
4938.0,4938.0,0.041442703
4939.0,4939.0,0.18966427
4940.0,4940.0,0.22829829
4941.0,4941.0,0.0060679405
4942.0,4942.0,0.40094844
4943.0,4943.0,0.054727755
4944.0,4944.0,0.35069016
4945.0,4945.0,0.1302722
4946.0,4946.0,0.0022819405
4947.0,4947.0,0.05565128
4948.0,4948.0,0.039378464
4949.0,4949.0,0.42811495
4950.0,4950.0,0.271112
4951.0,4951.0,0.04871314
4952.0,4952.0,0.26223004
4953.0,4953.0,0.13513194
4954.0,4954.0,0.042051602
4955.0,4955.0,0.13030899
4956.0,4956.0,0.0028101774
4957.0,4957.0,0.24297303
4958.0,4958.0,0.19552165
4959.0,4959.0,0.018299438
4960.0,4960.0,0.7061826
4961.0,4961.0,7.6143756E-6
4962.0,4962.0,0.024287773
4963.0,4963.0,0.21567304
4964.0,4964.0,0.006113803
4965.0,4965.0,6.488195E-4
4966.0,4966.0,0.17346554
4967.0,4967.0,0.3715611
4968.0,4968.0,0.46311992
4969.0,4969.0,0.0018773316
4970.0,4970.0,0.09791217
4971.0,4971.0,0.9182969
4972.0,4972.0,2.0739404E-5
4973.0,4973.0,0.004203576
4974.0,4974.0,0.13078949
4975.0,4975.0,0.014465097
4976.0,4976.0,0.10503988
4977.0,4977.0,0.37610823
4978.0,4978.0,6.3800335E-6
4979.0,4979.0,0.03464575
4980.0,4980.0,0.31018347
4981.0,4981.0,0.05274988
4982.0,4982.0,0.4852376
4983.0,4983.0,0.105692014
4984.0,4984.0,0.03018594
4985.0,4985.0,0.08620729
4986.0,4986.0,0.09307399
4987.0,4987.0,0.23402919
4988.0,4988.0,0.45773128
4989.0,4989.0,0.36732143
4990.0,4990.0,0.0355721
4991.0,4991.0,0.084000506
4992.0,4992.0,0.12997891
4993.0,4993.0,0.046805948
4994.0,4994.0,0.06780783
4995.0,4995.0,0.03330491
4996.0,4996.0,0.57275647
4997.0,4997.0,7.738663E-5
4998.0,4998.0,0.20776652
4999.0,4999.0,0.06753416
5000.0,5000.0,0.1287806
5001.0,5001.0,1.3311221E-5
5002.0,5002.0,0.02520419
5003.0,5003.0,0.21918166
5004.0,5004.0,0.13772345
5005.0,5005.0,0.27967134
5006.0,5006.0,0.0011989558
5007.0,5007.0,0.07500573
5008.0,5008.0,0.10736691
5009.0,5009.0,0.13358048
5010.0,5010.0,0.11175592
5011.0,5011.0,0.36435565
5012.0,5012.0,0.12550204
5013.0,5013.0,1.0920685E-6
5014.0,5014.0,0.09041068
5015.0,5015.0,0.6183548
5016.0,5016.0,0.15807256
5017.0,5017.0,0.25551915
5018.0,5018.0,0.003738893
5019.0,5019.0,0.3149945
5020.0,5020.0,0.21452387
5021.0,5021.0,0.78597385
5022.0,5022.0,0.002611459
5023.0,5023.0,0.13987255
5024.0,5024.0,0.0030010976
5025.0,5025.0,0.224583
5026.0,5026.0,0.028887045
5027.0,5027.0,0.15785345
5028.0,5028.0,0.03341326
5029.0,5029.0,0.18363336
5030.0,5030.0,0.32928482
5031.0,5031.0,0.001425667
5032.0,5032.0,0.001518879
5033.0,5033.0,0.003918916
5034.0,5034.0,0.26628876
5035.0,5035.0,0.2306396
5036.0,5036.0,0.27269638
5037.0,5037.0,0.029700447
5038.0,5038.0,3.7697714E-4
5039.0,5039.0,0.11752999
5040.0,5040.0,0.0055839685
5041.0,5041.0,0.050544947
5042.0,5042.0,0.15989673
5043.0,5043.0,0.21940559
5044.0,5044.0,0.11908731
5045.0,5045.0,0.15419509
5046.0,5046.0,0.1793072
5047.0,5047.0,0.11409707
5048.0,5048.0,0.28934485
5049.0,5049.0,2.9573965E-4
5050.0,5050.0,0.03189072
5051.0,5051.0,0.034370046
5052.0,5052.0,0.2801109
5053.0,5053.0,7.308205E-4
5054.0,5054.0,0.0030711107
5055.0,5055.0,0.14580725
5056.0,5056.0,0.024087049
5057.0,5057.0,0.4932088
5058.0,5058.0,6.185076E-4
5059.0,5059.0,0.69842196
5060.0,5060.0,0.1905322
5061.0,5061.0,0.10124933
5062.0,5062.0,2.1764077E-5
5063.0,5063.0,0.10727757
5064.0,5064.0,2.5724828E-6
5065.0,5065.0,0.36578178
5066.0,5066.0,0.25821725
5067.0,5067.0,2.5536683E-6
5068.0,5068.0,0.37545526
5069.0,5069.0,0.01591403
5070.0,5070.0,0.46194836
5071.0,5071.0,0.2690327
5072.0,5072.0,4.54404E-4
5073.0,5073.0,0.6574021
5074.0,5074.0,0.1789445
5075.0,5075.0,0.30550328
5076.0,5076.0,0.06947127
5077.0,5077.0,1.705675E-4
5078.0,5078.0,0.82944286
5079.0,5079.0,0.6307774
5080.0,5080.0,0.12832169
5081.0,5081.0,0.8005809
5082.0,5082.0,0.16393502
5083.0,5083.0,0.45807585
5084.0,5084.0,0.047330286
5085.0,5085.0,0.040454764
5086.0,5086.0,5.5828824E-4
5087.0,5087.0,0.44745782
5088.0,5088.0,0.35740063
5089.0,5089.0,5.818188E-4
5090.0,5090.0,0.24160384
5091.0,5091.0,0.14058457
5092.0,5092.0,0.059070006
5093.0,5093.0,0.04247359
5094.0,5094.0,0.07953742
5095.0,5095.0,0.0036337532
5096.0,5096.0,0.012043976
5097.0,5097.0,0.011797125
5098.0,5098.0,0.09135439
5099.0,5099.0,0.0526786
5100.0,5100.0,0.24216011
5101.0,5101.0,0.17302382
5102.0,5102.0,4.7303267E-5
5103.0,5103.0,0.12060238
5104.0,5104.0,0.042121455
5105.0,5105.0,0.097737
5106.0,5106.0,0.05877454
5107.0,5107.0,2.1966087E-5
5108.0,5108.0,0.024711333
5109.0,5109.0,0.22829032
5110.0,5110.0,1.4197936E-4
5111.0,5111.0,0.12904765
5112.0,5112.0,0.505289
5113.0,5113.0,0.13467613
5114.0,5114.0,0.027678955
5115.0,5115.0,8.456498E-5
5116.0,5116.0,0.021172367
5117.0,5117.0,0.0055689183
5118.0,5118.0,0.23135166
5119.0,5119.0,1.9259245E-5
5120.0,5120.0,0.2603008
5121.0,5121.0,0.002104822
5122.0,5122.0,0.16649345
5123.0,5123.0,0.1884345
5124.0,5124.0,0.0010604025
5125.0,5125.0,0.0023153627
5126.0,5126.0,0.30334082
5127.0,5127.0,0.05394518
5128.0,5128.0,4.1302815E-6
5129.0,5129.0,0.17005412
5130.0,5130.0,0.044223834
5131.0,5131.0,0.0017490706
5132.0,5132.0,0.2493497
5133.0,5133.0,0.5597908
5134.0,5134.0,0.004923627
5135.0,5135.0,0.042364553
5136.0,5136.0,0.77113175
5137.0,5137.0,0.06387735
5138.0,5138.0,0.06330739
5139.0,5139.0,0.012534135
5140.0,5140.0,0.06541348
5141.0,5141.0,0.2190211
5142.0,5142.0,0.07893335
5143.0,5143.0,0.20882559
5144.0,5144.0,0.5291734
5145.0,5145.0,0.024121393
5146.0,5146.0,0.048646055
5147.0,5147.0,0.09234316
5148.0,5148.0,0.5813942
5149.0,5149.0,0.044657297
5150.0,5150.0,6.844823E-6
5151.0,5151.0,0.060452845
5152.0,5152.0,0.7166312
5153.0,5153.0,7.728369E-4
5154.0,5154.0,4.3309288E-4
5155.0,5155.0,0.010749788
5156.0,5156.0,0.1902716
5157.0,5157.0,0.21738452
5158.0,5158.0,0.025386948
5159.0,5159.0,0.06689779
5160.0,5160.0,0.6992981
5161.0,5161.0,0.04464441
5162.0,5162.0,4.3123837E-5
5163.0,5163.0,0.046544284
5164.0,5164.0,0.019593837
5165.0,5165.0,0.08925015
5166.0,5166.0,0.28195038
5167.0,5167.0,0.0035635158
5168.0,5168.0,0.018174779
5169.0,5169.0,0.116181545
5170.0,5170.0,0.4740381
5171.0,5171.0,1.940332E-5
5172.0,5172.0,0.21382616
5173.0,5173.0,0.41327065
5174.0,5174.0,0.20759733
5175.0,5175.0,0.22333197
5176.0,5176.0,0.18278582
5177.0,5177.0,0.23727125
5178.0,5178.0,0.40956607
5179.0,5179.0,1.6943696E-6
5180.0,5180.0,0.6840893
5181.0,5181.0,1.5695137E-5
5182.0,5182.0,0.27439564
5183.0,5183.0,0.0021386093
5184.0,5184.0,0.17003343
5185.0,5185.0,7.3828874E-6
5186.0,5186.0,0.053718533
5187.0,5187.0,0.2701234
5188.0,5188.0,0.127545
5189.0,5189.0,8.595985E-6
5190.0,5190.0,0.13549057
5191.0,5191.0,0.0020292075
5192.0,5192.0,0.30379125
5193.0,5193.0,0.3003578
5194.0,5194.0,0.09354443
5195.0,5195.0,0.95620984
5196.0,5196.0,0.22282644
5197.0,5197.0,1.1041493E-5
5198.0,5198.0,0.043282695
5199.0,5199.0,0.009212667
5200.0,5200.0,0.0680261
5201.0,5201.0,0.5445634
5202.0,5202.0,0.0050184936
5203.0,5203.0,0.137598
5204.0,5204.0,0.24391016
5205.0,5205.0,0.22346231
5206.0,5206.0,0.09170323
5207.0,5207.0,0.40664732
5208.0,5208.0,0.13695998
5209.0,5209.0,0.0014193123
5210.0,5210.0,0.23891853
5211.0,5211.0,0.029674644
5212.0,5212.0,5.177162E-4
5213.0,5213.0,0.022727707
5214.0,5214.0,0.01860196
5215.0,5215.0,0.036523603
5216.0,5216.0,0.09184894
5217.0,5217.0,0.67589855
5218.0,5218.0,0.761916
5219.0,5219.0,0.32156277
5220.0,5220.0,0.14036205
5221.0,5221.0,0.06995072
5222.0,5222.0,0.025703607
5223.0,5223.0,0.08721772
5224.0,5224.0,0.1862246
5225.0,5225.0,1.2341257E-4
5226.0,5226.0,0.11890165
5227.0,5227.0,0.20998055
5228.0,5228.0,0.007816973
5229.0,5229.0,0.07457151
5230.0,5230.0,0.024412412
5231.0,5231.0,0.11484069
5232.0,5232.0,6.606307E-6
5233.0,5233.0,0.11646736
5234.0,5234.0,0.09027854
5235.0,5235.0,0.031523157
5236.0,5236.0,0.059144598
5237.0,5237.0,0.0045656245
5238.0,5238.0,0.076522306
5239.0,5239.0,0.055915553
5240.0,5240.0,0.6732377
5241.0,5241.0,4.519526E-6
5242.0,5242.0,0.047935117
5243.0,5243.0,0.05724536
5244.0,5244.0,0.06250385
5245.0,5245.0,0.20468706
5246.0,5246.0,0.01954341
5247.0,5247.0,0.21876088
5248.0,5248.0,0.028694158
5249.0,5249.0,1.041325E-5
5250.0,5250.0,5.3386688E-5
5251.0,5251.0,0.4098188
5252.0,5252.0,0.35715526
5253.0,5253.0,0.39707297
5254.0,5254.0,0.008814675
5255.0,5255.0,3.9648323E-4
5256.0,5256.0,0.24983776
5257.0,5257.0,0.12821107
5258.0,5258.0,0.10956151
5259.0,5259.0,0.12730668
5260.0,5260.0,0.023923025
5261.0,5261.0,0.12688468
5262.0,5262.0,3.6076406E-5
5263.0,5263.0,0.04139378
5264.0,5264.0,5.176794E-4
5265.0,5265.0,0.0091538215
5266.0,5266.0,0.10565859
5267.0,5267.0,0.25466287
5268.0,5268.0,0.078634076
5269.0,5269.0,0.18948549
5270.0,5270.0,0.47069043
5271.0,5271.0,0.97764456
5272.0,5272.0,0.0914647
5273.0,5273.0,0.12222219
5274.0,5274.0,0.68742526
5275.0,5275.0,0.10320513
5276.0,5276.0,0.08496359
5277.0,5277.0,0.21629557
5278.0,5278.0,4.923355E-4
5279.0,5279.0,0.22435807
5280.0,5280.0,0.9999941
5281.0,5281.0,0.2292854
5282.0,5282.0,0.099844985
5283.0,5283.0,5.9496576E-4
5284.0,5284.0,0.77804756
5285.0,5285.0,1.4506611E-6
5286.0,5286.0,0.06508411
5287.0,5287.0,0.5352287
5288.0,5288.0,0.0020967557
5289.0,5289.0,2.6044296E-5
5290.0,5290.0,1.4025066E-4
5291.0,5291.0,0.9200659
5292.0,5292.0,0.19621518
5293.0,5293.0,0.16487812
5294.0,5294.0,0.046227448
5295.0,5295.0,2.3091687E-5
5296.0,5296.0,0.055563804
5297.0,5297.0,0.16250847
5298.0,5298.0,0.045165855
5299.0,5299.0,5.893908E-4
5300.0,5300.0,0.053442057
5301.0,5301.0,1.358284E-6
5302.0,5302.0,0.0012470045
5303.0,5303.0,0.077915885
5304.0,5304.0,0.056786276
5305.0,5305.0,0.25189352
5306.0,5306.0,0.056044973
5307.0,5307.0,0.025814032
5308.0,5308.0,0.38931116
5309.0,5309.0,0.001372222
5310.0,5310.0,0.0023580175
5311.0,5311.0,0.0050343783
5312.0,5312.0,0.20366456
5313.0,5313.0,2.8761296E-4
5314.0,5314.0,0.01640971
5315.0,5315.0,0.047048897
5316.0,5316.0,0.531641
5317.0,5317.0,0.0032590872
5318.0,5318.0,0.09028561
5319.0,5319.0,0.14166991
5320.0,5320.0,5.0637584E-5
5321.0,5321.0,0.030202668
5322.0,5322.0,0.25332457
5323.0,5323.0,0.0031748142
5324.0,5324.0,5.8018515E-4
5325.0,5325.0,0.30119616
5326.0,5326.0,1.6243382E-4
5327.0,5327.0,0.109775774
5328.0,5328.0,0.43514988
5329.0,5329.0,0.07944835
5330.0,5330.0,9.0991874E-4
5331.0,5331.0,0.008845235
5332.0,5332.0,0.31296596
5333.0,5333.0,1.4669011E-5
5334.0,5334.0,0.0029806476
5335.0,5335.0,0.22146532
5336.0,5336.0,0.16823432
5337.0,5337.0,0.00544074
5338.0,5338.0,0.091406286
5339.0,5339.0,0.38770714
5340.0,5340.0,0.12145575
5341.0,5341.0,8.927594E-4
5342.0,5342.0,0.15403682
5343.0,5343.0,0.49226767
5344.0,5344.0,0.17383444
5345.0,5345.0,0.3771536
5346.0,5346.0,0.11830405
5347.0,5347.0,0.07876016
5348.0,5348.0,0.037035074
5349.0,5349.0,0.1522725
5350.0,5350.0,0.18499146
5351.0,5351.0,0.11554971
5352.0,5352.0,0.07751615
5353.0,5353.0,0.17866044
5354.0,5354.0,0.26401252
5355.0,5355.0,0.11643399
5356.0,5356.0,0.00429768
5357.0,5357.0,0.3552939
5358.0,5358.0,2.1618078E-4
5359.0,5359.0,6.5642217E-4
5360.0,5360.0,0.22658023
5361.0,5361.0,0.013719533
5362.0,5362.0,0.29748955
5363.0,5363.0,0.45922577
5364.0,5364.0,0.61649406
5365.0,5365.0,0.00453473
5366.0,5366.0,0.15099843
5367.0,5367.0,0.79672533
5368.0,5368.0,0.026147632
5369.0,5369.0,0.0031132272
5370.0,5370.0,0.8553529
5371.0,5371.0,0.19739321
5372.0,5372.0,0.76918197
5373.0,5373.0,0.21294416
5374.0,5374.0,0.29425606
5375.0,5375.0,0.21029885
5376.0,5376.0,6.8833215E-5
5377.0,5377.0,0.029176503
5378.0,5378.0,4.040845E-5
5379.0,5379.0,0.007359375
5380.0,5380.0,0.0041651055
5381.0,5381.0,3.809567E-4
5382.0,5382.0,0.08687002
5383.0,5383.0,0.14925262
5384.0,5384.0,0.086319245
5385.0,5385.0,0.06947968
5386.0,5386.0,0.19196093
5387.0,5387.0,0.13813156
5388.0,5388.0,0.98836327
5389.0,5389.0,1.1258846E-5
5390.0,5390.0,0.27034146
5391.0,5391.0,0.0230725
5392.0,5392.0,0.11747244
5393.0,5393.0,0.9762317
5394.0,5394.0,0.7257004
5395.0,5395.0,2.097404E-5
5396.0,5396.0,0.00550005
5397.0,5397.0,0.24206765
5398.0,5398.0,0.0715833
5399.0,5399.0,0.13956407
5400.0,5400.0,4.4754503E-4
5401.0,5401.0,0.06286058
5402.0,5402.0,0.5006863
5403.0,5403.0,0.12359836
5404.0,5404.0,0.15592338
5405.0,5405.0,0.124271534
5406.0,5406.0,0.0017548956
5407.0,5407.0,0.03981983
5408.0,5408.0,0.0041519064
5409.0,5409.0,0.032626882
5410.0,5410.0,0.26500252
5411.0,5411.0,0.043713965
5412.0,5412.0,0.0012143698
5413.0,5413.0,0.22535671
5414.0,5414.0,0.0011532081
5415.0,5415.0,0.23666821
5416.0,5416.0,0.026320828
5417.0,5417.0,0.3818415
5418.0,5418.0,0.05377591
5419.0,5419.0,0.14193042
5420.0,5420.0,0.22568181
5421.0,5421.0,0.017321935
5422.0,5422.0,0.015013871
5423.0,5423.0,0.29620773
5424.0,5424.0,0.6455557
5425.0,5425.0,0.48983777
5426.0,5426.0,0.2664204
5427.0,5427.0,0.25368625
5428.0,5428.0,0.1633589
5429.0,5429.0,0.23947196
5430.0,5430.0,0.0044885133
5431.0,5431.0,0.43174005
5432.0,5432.0,0.070293285
5433.0,5433.0,0.06385768
5434.0,5434.0,0.041290145
5435.0,5435.0,0.14571506
5436.0,5436.0,0.04154755
5437.0,5437.0,0.117604986
5438.0,5438.0,0.11525911
5439.0,5439.0,0.1053464
5440.0,5440.0,1.1335348E-4
5441.0,5441.0,5.390219E-4
5442.0,5442.0,0.25586733
5443.0,5443.0,0.038100258
5444.0,5444.0,0.15838838
5445.0,5445.0,0.56184673
5446.0,5446.0,2.7422918E-4
5447.0,5447.0,0.93487614
5448.0,5448.0,0.0023495406
5449.0,5449.0,5.511825E-4
5450.0,5450.0,3.0443476E-5
5451.0,5451.0,0.27079824
5452.0,5452.0,0.25029388
5453.0,5453.0,0.3671935
5454.0,5454.0,0.0067277225
5455.0,5455.0,8.3890765E-5
5456.0,5456.0,0.0019592152
5457.0,5457.0,0.72901434
5458.0,5458.0,1.4316286E-4
5459.0,5459.0,0.0059182853
5460.0,5460.0,0.97097504
5461.0,5461.0,6.7500194E-5
5462.0,5462.0,0.9326758
5463.0,5463.0,5.9190486E-4
5464.0,5464.0,0.3339556
5465.0,5465.0,0.18409854
5466.0,5466.0,0.39119858
5467.0,5467.0,0.0019770053
5468.0,5468.0,0.069775075
5469.0,5469.0,0.3014351
5470.0,5470.0,1.0796106E-4
5471.0,5471.0,0.21747173
5472.0,5472.0,0.2933666
5473.0,5473.0,0.1164134
5474.0,5474.0,0.11317461
5475.0,5475.0,0.011694665
5476.0,5476.0,0.15254699
5477.0,5477.0,4.889038E-4
5478.0,5478.0,0.024037318
5479.0,5479.0,0.055234145
5480.0,5480.0,0.15210752
5481.0,5481.0,0.24994606
5482.0,5482.0,0.015094528
5483.0,5483.0,0.65436804
5484.0,5484.0,0.3958408
5485.0,5485.0,1.6410964E-6
5486.0,5486.0,0.17123632
5487.0,5487.0,0.29936722
5488.0,5488.0,0.14705184
5489.0,5489.0,0.23051812
5490.0,5490.0,0.29265302
5491.0,5491.0,0.14184187
5492.0,5492.0,0.3314638
5493.0,5493.0,0.4985851
5494.0,5494.0,0.41370445
5495.0,5495.0,0.4779569
5496.0,5496.0,0.0073001175
5497.0,5497.0,0.18878733
5498.0,5498.0,0.027278937
5499.0,5499.0,0.17719595
5500.0,5500.0,0.0024552776
5501.0,5501.0,0.010350304
5502.0,5502.0,0.024126887
5503.0,5503.0,0.10631514
5504.0,5504.0,0.46187642
5505.0,5505.0,0.9630051
5506.0,5506.0,7.92928E-6
5507.0,5507.0,0.013569454
5508.0,5508.0,0.006660583
5509.0,5509.0,0.3695285
5510.0,5510.0,0.22657932
5511.0,5511.0,0.108844414
5512.0,5512.0,0.22783878
5513.0,5513.0,0.99927676
5514.0,5514.0,0.0037849338
5515.0,5515.0,8.8187197E-4
5516.0,5516.0,0.08076165
5517.0,5517.0,0.8307539
5518.0,5518.0,0.24269103
5519.0,5519.0,0.1452759
5520.0,5520.0,5.700892E-5
5521.0,5521.0,6.112006E-4
5522.0,5522.0,0.52314377
5523.0,5523.0,0.0023950643
5524.0,5524.0,0.16207863
5525.0,5525.0,3.174894E-4
5526.0,5526.0,0.07576096
5527.0,5527.0,4.928434E-4
5528.0,5528.0,1.1434178E-6
5529.0,5529.0,0.13682614
5530.0,5530.0,3.5797158E-4
5531.0,5531.0,0.104728244
5532.0,5532.0,0.94497067
5533.0,5533.0,0.16203357
5534.0,5534.0,0.21981454
5535.0,5535.0,0.034160946
5536.0,5536.0,2.7093242E-4
5537.0,5537.0,0.5612351
5538.0,5538.0,0.01587551
5539.0,5539.0,0.16539998
5540.0,5540.0,0.004631884
5541.0,5541.0,0.10707521
5542.0,5542.0,0.18936223
5543.0,5543.0,0.02861844
5544.0,5544.0,0.09854538
5545.0,5545.0,5.370977E-4
5546.0,5546.0,0.20993853
5547.0,5547.0,0.1174355
5548.0,5548.0,0.3480154
5549.0,5549.0,0.00229298
5550.0,5550.0,0.100382574
5551.0,5551.0,1.0491346E-5
5552.0,5552.0,0.15932581
5553.0,5553.0,0.07119565
5554.0,5554.0,0.06184492
5555.0,5555.0,0.26301193
5556.0,5556.0,0.14664745
5557.0,5557.0,0.0012182175
5558.0,5558.0,0.28690863
5559.0,5559.0,5.9608166E-5
5560.0,5560.0,0.9997397
5561.0,5561.0,0.26390827
5562.0,5562.0,0.17538156
5563.0,5563.0,0.27059034
5564.0,5564.0,0.1950618
5565.0,5565.0,0.0039477125
5566.0,5566.0,0.2725894
5567.0,5567.0,0.15038237
5568.0,5568.0,0.018057106
5569.0,5569.0,0.21557985
5570.0,5570.0,0.11348491
5571.0,5571.0,0.113516875
5572.0,5572.0,1.1306722E-5
5573.0,5573.0,0.30325523
5574.0,5574.0,0.0010464818
5575.0,5575.0,0.030811423
5576.0,5576.0,3.019777E-5
5577.0,5577.0,0.1131708
5578.0,5578.0,0.19410726
5579.0,5579.0,0.10447304
5580.0,5580.0,0.2515484
5581.0,5581.0,0.1491376
5582.0,5582.0,0.0041974084
5583.0,5583.0,2.1542466E-5
5584.0,5584.0,8.346761E-6
5585.0,5585.0,0.15213412
5586.0,5586.0,0.16554119
5587.0,5587.0,0.15124491
5588.0,5588.0,0.9233148
5589.0,5589.0,0.25480434
5590.0,5590.0,0.14836453
5591.0,5591.0,0.3226579
5592.0,5592.0,0.053959813
5593.0,5593.0,1.7219056E-4
5594.0,5594.0,0.46670318
5595.0,5595.0,0.1148132
5596.0,5596.0,0.54904896
5597.0,5597.0,1.1774449E-5
5598.0,5598.0,0.87570167
5599.0,5599.0,0.3382209
5600.0,5600.0,0.09621545
5601.0,5601.0,0.14866617
5602.0,5602.0,0.122995794
5603.0,5603.0,0.147635
5604.0,5604.0,0.10262321
5605.0,5605.0,0.20043798
5606.0,5606.0,0.42136776
5607.0,5607.0,0.21583764
5608.0,5608.0,1.7658134E-5
5609.0,5609.0,0.06256967
5610.0,5610.0,0.043331597
5611.0,5611.0,6.7335286E-6
5612.0,5612.0,0.033558626
5613.0,5613.0,6.1700924E-4
5614.0,5614.0,0.06265791
5615.0,5615.0,0.032163046
5616.0,5616.0,0.17893265
5617.0,5617.0,0.092212684
5618.0,5618.0,0.0273492
5619.0,5619.0,0.34621304
5620.0,5620.0,0.27943984
5621.0,5621.0,0.19490051
5622.0,5622.0,0.0014800697
5623.0,5623.0,0.018802987
5624.0,5624.0,5.9654564E-4
5625.0,5625.0,0.054252837
5626.0,5626.0,0.32971805
5627.0,5627.0,0.04126234
5628.0,5628.0,0.24069512
5629.0,5629.0,0.13207723
5630.0,5630.0,0.042786952
5631.0,5631.0,0.10633387
5632.0,5632.0,0.032520685
5633.0,5633.0,0.48932326
5634.0,5634.0,0.6063101
5635.0,5635.0,0.06887546
5636.0,5636.0,0.11257113
5637.0,5637.0,0.21721125
5638.0,5638.0,0.0033469452
5639.0,5639.0,0.0050915387
5640.0,5640.0,0.224386
5641.0,5641.0,0.19836025
5642.0,5642.0,0.4110914
5643.0,5643.0,0.26643327
5644.0,5644.0,0.03863937
5645.0,5645.0,0.2551483
5646.0,5646.0,0.36859512
5647.0,5647.0,0.07671155
5648.0,5648.0,0.20304479
5649.0,5649.0,0.02593644
5650.0,5650.0,0.17295264
5651.0,5651.0,0.0010477636
5652.0,5652.0,0.19009542
5653.0,5653.0,0.33745202
5654.0,5654.0,0.13231353
5655.0,5655.0,0.3060911
5656.0,5656.0,0.4647719
5657.0,5657.0,0.17670368
5658.0,5658.0,0.31969097
5659.0,5659.0,0.41457164
5660.0,5660.0,0.19141848
5661.0,5661.0,0.49236053
5662.0,5662.0,0.19084404
5663.0,5663.0,0.19723913
5664.0,5664.0,5.4622453E-4
5665.0,5665.0,0.23488317
5666.0,5666.0,0.36755186
5667.0,5667.0,0.65459335
5668.0,5668.0,0.16027625
5669.0,5669.0,0.09547136
5670.0,5670.0,0.056708023
5671.0,5671.0,9.174892E-4
5672.0,5672.0,0.02477245
5673.0,5673.0,0.114398405
5674.0,5674.0,0.6101668
5675.0,5675.0,0.032112774
5676.0,5676.0,4.9989286E-4
5677.0,5677.0,0.3774683
5678.0,5678.0,8.3816274E-5
5679.0,5679.0,0.107474454
5680.0,5680.0,0.020265002
5681.0,5681.0,9.98137E-4
5682.0,5682.0,0.011652979
5683.0,5683.0,0.24113165
5684.0,5684.0,0.100247025
5685.0,5685.0,3.2535292E-5
5686.0,5686.0,0.09791615
5687.0,5687.0,0.080305666
5688.0,5688.0,0.39860415
5689.0,5689.0,0.22023599
5690.0,5690.0,0.067341186
5691.0,5691.0,0.81748766
5692.0,5692.0,0.1987874
5693.0,5693.0,0.16193171
5694.0,5694.0,0.032514073
5695.0,5695.0,0.37385923
5696.0,5696.0,0.0015300935
5697.0,5697.0,0.009349124
5698.0,5698.0,0.06729896
5699.0,5699.0,3.9404945E-4
5700.0,5700.0,0.38052493
5701.0,5701.0,0.28011715
5702.0,5702.0,0.70323706
5703.0,5703.0,0.018672587
5704.0,5704.0,0.001115581
5705.0,5705.0,0.14117527
5706.0,5706.0,0.0074792933
5707.0,5707.0,0.007955342
5708.0,5708.0,0.36742878
5709.0,5709.0,1.0628213E-4
5710.0,5710.0,7.046933E-4
5711.0,5711.0,0.07534489
5712.0,5712.0,0.20217492
5713.0,5713.0,0.029486319
5714.0,5714.0,0.26650742
5715.0,5715.0,0.13278615
5716.0,5716.0,0.03556432
5717.0,5717.0,0.20853649
5718.0,5718.0,0.0023060734
5719.0,5719.0,0.007883965
5720.0,5720.0,0.19121426
5721.0,5721.0,4.26031E-5
5722.0,5722.0,0.12510511
5723.0,5723.0,0.30704534
5724.0,5724.0,0.8381885
5725.0,5725.0,0.26084
5726.0,5726.0,0.07360787
5727.0,5727.0,0.22337696
5728.0,5728.0,0.17940955
5729.0,5729.0,0.26025012
5730.0,5730.0,0.7391862
5731.0,5731.0,0.8852494
5732.0,5732.0,0.16660218
5733.0,5733.0,0.16652748
5734.0,5734.0,0.4377064
5735.0,5735.0,0.19603948
5736.0,5736.0,0.16167301
5737.0,5737.0,0.19209729
5738.0,5738.0,0.25928006
5739.0,5739.0,0.29388458
5740.0,5740.0,4.915153E-6
5741.0,5741.0,0.645857
5742.0,5742.0,0.3525607
5743.0,5743.0,0.04658209
5744.0,5744.0,0.3780275
5745.0,5745.0,0.08698366
5746.0,5746.0,0.065607384
5747.0,5747.0,0.49669656
5748.0,5748.0,6.485235E-4
5749.0,5749.0,0.027058953
5750.0,5750.0,0.36561015
5751.0,5751.0,0.067502394
5752.0,5752.0,0.1173888
5753.0,5753.0,1.3396457E-4
5754.0,5754.0,0.04927396
5755.0,5755.0,0.12297035
5756.0,5756.0,0.11708485
5757.0,5757.0,0.21355435
5758.0,5758.0,0.01453171
5759.0,5759.0,0.2614938
5760.0,5760.0,0.26099896
5761.0,5761.0,0.0023617356
5762.0,5762.0,0.022005528
5763.0,5763.0,0.020983502
5764.0,5764.0,0.13914192
5765.0,5765.0,0.18166365
5766.0,5766.0,0.25601056
5767.0,5767.0,0.14139071
5768.0,5768.0,0.0039289882
5769.0,5769.0,0.2562532
5770.0,5770.0,6.3988606E-5
5771.0,5771.0,7.896315E-5
5772.0,5772.0,0.074356906
5773.0,5773.0,0.067081854
5774.0,5774.0,0.003989304
5775.0,5775.0,0.10165375
5776.0,5776.0,0.110107906
5777.0,5777.0,0.27076912
5778.0,5778.0,0.12994964
5779.0,5779.0,0.31871834
5780.0,5780.0,0.0019428855
5781.0,5781.0,0.057668097
5782.0,5782.0,0.28864124
5783.0,5783.0,0.0072850334
5784.0,5784.0,0.10520016
5785.0,5785.0,0.3967489
5786.0,5786.0,2.5265925E-5
5787.0,5787.0,3.0136198E-5
5788.0,5788.0,0.3691546
5789.0,5789.0,0.21687388
5790.0,5790.0,0.16656347
5791.0,5791.0,0.71723115
5792.0,5792.0,0.20357741
5793.0,5793.0,4.0742752E-4
5794.0,5794.0,1.0969161E-4
5795.0,5795.0,0.051339522
5796.0,5796.0,0.182654
5797.0,5797.0,0.08591141
5798.0,5798.0,0.23458634
5799.0,5799.0,6.1211974E-4
5800.0,5800.0,0.8104257
5801.0,5801.0,0.37851116
5802.0,5802.0,0.3528016
5803.0,5803.0,0.028579734
5804.0,5804.0,0.0034315411
5805.0,5805.0,0.58218825
5806.0,5806.0,0.03214668
5807.0,5807.0,2.0663637E-7
5808.0,5808.0,0.11312746
5809.0,5809.0,0.5422874
5810.0,5810.0,0.11729924
5811.0,5811.0,0.01034003
5812.0,5812.0,1.7791008E-5
5813.0,5813.0,0.3742592
5814.0,5814.0,0.6609663
5815.0,5815.0,0.90220463
5816.0,5816.0,0.17316559
5817.0,5817.0,0.17420907
5818.0,5818.0,7.0779654E-4
5819.0,5819.0,6.996927E-6
5820.0,5820.0,3.638041E-4
5821.0,5821.0,0.097402304
5822.0,5822.0,0.93305284
5823.0,5823.0,0.0040402063
5824.0,5824.0,0.0020768533
5825.0,5825.0,0.15582629
5826.0,5826.0,0.99079376
5827.0,5827.0,0.058616493
5828.0,5828.0,0.0016725525
5829.0,5829.0,0.24478118
5830.0,5830.0,0.09044818
5831.0,5831.0,0.4377702
5832.0,5832.0,0.92211676
5833.0,5833.0,0.040106267
5834.0,5834.0,0.15478991
5835.0,5835.0,0.055470113
5836.0,5836.0,0.1577815
5837.0,5837.0,0.0010091733
5838.0,5838.0,0.042045522
5839.0,5839.0,0.27101833
5840.0,5840.0,0.07243426
5841.0,5841.0,0.1688116
5842.0,5842.0,0.036585044
5843.0,5843.0,0.3181613
5844.0,5844.0,0.028432075
5845.0,5845.0,9.527263E-6
5846.0,5846.0,0.3031499
5847.0,5847.0,0.9095342
5848.0,5848.0,0.25678107
5849.0,5849.0,0.12345512
5850.0,5850.0,0.19817373
5851.0,5851.0,0.15479979
5852.0,5852.0,0.012388869
5853.0,5853.0,0.008751818
5854.0,5854.0,6.322895E-6
5855.0,5855.0,0.07048484
5856.0,5856.0,0.29835892
5857.0,5857.0,0.012243493
5858.0,5858.0,0.78352433
5859.0,5859.0,0.38168892
5860.0,5860.0,0.013748551
5861.0,5861.0,0.5291046
5862.0,5862.0,4.0890698E-4
5863.0,5863.0,0.31820634
5864.0,5864.0,0.041977756
5865.0,5865.0,0.16811404
5866.0,5866.0,0.001571152
5867.0,5867.0,0.06560877
5868.0,5868.0,0.09403674
5869.0,5869.0,0.27233016
5870.0,5870.0,0.53460115
5871.0,5871.0,0.06466508
5872.0,5872.0,2.265413E-5
5873.0,5873.0,0.16301298
5874.0,5874.0,0.14424002
5875.0,5875.0,0.34636697
5876.0,5876.0,0.119061716
5877.0,5877.0,0.47848988
5878.0,5878.0,8.2371305E-5
5879.0,5879.0,0.2891172
5880.0,5880.0,0.110059634
5881.0,5881.0,0.04473047
5882.0,5882.0,0.66597134
5883.0,5883.0,0.10172363
5884.0,5884.0,0.6258032
5885.0,5885.0,0.4206525
5886.0,5886.0,0.20752895
5887.0,5887.0,0.25812888
5888.0,5888.0,0.0011482608
5889.0,5889.0,0.15079865
5890.0,5890.0,0.27170128
5891.0,5891.0,0.015340223
5892.0,5892.0,0.032967784
5893.0,5893.0,0.1877269
5894.0,5894.0,0.0044152057
5895.0,5895.0,0.001844643
5896.0,5896.0,0.023566065
5897.0,5897.0,0.102148205
5898.0,5898.0,0.2451732
5899.0,5899.0,0.05574704
5900.0,5900.0,0.024216466
5901.0,5901.0,0.155993
5902.0,5902.0,0.18781057
5903.0,5903.0,0.048259035
5904.0,5904.0,0.13270164
5905.0,5905.0,0.31615326
5906.0,5906.0,9.323466E-4
5907.0,5907.0,1.1682495E-5
5908.0,5908.0,0.15070596
5909.0,5909.0,1.785656E-5
5910.0,5910.0,1.4031383E-6
5911.0,5911.0,0.0027967368
5912.0,5912.0,0.07251442
5913.0,5913.0,0.010139094
5914.0,5914.0,0.075676955
5915.0,5915.0,0.03750523
5916.0,5916.0,0.30561793
5917.0,5917.0,0.4186798
5918.0,5918.0,0.013925365
5919.0,5919.0,0.009506093
5920.0,5920.0,0.057805836
5921.0,5921.0,0.13662373
5922.0,5922.0,0.118143655
5923.0,5923.0,0.027909983
5924.0,5924.0,0.20485002
5925.0,5925.0,0.007185984
5926.0,5926.0,0.23233889
5927.0,5927.0,0.00283731
5928.0,5928.0,2.2561717E-4
5929.0,5929.0,0.36528015
5930.0,5930.0,0.0016438868
5931.0,5931.0,0.11088624
5932.0,5932.0,2.052549E-4
5933.0,5933.0,1.6115913E-6
5934.0,5934.0,1.4318484E-5
5935.0,5935.0,0.24334896
5936.0,5936.0,0.080482155
5937.0,5937.0,0.09422145
5938.0,5938.0,0.35504043
5939.0,5939.0,0.07387406
5940.0,5940.0,0.22366008
5941.0,5941.0,0.039120313
5942.0,5942.0,0.115338646
5943.0,5943.0,0.11480832
5944.0,5944.0,0.13624203
5945.0,5945.0,8.1199873E-4
5946.0,5946.0,0.36111027
5947.0,5947.0,0.21926883
5948.0,5948.0,0.0059678704
5949.0,5949.0,0.062159006
5950.0,5950.0,0.190429
5951.0,5951.0,0.24274646
5952.0,5952.0,0.1409994
5953.0,5953.0,2.8177153E-4
5954.0,5954.0,0.07575384
5955.0,5955.0,0.14190868
5956.0,5956.0,0.0077105337
5957.0,5957.0,0.06765661
5958.0,5958.0,0.10935903
5959.0,5959.0,0.031445105
5960.0,5960.0,0.072045475
5961.0,5961.0,0.115440585
5962.0,5962.0,0.017025948
5963.0,5963.0,0.36553475
5964.0,5964.0,0.3481299
5965.0,5965.0,0.20238912
5966.0,5966.0,0.05207573
5967.0,5967.0,5.0639915E-6
5968.0,5968.0,0.42947757
5969.0,5969.0,0.06435694
5970.0,5970.0,0.19222312
5971.0,5971.0,0.10325679
5972.0,5972.0,7.972808E-7
5973.0,5973.0,0.383263
5974.0,5974.0,0.08337779
5975.0,5975.0,0.16623692
5976.0,5976.0,5.808803E-5
5977.0,5977.0,0.05534917
5978.0,5978.0,0.0036321657
5979.0,5979.0,0.040197548
5980.0,5980.0,0.11929549
5981.0,5981.0,0.32274204
5982.0,5982.0,0.0037020377
5983.0,5983.0,7.374385E-6
5984.0,5984.0,0.124062985
5985.0,5985.0,0.034624487
5986.0,5986.0,0.07672772
5987.0,5987.0,4.0966642E-4
5988.0,5988.0,0.31201228
5989.0,5989.0,0.6851473
5990.0,5990.0,0.31814185
5991.0,5991.0,0.20538004
5992.0,5992.0,1.6935385E-4
5993.0,5993.0,0.026590435
5994.0,5994.0,0.032266732
5995.0,5995.0,4.773513E-4
5996.0,5996.0,0.076257475
5997.0,5997.0,0.08943331
5998.0,5998.0,0.004137841
5999.0,5999.0,2.2035834E-4
6000.0,6000.0,0.22017996
6001.0,6001.0,0.0011665181
6002.0,6002.0,0.0074493354
6003.0,6003.0,8.7755514E-5
6004.0,6004.0,0.16218984
6005.0,6005.0,0.11181283
6006.0,6006.0,0.09608657
6007.0,6007.0,0.2566378
6008.0,6008.0,0.10820774
6009.0,6009.0,0.094933584
6010.0,6010.0,0.27008054
6011.0,6011.0,0.00543007
6012.0,6012.0,0.22453384
6013.0,6013.0,0.12852031
6014.0,6014.0,0.09995111
6015.0,6015.0,0.08667498
6016.0,6016.0,0.049577005
6017.0,6017.0,0.07997601
6018.0,6018.0,1.2494696E-5
6019.0,6019.0,0.9942067
6020.0,6020.0,0.1408676
6021.0,6021.0,0.12793964
6022.0,6022.0,0.073065035
6023.0,6023.0,0.02876945
6024.0,6024.0,0.23013295
6025.0,6025.0,0.25536835
6026.0,6026.0,0.16785213
6027.0,6027.0,0.27175477
6028.0,6028.0,0.048925817
6029.0,6029.0,0.14097475
6030.0,6030.0,2.3747949E-5
6031.0,6031.0,0.20804699
6032.0,6032.0,9.5716346E-4
6033.0,6033.0,0.28960484
6034.0,6034.0,0.60730684
6035.0,6035.0,0.26365367
6036.0,6036.0,0.031915188
6037.0,6037.0,0.2236761
6038.0,6038.0,2.0804402E-4
6039.0,6039.0,0.04135416
6040.0,6040.0,0.21946579
6041.0,6041.0,0.15594019
6042.0,6042.0,0.14691672
6043.0,6043.0,0.071418166
6044.0,6044.0,0.08417689
6045.0,6045.0,6.412971E-6
6046.0,6046.0,0.19423014
6047.0,6047.0,2.2221393E-4
6048.0,6048.0,0.1547041
6049.0,6049.0,0.63286287
6050.0,6050.0,0.003428494
6051.0,6051.0,0.28230894
6052.0,6052.0,0.3467954
6053.0,6053.0,0.2501444
6054.0,6054.0,0.032002147
6055.0,6055.0,0.08334148
6056.0,6056.0,0.049753603
6057.0,6057.0,0.16720024
6058.0,6058.0,0.19500174
6059.0,6059.0,9.791196E-6
6060.0,6060.0,0.2406312
6061.0,6061.0,0.40859652
6062.0,6062.0,0.0015529903
6063.0,6063.0,0.43022835
6064.0,6064.0,0.020613635
6065.0,6065.0,0.18668202
6066.0,6066.0,0.26474357
6067.0,6067.0,0.21582067
6068.0,6068.0,0.07010829
6069.0,6069.0,0.011497237
6070.0,6070.0,0.12037779
6071.0,6071.0,0.1399471
6072.0,6072.0,6.167496E-4
6073.0,6073.0,0.52256405
6074.0,6074.0,0.24194336
6075.0,6075.0,1.8697424E-6
6076.0,6076.0,0.011495173
6077.0,6077.0,0.3985789
6078.0,6078.0,0.18907359
6079.0,6079.0,0.39571562
6080.0,6080.0,0.10006859
6081.0,6081.0,0.049700603
6082.0,6082.0,8.318044E-5
6083.0,6083.0,0.13306125
6084.0,6084.0,0.30395198
6085.0,6085.0,0.07100943
6086.0,6086.0,0.37174982
6087.0,6087.0,0.18081954
6088.0,6088.0,0.0066063902
6089.0,6089.0,0.12201246
6090.0,6090.0,0.0063074017
6091.0,6091.0,0.004104141
6092.0,6092.0,0.45239252
6093.0,6093.0,0.09789054
6094.0,6094.0,0.035988692
6095.0,6095.0,9.022288E-6
6096.0,6096.0,0.20871177
6097.0,6097.0,0.18243566
6098.0,6098.0,0.27994972
6099.0,6099.0,0.6885304
6100.0,6100.0,1.16265455E-5
6101.0,6101.0,0.30090517
6102.0,6102.0,1.1445994E-5
6103.0,6103.0,7.554112E-5
6104.0,6104.0,0.20408417
6105.0,6105.0,0.0016228337
6106.0,6106.0,3.2268636E-4
6107.0,6107.0,5.264364E-4
6108.0,6108.0,0.2166185
6109.0,6109.0,0.09228284
6110.0,6110.0,2.2498978E-5
6111.0,6111.0,0.05464645
6112.0,6112.0,0.33642617
6113.0,6113.0,0.45248857
6114.0,6114.0,4.036427E-4
6115.0,6115.0,0.2019467
6116.0,6116.0,0.21365763
6117.0,6117.0,0.0012140392
6118.0,6118.0,0.23411334
6119.0,6119.0,0.023662152
6120.0,6120.0,3.2895853E-4
6121.0,6121.0,0.20428425
6122.0,6122.0,6.547052E-4
6123.0,6123.0,0.14045407
6124.0,6124.0,0.06740352
6125.0,6125.0,2.3098278E-6
6126.0,6126.0,0.17753305
6127.0,6127.0,0.0016879552
6128.0,6128.0,0.030829757
6129.0,6129.0,0.0032542725
6130.0,6130.0,0.12756363
6131.0,6131.0,0.99654007
6132.0,6132.0,1.7881839E-5
6133.0,6133.0,0.077109724
6134.0,6134.0,0.11658277
6135.0,6135.0,0.20553103
6136.0,6136.0,0.0041694213
6137.0,6137.0,0.527576
6138.0,6138.0,0.32419524
6139.0,6139.0,7.010731E-7
6140.0,6140.0,9.8985736E-5
6141.0,6141.0,0.041889377
6142.0,6142.0,0.10294884
6143.0,6143.0,0.24112068
6144.0,6144.0,0.22618562
6145.0,6145.0,4.638338E-4
6146.0,6146.0,0.12800531
6147.0,6147.0,0.033566218
6148.0,6148.0,0.32038042
6149.0,6149.0,0.16104564
6150.0,6150.0,0.101165794
6151.0,6151.0,0.29230836
6152.0,6152.0,0.054200824
6153.0,6153.0,0.019314464
6154.0,6154.0,0.17652829
6155.0,6155.0,0.0119842505
6156.0,6156.0,0.3399156
6157.0,6157.0,0.008079394
6158.0,6158.0,0.276756
6159.0,6159.0,7.1009406E-4
6160.0,6160.0,0.18145554
6161.0,6161.0,0.26481006
6162.0,6162.0,0.1482355
6163.0,6163.0,0.19387622
6164.0,6164.0,0.05029182
6165.0,6165.0,0.04544497
6166.0,6166.0,0.38616273
6167.0,6167.0,0.006966224
6168.0,6168.0,4.3710996E-5
6169.0,6169.0,0.004517904
6170.0,6170.0,0.21896866
6171.0,6171.0,0.09637079
6172.0,6172.0,0.030903233
6173.0,6173.0,0.08062529
6174.0,6174.0,0.07825607
6175.0,6175.0,0.15254708
6176.0,6176.0,0.22890224
6177.0,6177.0,0.08367472
6178.0,6178.0,0.29649192
6179.0,6179.0,0.09950974
6180.0,6180.0,0.114989564
6181.0,6181.0,0.1984698
6182.0,6182.0,0.2895728
6183.0,6183.0,0.03863013
6184.0,6184.0,0.20700356
6185.0,6185.0,0.3558988
6186.0,6186.0,0.0039169975
6187.0,6187.0,0.30895013
6188.0,6188.0,0.00628317
6189.0,6189.0,0.29174227
6190.0,6190.0,0.045846004
6191.0,6191.0,0.42479277
6192.0,6192.0,0.09879468
6193.0,6193.0,0.12724763
6194.0,6194.0,0.032014895
6195.0,6195.0,0.118998714
6196.0,6196.0,0.23392236
6197.0,6197.0,0.31461477
6198.0,6198.0,0.0010979426
6199.0,6199.0,0.029888619
6200.0,6200.0,0.037311457
6201.0,6201.0,0.5451715
6202.0,6202.0,0.17196241
6203.0,6203.0,0.9927968
6204.0,6204.0,0.33930615
6205.0,6205.0,0.12980421
6206.0,6206.0,0.15862769
6207.0,6207.0,0.008163527
6208.0,6208.0,0.70818293
6209.0,6209.0,0.1759458
6210.0,6210.0,0.010826082
6211.0,6211.0,0.100674175
6212.0,6212.0,0.890922
6213.0,6213.0,0.40862748
6214.0,6214.0,0.12016519
6215.0,6215.0,0.08658838
6216.0,6216.0,0.01359064
6217.0,6217.0,0.73964113
6218.0,6218.0,0.14083579
6219.0,6219.0,0.028030097
6220.0,6220.0,0.9557707
6221.0,6221.0,0.005003431
6222.0,6222.0,0.13642913
6223.0,6223.0,0.10207035
6224.0,6224.0,0.3662297
6225.0,6225.0,0.24122429
6226.0,6226.0,0.97823185
6227.0,6227.0,0.018960902
6228.0,6228.0,0.06541074
6229.0,6229.0,0.08613572
6230.0,6230.0,0.20763972
6231.0,6231.0,1.4243689E-5
6232.0,6232.0,0.83967835
6233.0,6233.0,0.84987795
6234.0,6234.0,0.006044654
6235.0,6235.0,0.023921981
6236.0,6236.0,2.361897E-4
6237.0,6237.0,0.3498423
6238.0,6238.0,1.829667E-6
6239.0,6239.0,0.14337844
6240.0,6240.0,0.0053259293
6241.0,6241.0,0.47801855
6242.0,6242.0,0.34539685
6243.0,6243.0,0.16189295
6244.0,6244.0,0.106546916
6245.0,6245.0,0.10656972
6246.0,6246.0,3.120805E-4
6247.0,6247.0,1.4719152E-4
6248.0,6248.0,0.2362681
6249.0,6249.0,0.039308246
6250.0,6250.0,0.009994178
6251.0,6251.0,0.23424593
6252.0,6252.0,1.1058046E-5
6253.0,6253.0,0.12598334
6254.0,6254.0,0.20392492
6255.0,6255.0,0.15846695
6256.0,6256.0,9.338281E-4
6257.0,6257.0,0.16231337
6258.0,6258.0,0.014336285
6259.0,6259.0,0.0015825134
6260.0,6260.0,0.09363875
6261.0,6261.0,0.2012894
6262.0,6262.0,0.020162035
6263.0,6263.0,0.11632196
6264.0,6264.0,0.009575135
6265.0,6265.0,4.3831547E-4
6266.0,6266.0,0.87903905
6267.0,6267.0,0.07171396
6268.0,6268.0,9.731638E-4
6269.0,6269.0,0.007446133
6270.0,6270.0,0.09637663
6271.0,6271.0,0.0014686745
6272.0,6272.0,0.036864836
6273.0,6273.0,0.10548895
6274.0,6274.0,0.5059471
6275.0,6275.0,0.1403991
6276.0,6276.0,0.033621036
6277.0,6277.0,0.14344189
6278.0,6278.0,0.1405645
6279.0,6279.0,0.018311227
6280.0,6280.0,0.10610026
6281.0,6281.0,0.059487447
6282.0,6282.0,0.2619725
6283.0,6283.0,0.99636346
6284.0,6284.0,0.04243541
6285.0,6285.0,8.281791E-4
6286.0,6286.0,0.12904726
6287.0,6287.0,7.3858864E-5
6288.0,6288.0,0.97538835
6289.0,6289.0,0.14746857
6290.0,6290.0,2.2629411E-4
6291.0,6291.0,0.0013061905
6292.0,6292.0,0.0025905266
6293.0,6293.0,0.87280935
6294.0,6294.0,0.4758788
6295.0,6295.0,0.109016076
6296.0,6296.0,0.25675675
6297.0,6297.0,0.16986924
6298.0,6298.0,0.113518864
6299.0,6299.0,0.85088474
6300.0,6300.0,0.19920568
6301.0,6301.0,1.8089054E-4
6302.0,6302.0,0.4539816
6303.0,6303.0,0.38290253
6304.0,6304.0,0.23800015
6305.0,6305.0,0.2839749
6306.0,6306.0,0.22480252
6307.0,6307.0,0.1640375
6308.0,6308.0,6.8223867E-6
6309.0,6309.0,0.047125213
6310.0,6310.0,0.105652526
6311.0,6311.0,0.25006896
6312.0,6312.0,0.3956256
6313.0,6313.0,3.0632718E-6
6314.0,6314.0,0.0026110949
6315.0,6315.0,0.058940385
6316.0,6316.0,0.3232867
6317.0,6317.0,0.33011758
6318.0,6318.0,0.13520028
6319.0,6319.0,0.2707599
6320.0,6320.0,0.058176827
6321.0,6321.0,0.8274983
6322.0,6322.0,0.033158265
6323.0,6323.0,0.13184988
6324.0,6324.0,0.27364334
6325.0,6325.0,0.2610044
6326.0,6326.0,0.23526321
6327.0,6327.0,9.902976E-6
6328.0,6328.0,0.025034893
6329.0,6329.0,0.047061577
6330.0,6330.0,0.0022629977
6331.0,6331.0,0.112952456
6332.0,6332.0,0.20827192
6333.0,6333.0,0.043731578
6334.0,6334.0,1.0470898E-4
6335.0,6335.0,0.40395865
6336.0,6336.0,0.50158775
6337.0,6337.0,0.1315412
6338.0,6338.0,0.39616293
6339.0,6339.0,0.28038493
6340.0,6340.0,0.0718481
6341.0,6341.0,0.035877053
6342.0,6342.0,0.5020902
6343.0,6343.0,0.18215702
6344.0,6344.0,9.012514E-4
6345.0,6345.0,0.11237981
6346.0,6346.0,6.926153E-6
6347.0,6347.0,0.13646853
6348.0,6348.0,0.048654713
6349.0,6349.0,0.16286203
6350.0,6350.0,0.0047418983
6351.0,6351.0,0.0016539479
6352.0,6352.0,0.14439628
6353.0,6353.0,0.036556214
6354.0,6354.0,1.8255392E-4
6355.0,6355.0,0.16863602
6356.0,6356.0,0.20195708
6357.0,6357.0,0.33037624
6358.0,6358.0,0.123669125
6359.0,6359.0,0.15110974
6360.0,6360.0,0.0028161774
6361.0,6361.0,0.09938454
6362.0,6362.0,0.14734685
6363.0,6363.0,0.17845456
6364.0,6364.0,0.092877075
6365.0,6365.0,0.043282647
6366.0,6366.0,1.5521777E-4
6367.0,6367.0,0.2232526
6368.0,6368.0,1.2877888E-6
6369.0,6369.0,0.1643754
6370.0,6370.0,0.18954939
6371.0,6371.0,0.1701245
6372.0,6372.0,0.21149917
6373.0,6373.0,0.029103676
6374.0,6374.0,0.13869695
6375.0,6375.0,0.39378938
6376.0,6376.0,0.002662023
6377.0,6377.0,0.027542999
6378.0,6378.0,0.14524293
6379.0,6379.0,0.42363772
6380.0,6380.0,9.299454E-4
6381.0,6381.0,0.68947387
6382.0,6382.0,0.014399284
6383.0,6383.0,0.016865239
6384.0,6384.0,0.27439904
6385.0,6385.0,0.19045275
6386.0,6386.0,0.027123872
6387.0,6387.0,2.543444E-4
6388.0,6388.0,0.1748496
6389.0,6389.0,0.01682953
6390.0,6390.0,0.17608203
6391.0,6391.0,0.076010734
6392.0,6392.0,0.2355318
6393.0,6393.0,0.18629336
6394.0,6394.0,0.20207088
6395.0,6395.0,0.0880022
6396.0,6396.0,0.59068304
6397.0,6397.0,4.6200665E-5
6398.0,6398.0,0.43610048
6399.0,6399.0,0.20483753
6400.0,6400.0,0.09117419
6401.0,6401.0,0.009238464
6402.0,6402.0,0.14442414
6403.0,6403.0,0.99364805
6404.0,6404.0,7.430921E-5
6405.0,6405.0,0.00516135
6406.0,6406.0,0.10866728
6407.0,6407.0,0.014977651
6408.0,6408.0,0.47747332
6409.0,6409.0,0.27220145
6410.0,6410.0,0.21254341
6411.0,6411.0,0.1860098
6412.0,6412.0,0.20229547
6413.0,6413.0,0.15127641
6414.0,6414.0,0.070006125
6415.0,6415.0,0.17025977
6416.0,6416.0,0.07680561
6417.0,6417.0,0.023628954
6418.0,6418.0,0.14721495
6419.0,6419.0,3.9474835E-6
6420.0,6420.0,0.7422101
6421.0,6421.0,3.716301E-4
6422.0,6422.0,0.020733675
6423.0,6423.0,0.022484956
6424.0,6424.0,0.9293642
6425.0,6425.0,0.2006156
6426.0,6426.0,0.064122446
6427.0,6427.0,0.13395283
6428.0,6428.0,2.7447593E-4
6429.0,6429.0,0.22209391
6430.0,6430.0,0.058839865
6431.0,6431.0,0.039645918
6432.0,6432.0,0.5481233
6433.0,6433.0,0.23271185
6434.0,6434.0,0.12871307
6435.0,6435.0,0.0020284643
6436.0,6436.0,0.96748847
6437.0,6437.0,0.9942618
6438.0,6438.0,0.1034137
6439.0,6439.0,0.3228889
6440.0,6440.0,0.020395724
6441.0,6441.0,0.47889593
6442.0,6442.0,0.11396611
6443.0,6443.0,0.012781284
6444.0,6444.0,0.10744351
6445.0,6445.0,0.50716144
6446.0,6446.0,0.102217294
6447.0,6447.0,0.023169905
6448.0,6448.0,0.255228
6449.0,6449.0,2.7225937E-5
6450.0,6450.0,0.29030517
6451.0,6451.0,0.045945752
6452.0,6452.0,0.0059126057
6453.0,6453.0,0.82406783
6454.0,6454.0,0.06521048
6455.0,6455.0,0.08809372
6456.0,6456.0,0.026553327
6457.0,6457.0,0.29182085
6458.0,6458.0,4.3104976E-4
6459.0,6459.0,0.03851036
6460.0,6460.0,0.25085062
6461.0,6461.0,0.004664367
6462.0,6462.0,0.108334616
6463.0,6463.0,0.76505446
6464.0,6464.0,0.24618752
6465.0,6465.0,0.51074463
6466.0,6466.0,0.51705426
6467.0,6467.0,0.027041715
6468.0,6468.0,0.06607701
6469.0,6469.0,0.19599932
6470.0,6470.0,5.59613E-4
6471.0,6471.0,0.0046653715
6472.0,6472.0,0.35730118
6473.0,6473.0,0.005973096
6474.0,6474.0,0.043511365
6475.0,6475.0,0.3111193
6476.0,6476.0,0.030912302
6477.0,6477.0,0.21074685
6478.0,6478.0,0.51806474
6479.0,6479.0,0.30738896
6480.0,6480.0,0.18789256
6481.0,6481.0,0.096659705
6482.0,6482.0,0.25153655
6483.0,6483.0,0.31545877
6484.0,6484.0,0.02951363
6485.0,6485.0,3.3349928E-4
6486.0,6486.0,0.04234519
6487.0,6487.0,0.029277427
6488.0,6488.0,0.017102946
6489.0,6489.0,0.1002211
6490.0,6490.0,0.019715182
6491.0,6491.0,3.5249811E-4
6492.0,6492.0,0.0043388964
6493.0,6493.0,0.20212288
6494.0,6494.0,6.584621E-4
6495.0,6495.0,0.07146169
6496.0,6496.0,0.091621086
6497.0,6497.0,0.1500899
6498.0,6498.0,0.30943486
6499.0,6499.0,5.1486346E-5
6500.0,6500.0,0.07703978
6501.0,6501.0,0.20989491
6502.0,6502.0,0.086414516
6503.0,6503.0,7.751315E-5
6504.0,6504.0,0.0048604943
6505.0,6505.0,0.2924377
6506.0,6506.0,0.33505416
6507.0,6507.0,0.025733208
6508.0,6508.0,0.019248143
6509.0,6509.0,0.25387785
6510.0,6510.0,0.0583435
6511.0,6511.0,3.8411585E-4
6512.0,6512.0,0.38446632
6513.0,6513.0,0.0038741818
6514.0,6514.0,0.053284526
6515.0,6515.0,0.24211337
6516.0,6516.0,1.8282128E-4
6517.0,6517.0,0.110707276
6518.0,6518.0,4.8558114E-4
6519.0,6519.0,0.36885017
6520.0,6520.0,1.0060911E-5
6521.0,6521.0,0.08790672
6522.0,6522.0,0.023097556
6523.0,6523.0,0.30081272
6524.0,6524.0,0.1280374
6525.0,6525.0,0.0021498783
6526.0,6526.0,4.4681685E-4
6527.0,6527.0,0.50366
6528.0,6528.0,0.13345544
6529.0,6529.0,0.16134837
6530.0,6530.0,0.21221308
6531.0,6531.0,0.48001373
6532.0,6532.0,0.19726789
6533.0,6533.0,0.26561204
6534.0,6534.0,0.5232831
6535.0,6535.0,6.698208E-7
6536.0,6536.0,9.196908E-6
6537.0,6537.0,0.24308647
6538.0,6538.0,5.7039037E-5
6539.0,6539.0,0.05662021
6540.0,6540.0,1.0425508E-5
6541.0,6541.0,0.13203752
6542.0,6542.0,0.15707134
6543.0,6543.0,4.1549065E-5
6544.0,6544.0,6.346418E-5
6545.0,6545.0,8.5092813E-4
6546.0,6546.0,0.09751522
6547.0,6547.0,0.14997973
6548.0,6548.0,7.7344757E-4
6549.0,6549.0,0.1835029
6550.0,6550.0,0.15770313
6551.0,6551.0,0.0021687865
6552.0,6552.0,0.070944265
6553.0,6553.0,0.10567713
6554.0,6554.0,0.65454024
6555.0,6555.0,0.05836803
6556.0,6556.0,0.24882951
6557.0,6557.0,7.3715323E-6
6558.0,6558.0,0.009187524
6559.0,6559.0,7.1492077E-6
6560.0,6560.0,2.5469976E-4
6561.0,6561.0,0.021420723
6562.0,6562.0,0.34949234
6563.0,6563.0,0.6743686
6564.0,6564.0,0.119095616
6565.0,6565.0,0.105131194
6566.0,6566.0,3.971783E-4
6567.0,6567.0,0.05207902
6568.0,6568.0,0.07059635
6569.0,6569.0,0.0074586687
6570.0,6570.0,0.14413741
6571.0,6571.0,0.22854374
6572.0,6572.0,0.0018941937
6573.0,6573.0,0.33751306
6574.0,6574.0,0.12074837
6575.0,6575.0,4.1601074E-6
6576.0,6576.0,0.14962095
6577.0,6577.0,0.23650116
6578.0,6578.0,0.15693472
6579.0,6579.0,0.11747627
6580.0,6580.0,0.20852274
6581.0,6581.0,0.033695552
6582.0,6582.0,9.504554E-6
6583.0,6583.0,0.10534035
6584.0,6584.0,0.10631426
6585.0,6585.0,0.002496993
6586.0,6586.0,5.4685245E-7
6587.0,6587.0,0.22014414
6588.0,6588.0,0.20501155
6589.0,6589.0,0.073723644
6590.0,6590.0,0.03212389
6591.0,6591.0,0.18003428
6592.0,6592.0,3.0093715E-5
6593.0,6593.0,0.46539605
6594.0,6594.0,0.13108888
6595.0,6595.0,0.18958235
6596.0,6596.0,0.0051706764
6597.0,6597.0,6.376417E-6
6598.0,6598.0,0.075704314
6599.0,6599.0,0.003021952
6600.0,6600.0,0.015762059
6601.0,6601.0,0.046455503
6602.0,6602.0,0.12032625
6603.0,6603.0,0.3099698
6604.0,6604.0,0.5665254
6605.0,6605.0,0.26393753
6606.0,6606.0,0.079333276
6607.0,6607.0,0.12346207
6608.0,6608.0,0.059007224
6609.0,6609.0,0.18964243
6610.0,6610.0,0.10066981
6611.0,6611.0,0.19048436
6612.0,6612.0,0.25537586
6613.0,6613.0,0.07243196
6614.0,6614.0,0.0043487297
6615.0,6615.0,0.29828906
6616.0,6616.0,0.013808368
6617.0,6617.0,0.30367512
6618.0,6618.0,0.16937731
6619.0,6619.0,8.7461916E-7
6620.0,6620.0,0.13992628
6621.0,6621.0,0.30737123
6622.0,6622.0,0.20090772
6623.0,6623.0,0.19721578
6624.0,6624.0,0.009143678
6625.0,6625.0,0.8995559
6626.0,6626.0,0.1721718
6627.0,6627.0,0.08522044
6628.0,6628.0,0.25423276
6629.0,6629.0,0.24804366
6630.0,6630.0,0.19956885
6631.0,6631.0,0.1789294
6632.0,6632.0,0.05412651
6633.0,6633.0,0.5121777
6634.0,6634.0,0.46355242
6635.0,6635.0,0.07895734
6636.0,6636.0,0.2105967
6637.0,6637.0,0.26366222
6638.0,6638.0,2.1786718E-6
6639.0,6639.0,0.25506774
6640.0,6640.0,3.4858283E-4
6641.0,6641.0,0.28603998
6642.0,6642.0,0.005073412
6643.0,6643.0,0.2876616
6644.0,6644.0,0.08806617
6645.0,6645.0,6.565963E-6
6646.0,6646.0,0.4259925
6647.0,6647.0,6.435509E-4
6648.0,6648.0,0.15292437
6649.0,6649.0,0.3821301
6650.0,6650.0,9.2030084E-4
6651.0,6651.0,2.1693137E-4
6652.0,6652.0,0.48219872
6653.0,6653.0,0.027304333
6654.0,6654.0,3.454005E-4
6655.0,6655.0,1.6295008E-4
6656.0,6656.0,0.11673332
6657.0,6657.0,0.5053158
6658.0,6658.0,0.07517131
6659.0,6659.0,0.22435634
6660.0,6660.0,5.1387484E-5
6661.0,6661.0,0.00207347
6662.0,6662.0,0.5402066
6663.0,6663.0,4.7948917E-5
6664.0,6664.0,2.2500339E-5
6665.0,6665.0,2.7336128E-4
6666.0,6666.0,0.13640189
6667.0,6667.0,0.56099725
6668.0,6668.0,0.0682472
6669.0,6669.0,0.6007841
6670.0,6670.0,0.27559012
6671.0,6671.0,0.0026211194
6672.0,6672.0,9.6450327E-4
6673.0,6673.0,8.017741E-4
6674.0,6674.0,0.36289817
6675.0,6675.0,0.1791025
6676.0,6676.0,0.12531793
6677.0,6677.0,0.35460824
6678.0,6678.0,0.39084357
6679.0,6679.0,5.8994983E-6
6680.0,6680.0,4.7977865E-6
6681.0,6681.0,0.12508507
6682.0,6682.0,5.3160515E-4
6683.0,6683.0,0.31409854
6684.0,6684.0,0.3611329
6685.0,6685.0,0.21430922
6686.0,6686.0,0.016214462
6687.0,6687.0,0.014136693
6688.0,6688.0,0.26301095
6689.0,6689.0,0.11656063
6690.0,6690.0,0.3756537
6691.0,6691.0,0.18997619
6692.0,6692.0,0.030940179
6693.0,6693.0,0.06098198
6694.0,6694.0,0.0041743815
6695.0,6695.0,0.2886625
6696.0,6696.0,0.15647699
6697.0,6697.0,0.3228487
6698.0,6698.0,0.22143751
6699.0,6699.0,0.25467995
6700.0,6700.0,9.226455E-4
6701.0,6701.0,0.008268685
6702.0,6702.0,0.07470189
6703.0,6703.0,0.1726736
6704.0,6704.0,0.24963142
6705.0,6705.0,0.096819
6706.0,6706.0,0.2481333
6707.0,6707.0,0.012125707
6708.0,6708.0,0.15442653
6709.0,6709.0,0.17051813
6710.0,6710.0,0.31941134
6711.0,6711.0,0.16336007
6712.0,6712.0,0.066039056
6713.0,6713.0,0.013192799
6714.0,6714.0,0.044152766
6715.0,6715.0,0.046152666
6716.0,6716.0,0.036123507
6717.0,6717.0,2.957465E-4
6718.0,6718.0,0.020974383
6719.0,6719.0,0.109105736
6720.0,6720.0,0.05957942
6721.0,6721.0,0.3522084
6722.0,6722.0,0.35651544
6723.0,6723.0,0.26118913
6724.0,6724.0,0.04687235
6725.0,6725.0,0.123062834
6726.0,6726.0,0.19452202
6727.0,6727.0,2.7029922E-5
6728.0,6728.0,0.0042290413
6729.0,6729.0,0.045394562
6730.0,6730.0,0.08690169
6731.0,6731.0,8.044721E-6
6732.0,6732.0,1.2755295E-5
6733.0,6733.0,0.07359058
6734.0,6734.0,0.19370875
6735.0,6735.0,0.51150405
6736.0,6736.0,0.15755112
6737.0,6737.0,0.021200268
6738.0,6738.0,0.14667207
6739.0,6739.0,0.23384851
6740.0,6740.0,0.062442552
6741.0,6741.0,0.012566746
6742.0,6742.0,0.17793833
6743.0,6743.0,0.0010926025
6744.0,6744.0,1.291525E-4
6745.0,6745.0,0.19574825
6746.0,6746.0,0.0015376394
6747.0,6747.0,0.44158083
6748.0,6748.0,0.03557892
6749.0,6749.0,0.13106655
6750.0,6750.0,0.12646912
6751.0,6751.0,0.5299414
6752.0,6752.0,0.05459732
6753.0,6753.0,0.15521882
6754.0,6754.0,0.03042272
6755.0,6755.0,0.5059381
6756.0,6756.0,0.032755274
6757.0,6757.0,9.2267815E-5
6758.0,6758.0,0.019107962
6759.0,6759.0,0.12762772
6760.0,6760.0,0.26967323
6761.0,6761.0,0.3183212
6762.0,6762.0,0.3363015
6763.0,6763.0,0.013784833
6764.0,6764.0,8.832991E-6
6765.0,6765.0,0.031349275
6766.0,6766.0,0.056640644
6767.0,6767.0,0.2071628
6768.0,6768.0,0.0060233786
6769.0,6769.0,0.14188725
6770.0,6770.0,2.0656154E-5
6771.0,6771.0,0.2830522
6772.0,6772.0,0.14838052
6773.0,6773.0,1.5896076E-5
6774.0,6774.0,3.3669203E-4
6775.0,6775.0,0.0111714415
6776.0,6776.0,0.27505592
6777.0,6777.0,3.0292156E-5
6778.0,6778.0,0.0014705939
6779.0,6779.0,0.2599034
6780.0,6780.0,0.04631775
6781.0,6781.0,0.24790038
6782.0,6782.0,0.18733494
6783.0,6783.0,0.27538413
6784.0,6784.0,0.33193082
6785.0,6785.0,0.0827352
6786.0,6786.0,7.2105665E-4
6787.0,6787.0,2.9635E-4
6788.0,6788.0,0.1366762
6789.0,6789.0,0.117959835
6790.0,6790.0,0.14168435
6791.0,6791.0,0.35908678
6792.0,6792.0,0.023613593
6793.0,6793.0,1.7353531E-4
6794.0,6794.0,0.18867698
6795.0,6795.0,0.15452233
6796.0,6796.0,0.003428039
6797.0,6797.0,0.30542248
6798.0,6798.0,0.2920718
6799.0,6799.0,0.1906264
6800.0,6800.0,0.99710095
6801.0,6801.0,0.041385017
6802.0,6802.0,7.881328E-5
6803.0,6803.0,0.008916928
6804.0,6804.0,3.60707E-4
6805.0,6805.0,0.045778662
6806.0,6806.0,8.4173516E-4
6807.0,6807.0,4.2108961E-4
6808.0,6808.0,0.06892375
6809.0,6809.0,2.2268985E-4
6810.0,6810.0,0.056955922
6811.0,6811.0,0.106952734
6812.0,6812.0,0.27542531
6813.0,6813.0,0.033700358
6814.0,6814.0,0.29190484
6815.0,6815.0,0.0763479
6816.0,6816.0,0.32617614
6817.0,6817.0,0.034980264
6818.0,6818.0,0.006634637
6819.0,6819.0,0.117199965
6820.0,6820.0,3.0023526E-5
6821.0,6821.0,7.754213E-6
6822.0,6822.0,0.076773204
6823.0,6823.0,0.07341953
6824.0,6824.0,0.0042164098
6825.0,6825.0,1.3611407E-4
6826.0,6826.0,1.9943222E-5
6827.0,6827.0,0.01320298
6828.0,6828.0,0.42752248
6829.0,6829.0,0.04768585
6830.0,6830.0,0.03272715
6831.0,6831.0,0.060526658
6832.0,6832.0,0.20361923
6833.0,6833.0,0.05316638
6834.0,6834.0,0.0012368584
6835.0,6835.0,1.1673514E-5
6836.0,6836.0,0.1817357
6837.0,6837.0,0.007333628
6838.0,6838.0,4.481873E-5
6839.0,6839.0,0.0042175762
6840.0,6840.0,0.44509098
6841.0,6841.0,0.16392246
6842.0,6842.0,0.018818993
6843.0,6843.0,0.26294738
6844.0,6844.0,0.11090122
6845.0,6845.0,0.07893006
6846.0,6846.0,8.561382E-4
6847.0,6847.0,0.0029005064
6848.0,6848.0,0.19037414
6849.0,6849.0,4.235062E-6
6850.0,6850.0,0.5992527
6851.0,6851.0,0.17905506
6852.0,6852.0,0.14223601
6853.0,6853.0,0.11363283
6854.0,6854.0,0.22732177
6855.0,6855.0,0.29518872
6856.0,6856.0,0.09534957
6857.0,6857.0,0.681637
6858.0,6858.0,0.0019320995
6859.0,6859.0,0.31471413
6860.0,6860.0,0.08517064
6861.0,6861.0,2.8525568E-7
6862.0,6862.0,0.13801569
6863.0,6863.0,0.085860044
6864.0,6864.0,0.23311214
6865.0,6865.0,1.3546438E-5
6866.0,6866.0,0.0067829555
6867.0,6867.0,0.002470706
6868.0,6868.0,0.5881789
6869.0,6869.0,0.1119745
6870.0,6870.0,4.0113108E-4
6871.0,6871.0,0.17592733
6872.0,6872.0,0.0015320944
6873.0,6873.0,0.16439293
6874.0,6874.0,0.26834798
6875.0,6875.0,0.33017385
6876.0,6876.0,0.29937115
6877.0,6877.0,0.12671292
6878.0,6878.0,4.507395E-5
6879.0,6879.0,0.20749204
6880.0,6880.0,0.07090773
6881.0,6881.0,0.18308222
6882.0,6882.0,0.16778976
6883.0,6883.0,4.1326516E-7
6884.0,6884.0,9.2920845E-6
6885.0,6885.0,0.19136113
6886.0,6886.0,0.35924903
6887.0,6887.0,0.51129353
6888.0,6888.0,0.0020780761
6889.0,6889.0,0.0011310829
6890.0,6890.0,0.13297904
6891.0,6891.0,0.12360929
6892.0,6892.0,0.04639559
6893.0,6893.0,0.07834503
6894.0,6894.0,0.14360936
6895.0,6895.0,0.010471094
6896.0,6896.0,0.09104372
6897.0,6897.0,4.5130056E-4
6898.0,6898.0,0.27844533
6899.0,6899.0,0.23941882
6900.0,6900.0,0.04842417
6901.0,6901.0,0.09894728
6902.0,6902.0,0.5402876
6903.0,6903.0,6.2834406E-6
6904.0,6904.0,0.03376059
6905.0,6905.0,1.0614128E-5
6906.0,6906.0,0.35871354
6907.0,6907.0,0.23251547
6908.0,6908.0,0.04133754
6909.0,6909.0,7.237701E-4
6910.0,6910.0,0.08194543
6911.0,6911.0,0.16819164
6912.0,6912.0,1.4358256E-5
6913.0,6913.0,0.1994151
6914.0,6914.0,0.0036296656
6915.0,6915.0,0.7173626
6916.0,6916.0,0.50208616
6917.0,6917.0,0.99998826
6918.0,6918.0,0.09936551
6919.0,6919.0,1.2549119E-4
6920.0,6920.0,0.22532734
6921.0,6921.0,0.298325
6922.0,6922.0,0.069284126
6923.0,6923.0,0.24848525
6924.0,6924.0,0.9812385
6925.0,6925.0,0.0011339942
6926.0,6926.0,0.034037326
6927.0,6927.0,3.694527E-4
6928.0,6928.0,0.42924276
6929.0,6929.0,0.08049161
6930.0,6930.0,0.13400006
6931.0,6931.0,3.8852665E-4
6932.0,6932.0,0.15597285
6933.0,6933.0,0.0015386709
6934.0,6934.0,0.04602678
6935.0,6935.0,0.011854595
6936.0,6936.0,0.1209374
6937.0,6937.0,0.0068469644
6938.0,6938.0,0.466472
6939.0,6939.0,0.17453897
6940.0,6940.0,0.060603317
6941.0,6941.0,0.01045731
6942.0,6942.0,0.15861891
6943.0,6943.0,0.23555784
6944.0,6944.0,0.29373342
6945.0,6945.0,0.020346273
6946.0,6946.0,0.0013468439
6947.0,6947.0,4.2781388E-4
6948.0,6948.0,0.30460083
6949.0,6949.0,4.089914E-4
6950.0,6950.0,0.07251312
6951.0,6951.0,5.878229E-4
6952.0,6952.0,3.839187E-4
6953.0,6953.0,0.06135258
6954.0,6954.0,0.05217902
6955.0,6955.0,0.8320165
6956.0,6956.0,0.50217354
6957.0,6957.0,0.1793578
6958.0,6958.0,6.6354645E-5
6959.0,6959.0,0.024956547
6960.0,6960.0,0.38216206
6961.0,6961.0,0.15928042
6962.0,6962.0,0.6847787
6963.0,6963.0,4.3297918E-5
6964.0,6964.0,0.03716024
6965.0,6965.0,0.14736465
6966.0,6966.0,0.24436633
6967.0,6967.0,0.14802869
6968.0,6968.0,1.1633447E-6
6969.0,6969.0,0.23282276
6970.0,6970.0,0.49641502
6971.0,6971.0,0.035397515
6972.0,6972.0,0.19853276
6973.0,6973.0,0.4287565
6974.0,6974.0,0.022183724
6975.0,6975.0,0.005531712
6976.0,6976.0,0.15475892
6977.0,6977.0,3.1359078E-4
6978.0,6978.0,0.51644176
6979.0,6979.0,0.24606353
6980.0,6980.0,0.054495662
6981.0,6981.0,0.09181543
6982.0,6982.0,0.27967063
6983.0,6983.0,0.072076134
6984.0,6984.0,0.04236388
6985.0,6985.0,0.08755105
6986.0,6986.0,0.5858707
6987.0,6987.0,0.13441724
6988.0,6988.0,0.00486153
6989.0,6989.0,2.529664E-4
6990.0,6990.0,0.9995064
6991.0,6991.0,0.1735431
6992.0,6992.0,0.0038675992
6993.0,6993.0,0.1203743
6994.0,6994.0,1.1642919E-4
6995.0,6995.0,0.074331515
6996.0,6996.0,0.30225027
6997.0,6997.0,0.116837464
6998.0,6998.0,0.26549932
6999.0,6999.0,0.06303291
7000.0,7000.0,5.3976953E-4
7001.0,7001.0,0.7147623
7002.0,7002.0,0.07353918
7003.0,7003.0,0.022139799
7004.0,7004.0,9.43311E-4
7005.0,7005.0,0.5476279
7006.0,7006.0,0.12572265
7007.0,7007.0,0.1019984
7008.0,7008.0,0.0010793718
7009.0,7009.0,4.2499485E-4
7010.0,7010.0,7.024221E-6
7011.0,7011.0,0.27546707
7012.0,7012.0,0.101129256
7013.0,7013.0,0.1430138
7014.0,7014.0,0.17104827
7015.0,7015.0,0.13817582
7016.0,7016.0,0.08693818
7017.0,7017.0,0.0111566605
7018.0,7018.0,0.7531547
7019.0,7019.0,0.018712737
7020.0,7020.0,3.568246E-5
7021.0,7021.0,0.014669803
7022.0,7022.0,0.64718455
7023.0,7023.0,0.78788924
7024.0,7024.0,0.449185
7025.0,7025.0,0.015905013
7026.0,7026.0,0.117889464
7027.0,7027.0,1.5337279E-4
7028.0,7028.0,0.018035986
7029.0,7029.0,0.07675055
7030.0,7030.0,2.9713794E-6
7031.0,7031.0,0.043274138
7032.0,7032.0,0.071962856
7033.0,7033.0,0.033717904
7034.0,7034.0,0.0021732163
7035.0,7035.0,4.3986576E-5
7036.0,7036.0,0.018616162
7037.0,7037.0,0.20248389
7038.0,7038.0,0.1912693
7039.0,7039.0,0.0014194811
7040.0,7040.0,0.022279741
7041.0,7041.0,0.06802941
7042.0,7042.0,1.9886E-4
7043.0,7043.0,0.16653964
7044.0,7044.0,0.0218605
7045.0,7045.0,0.0013341282
7046.0,7046.0,0.022939214
7047.0,7047.0,0.0030247858
7048.0,7048.0,0.19369934
7049.0,7049.0,0.27536774
7050.0,7050.0,0.11701632
7051.0,7051.0,0.07818021
7052.0,7052.0,1.3398562E-4
7053.0,7053.0,1.9542214E-5
7054.0,7054.0,0.17280066
7055.0,7055.0,0.08626557
7056.0,7056.0,0.0013832178
7057.0,7057.0,0.11108171
7058.0,7058.0,0.075315066
7059.0,7059.0,6.9275557E-4
7060.0,7060.0,0.078497276
7061.0,7061.0,0.19244109
7062.0,7062.0,0.059437998
7063.0,7063.0,0.72783
7064.0,7064.0,5.537488E-7
7065.0,7065.0,0.4867273
7066.0,7066.0,0.0033561313
7067.0,7067.0,0.41576222
7068.0,7068.0,0.052596893
7069.0,7069.0,0.031144517
7070.0,7070.0,0.20773217
7071.0,7071.0,7.2445965E-4
7072.0,7072.0,2.8974357E-5
7073.0,7073.0,0.16271062
7074.0,7074.0,0.5136421
7075.0,7075.0,2.3184261E-4
7076.0,7076.0,0.10391103
7077.0,7077.0,0.0033639916
7078.0,7078.0,0.18173379
7079.0,7079.0,0.3009914
7080.0,7080.0,0.24411337
7081.0,7081.0,0.004971164
7082.0,7082.0,0.0026485266
7083.0,7083.0,0.24043725
7084.0,7084.0,0.029914388
7085.0,7085.0,0.073877625
7086.0,7086.0,0.13041845
7087.0,7087.0,3.638915E-6
7088.0,7088.0,1.6733004E-4
7089.0,7089.0,0.0010081518
7090.0,7090.0,0.001469434
7091.0,7091.0,0.97456443
7092.0,7092.0,0.56067234
7093.0,7093.0,0.18949254
7094.0,7094.0,0.5571616
7095.0,7095.0,0.28947544
7096.0,7096.0,5.896798E-6
7097.0,7097.0,0.18466562
7098.0,7098.0,6.313584E-6
7099.0,7099.0,0.07761324
7100.0,7100.0,0.30362153
7101.0,7101.0,0.024089506
7102.0,7102.0,0.0041294475
7103.0,7103.0,0.028884409
7104.0,7104.0,0.12238643
7105.0,7105.0,6.3958236E-5
7106.0,7106.0,0.012405206
7107.0,7107.0,0.047007795
7108.0,7108.0,0.22430879
7109.0,7109.0,0.01088132
7110.0,7110.0,0.08565097
7111.0,7111.0,0.19020571
7112.0,7112.0,0.15501264
7113.0,7113.0,0.3194465
7114.0,7114.0,0.0030970627
7115.0,7115.0,0.22739433
7116.0,7116.0,0.018308684
7117.0,7117.0,0.0056230966
7118.0,7118.0,0.24862109
7119.0,7119.0,0.12962632
7120.0,7120.0,0.26338872
7121.0,7121.0,0.19556269
7122.0,7122.0,0.0032699504
7123.0,7123.0,0.12253304
7124.0,7124.0,0.1976368
7125.0,7125.0,0.17388527
7126.0,7126.0,0.17545222
7127.0,7127.0,0.1970056
7128.0,7128.0,0.19732453
7129.0,7129.0,0.2658949
7130.0,7130.0,0.05385009
7131.0,7131.0,2.6900027E-4
7132.0,7132.0,0.12616925
7133.0,7133.0,6.388842E-4
7134.0,7134.0,0.047724497
7135.0,7135.0,0.056093667
7136.0,7136.0,0.11309055
7137.0,7137.0,0.43816373
7138.0,7138.0,6.950734E-7
7139.0,7139.0,0.1846409
7140.0,7140.0,0.1553777
7141.0,7141.0,0.321022
7142.0,7142.0,0.07043406
7143.0,7143.0,0.29442742
7144.0,7144.0,0.03560844
7145.0,7145.0,0.012970429
7146.0,7146.0,0.27830324
7147.0,7147.0,0.17852244
7148.0,7148.0,0.13221888
7149.0,7149.0,0.15964508
7150.0,7150.0,0.09454712
7151.0,7151.0,0.16062973
7152.0,7152.0,0.22520177
7153.0,7153.0,0.020503037
7154.0,7154.0,0.43326485
7155.0,7155.0,0.96166074
7156.0,7156.0,0.045540154
7157.0,7157.0,0.13055763
7158.0,7158.0,0.059759587
7159.0,7159.0,0.14779726
7160.0,7160.0,0.13183606
7161.0,7161.0,0.37177008
7162.0,7162.0,0.19468074
7163.0,7163.0,0.073931865
7164.0,7164.0,0.12984964
7165.0,7165.0,0.23861189
7166.0,7166.0,0.9620155
7167.0,7167.0,0.010595042
7168.0,7168.0,0.9658155
7169.0,7169.0,0.4920331
7170.0,7170.0,0.34032655
7171.0,7171.0,0.160276
7172.0,7172.0,0.12910269
7173.0,7173.0,0.21989171
7174.0,7174.0,0.16398318
7175.0,7175.0,0.17922531
7176.0,7176.0,0.27668273
7177.0,7177.0,0.12380857
7178.0,7178.0,2.1961372E-4
7179.0,7179.0,0.013500296
7180.0,7180.0,0.14939876
7181.0,7181.0,0.62303215
7182.0,7182.0,0.14664869
7183.0,7183.0,0.74958557
7184.0,7184.0,0.0017477868
7185.0,7185.0,0.43524754
7186.0,7186.0,0.0086807255
7187.0,7187.0,3.9845513E-4
7188.0,7188.0,0.32825035
7189.0,7189.0,0.06747042
7190.0,7190.0,0.06450349
7191.0,7191.0,0.08787551
7192.0,7192.0,0.10411893
7193.0,7193.0,0.017546505
7194.0,7194.0,0.6074995
7195.0,7195.0,0.0831823
7196.0,7196.0,0.14456601
7197.0,7197.0,0.07733268
7198.0,7198.0,0.29743013
7199.0,7199.0,0.0420232
7200.0,7200.0,2.6101092E-5
7201.0,7201.0,0.32367522
7202.0,7202.0,1.961021E-5
7203.0,7203.0,0.24338342
7204.0,7204.0,0.008939196
7205.0,7205.0,0.015331443
7206.0,7206.0,0.1901268
7207.0,7207.0,1.2861523E-6
7208.0,7208.0,0.19304979
7209.0,7209.0,0.111869246
7210.0,7210.0,0.2170196
7211.0,7211.0,0.53448623
7212.0,7212.0,0.11691449
7213.0,7213.0,0.09554842
7214.0,7214.0,0.24878235
7215.0,7215.0,6.0960423E-7
7216.0,7216.0,9.6026895E-5
7217.0,7217.0,0.21062247
7218.0,7218.0,0.2141673
7219.0,7219.0,0.15515052
7220.0,7220.0,0.12435476
7221.0,7221.0,5.829144E-4
7222.0,7222.0,0.19257829
7223.0,7223.0,1.5792757E-5
7224.0,7224.0,0.15673241
7225.0,7225.0,0.43101686
7226.0,7226.0,0.074793085
7227.0,7227.0,0.76823413
7228.0,7228.0,0.20676959
7229.0,7229.0,7.0001354E-4
7230.0,7230.0,0.35495174
7231.0,7231.0,0.3554009
7232.0,7232.0,0.2525251
7233.0,7233.0,0.120529465
7234.0,7234.0,0.68322664
7235.0,7235.0,0.120471105
7236.0,7236.0,0.070848316
7237.0,7237.0,1.0987795E-4
7238.0,7238.0,0.02112155
7239.0,7239.0,7.561826E-7
7240.0,7240.0,0.007571661
7241.0,7241.0,3.0018073E-5
7242.0,7242.0,0.21343033
7243.0,7243.0,0.05164974
7244.0,7244.0,0.03118835
7245.0,7245.0,0.14824723
7246.0,7246.0,0.6046675
7247.0,7247.0,1.0602756E-5
7248.0,7248.0,0.038941283
7249.0,7249.0,0.12233754
7250.0,7250.0,1.1212633E-5
7251.0,7251.0,1.496944E-5
7252.0,7252.0,0.43308285
7253.0,7253.0,0.20400338
7254.0,7254.0,0.81857383
7255.0,7255.0,2.1871414E-5
7256.0,7256.0,0.29304084
7257.0,7257.0,0.09396806
7258.0,7258.0,0.013207007
7259.0,7259.0,0.0024040088
7260.0,7260.0,0.21541768
7261.0,7261.0,3.735355E-5
7262.0,7262.0,0.6866257
7263.0,7263.0,0.46794444
7264.0,7264.0,0.1283194
7265.0,7265.0,0.15425664
7266.0,7266.0,0.024264447
7267.0,7267.0,0.0029467882
7268.0,7268.0,0.10769903
7269.0,7269.0,0.19016702
7270.0,7270.0,0.012845531
7271.0,7271.0,0.1369239
7272.0,7272.0,0.21664374
7273.0,7273.0,0.006048511
7274.0,7274.0,0.035601165
7275.0,7275.0,0.27353543
7276.0,7276.0,0.108531624
7277.0,7277.0,0.8187171
7278.0,7278.0,1.8049976E-5
7279.0,7279.0,3.943437E-4
7280.0,7280.0,0.23480019
7281.0,7281.0,1.8294048E-4
7282.0,7282.0,0.115754284
7283.0,7283.0,0.20621721
7284.0,7284.0,0.26492026
7285.0,7285.0,6.732983E-6
7286.0,7286.0,0.2747023
7287.0,7287.0,3.5142218E-6
7288.0,7288.0,2.7076746E-6
7289.0,7289.0,0.040078096
7290.0,7290.0,0.07420371
7291.0,7291.0,0.12554422
7292.0,7292.0,0.26848283
7293.0,7293.0,0.06782666
7294.0,7294.0,0.017498028
7295.0,7295.0,0.1521765
7296.0,7296.0,7.3981205E-6
7297.0,7297.0,0.18286373
7298.0,7298.0,0.2821737
7299.0,7299.0,0.0012255026
7300.0,7300.0,5.8484664E-5
7301.0,7301.0,0.061565068
7302.0,7302.0,0.002141179
7303.0,7303.0,0.06655993
7304.0,7304.0,0.034142092
7305.0,7305.0,0.002562024
7306.0,7306.0,5.54778E-4
7307.0,7307.0,0.10361226
7308.0,7308.0,0.047289137
7309.0,7309.0,0.12491431
7310.0,7310.0,0.4656904
7311.0,7311.0,0.0051683527
7312.0,7312.0,0.3438876
7313.0,7313.0,0.039298117
7314.0,7314.0,0.09927082
7315.0,7315.0,0.667599
7316.0,7316.0,0.22224222
7317.0,7317.0,7.733764E-6
7318.0,7318.0,6.90643E-4
7319.0,7319.0,0.021578163
7320.0,7320.0,4.2816796E-4
7321.0,7321.0,0.11593143
7322.0,7322.0,0.1767918
7323.0,7323.0,3.9759765E-5
7324.0,7324.0,3.6001034E-4
7325.0,7325.0,0.6463262
7326.0,7326.0,0.7791599
7327.0,7327.0,0.2990118
7328.0,7328.0,0.17962322
7329.0,7329.0,0.45693898
7330.0,7330.0,0.67658985
7331.0,7331.0,0.21911031
7332.0,7332.0,0.313349
7333.0,7333.0,0.42526895
7334.0,7334.0,0.1319617
7335.0,7335.0,0.29393455
7336.0,7336.0,0.09935124
7337.0,7337.0,0.21052612
7338.0,7338.0,0.09968753
7339.0,7339.0,0.0017883417
7340.0,7340.0,0.08466535
7341.0,7341.0,0.05676958
7342.0,7342.0,0.001458801
7343.0,7343.0,0.43262625
7344.0,7344.0,0.001009455
7345.0,7345.0,2.9017692E-4
7346.0,7346.0,0.20151897
7347.0,7347.0,3.535677E-5
7348.0,7348.0,0.19146371
7349.0,7349.0,0.029502235
7350.0,7350.0,0.03332608
7351.0,7351.0,1.5475585E-5
7352.0,7352.0,3.0600615E-5
7353.0,7353.0,0.19722182
7354.0,7354.0,0.18844685
7355.0,7355.0,0.108098835
7356.0,7356.0,0.1734788
7357.0,7357.0,0.15731366
7358.0,7358.0,0.19952944
7359.0,7359.0,0.07856689
7360.0,7360.0,0.33613464
7361.0,7361.0,0.0018683001
7362.0,7362.0,0.056845658
7363.0,7363.0,0.005548542
7364.0,7364.0,0.35197216
7365.0,7365.0,0.42618176
7366.0,7366.0,0.07541769
7367.0,7367.0,0.8203619
7368.0,7368.0,0.07723372
7369.0,7369.0,0.9998342
7370.0,7370.0,0.040830422
7371.0,7371.0,0.2586844
7372.0,7372.0,5.896147E-4
7373.0,7373.0,4.0392685E-4
7374.0,7374.0,0.061431006
7375.0,7375.0,9.5978676E-4
7376.0,7376.0,0.16071099
7377.0,7377.0,0.22749104
7378.0,7378.0,0.1004833
7379.0,7379.0,0.18552761
7380.0,7380.0,0.042984337
7381.0,7381.0,0.0029948333
7382.0,7382.0,5.1051925E-6
7383.0,7383.0,0.027243797
7384.0,7384.0,0.06934758
7385.0,7385.0,0.016303284
7386.0,7386.0,0.31724823
7387.0,7387.0,0.8804981
7388.0,7388.0,0.16184959
7389.0,7389.0,0.036196798
7390.0,7390.0,0.0011127765
7391.0,7391.0,2.2565084E-5
7392.0,7392.0,0.006526737
7393.0,7393.0,0.09269426
7394.0,7394.0,0.18248023
7395.0,7395.0,0.18248418
7396.0,7396.0,0.022779197
7397.0,7397.0,0.16960058
7398.0,7398.0,0.12248059
7399.0,7399.0,0.35113013
7400.0,7400.0,0.30136487
7401.0,7401.0,0.2654
7402.0,7402.0,0.97064966
7403.0,7403.0,0.04136985
7404.0,7404.0,0.025580706
7405.0,7405.0,0.13874029
7406.0,7406.0,0.25980756
7407.0,7407.0,0.14512455
7408.0,7408.0,0.06363546
7409.0,7409.0,5.5707453E-5
7410.0,7410.0,0.08855405
7411.0,7411.0,0.14401227
7412.0,7412.0,0.40202242
7413.0,7413.0,0.20332545
7414.0,7414.0,0.0015507409
7415.0,7415.0,0.16889183
7416.0,7416.0,0.3833519
7417.0,7417.0,0.07751533
7418.0,7418.0,0.057852272
7419.0,7419.0,0.4521581
7420.0,7420.0,0.37133935
7421.0,7421.0,0.05094928
7422.0,7422.0,0.12924907
7423.0,7423.0,0.060119055
7424.0,7424.0,0.30913797
7425.0,7425.0,0.16374974
7426.0,7426.0,0.26443964
7427.0,7427.0,0.051216353
7428.0,7428.0,0.783143
7429.0,7429.0,3.6938167E-5
7430.0,7430.0,1.1574635E-5
7431.0,7431.0,0.21048753
7432.0,7432.0,4.4595494E-5
7433.0,7433.0,0.16516867
7434.0,7434.0,0.18325628
7435.0,7435.0,0.17502911
7436.0,7436.0,0.060439277
7437.0,7437.0,0.08421822
7438.0,7438.0,0.15304518
7439.0,7439.0,6.171744E-7
7440.0,7440.0,0.66517305
7441.0,7441.0,5.678384E-7
7442.0,7442.0,0.18473388
7443.0,7443.0,0.8362764
7444.0,7444.0,0.18849066
7445.0,7445.0,6.095929E-4
7446.0,7446.0,0.26289973
7447.0,7447.0,0.08010015
7448.0,7448.0,0.22165278
7449.0,7449.0,0.21814664
7450.0,7450.0,0.023628218
7451.0,7451.0,0.23672266
7452.0,7452.0,0.4034161
7453.0,7453.0,8.833614E-6
7454.0,7454.0,5.6488946E-4
7455.0,7455.0,0.19652838
7456.0,7456.0,1.0356756E-4
7457.0,7457.0,0.0052601867
7458.0,7458.0,0.02320962
7459.0,7459.0,0.064834274
7460.0,7460.0,7.988443E-5
7461.0,7461.0,0.07340013
7462.0,7462.0,0.2035128
7463.0,7463.0,0.41160747
7464.0,7464.0,0.049401414
7465.0,7465.0,0.06118757
7466.0,7466.0,0.26964125
7467.0,7467.0,0.09189689
7468.0,7468.0,0.08342664
7469.0,7469.0,8.3197636E-4
7470.0,7470.0,0.11141022
7471.0,7471.0,0.0038921065
7472.0,7472.0,0.09768638
7473.0,7473.0,0.89229244
7474.0,7474.0,0.06557228
7475.0,7475.0,0.248715
7476.0,7476.0,0.15265146
7477.0,7477.0,4.154315E-4
7478.0,7478.0,8.529812E-4
7479.0,7479.0,0.9691586
7480.0,7480.0,0.70580447
7481.0,7481.0,0.004471435
7482.0,7482.0,0.27548864
7483.0,7483.0,0.47736132
7484.0,7484.0,0.00350038
7485.0,7485.0,4.624761E-4
7486.0,7486.0,0.025598014
7487.0,7487.0,0.03230664
7488.0,7488.0,8.726799E-4
7489.0,7489.0,0.24273613
7490.0,7490.0,0.041452967
7491.0,7491.0,0.0027438402
7492.0,7492.0,0.18376714
7493.0,7493.0,0.23116551
7494.0,7494.0,0.017789353
7495.0,7495.0,0.23402487
7496.0,7496.0,0.17535545
7497.0,7497.0,0.14467396
7498.0,7498.0,0.0031907784
7499.0,7499.0,3.3395296E-5
7500.0,7500.0,0.036238313
7501.0,7501.0,0.4946039
7502.0,7502.0,8.04042E-6
7503.0,7503.0,0.07148804
7504.0,7504.0,0.24849205
7505.0,7505.0,4.5263027E-6
7506.0,7506.0,0.02024231
7507.0,7507.0,0.04257585
7508.0,7508.0,6.6497014E-5
7509.0,7509.0,6.511588E-5
7510.0,7510.0,0.27323264
7511.0,7511.0,8.276433E-6
7512.0,7512.0,0.0073738373
7513.0,7513.0,0.31304255
7514.0,7514.0,0.039685935
7515.0,7515.0,9.663792E-6
7516.0,7516.0,0.23394339
7517.0,7517.0,0.19917396
7518.0,7518.0,0.11384411
7519.0,7519.0,5.106266E-4
7520.0,7520.0,0.019461047
7521.0,7521.0,0.026858596
7522.0,7522.0,0.2531655
7523.0,7523.0,0.031857423
7524.0,7524.0,0.051845502
7525.0,7525.0,0.004983482
7526.0,7526.0,1.2461733E-5
7527.0,7527.0,0.003128257
7528.0,7528.0,0.083911255
7529.0,7529.0,3.6262093E-6
7530.0,7530.0,3.1942876E-5
7531.0,7531.0,0.64876914
7532.0,7532.0,0.10162474
7533.0,7533.0,1.1631432E-5
7534.0,7534.0,0.14518882
7535.0,7535.0,0.09304991
7536.0,7536.0,0.039997086
7537.0,7537.0,0.3658998
7538.0,7538.0,0.037537463
7539.0,7539.0,0.0021901568
7540.0,7540.0,0.07909869
7541.0,7541.0,0.0034321612
7542.0,7542.0,0.2020958
7543.0,7543.0,0.09443134
7544.0,7544.0,0.97648853
7545.0,7545.0,0.21088216
7546.0,7546.0,6.0345716E-4
7547.0,7547.0,0.113573715
7548.0,7548.0,0.13691723
7549.0,7549.0,0.26958114
7550.0,7550.0,4.495012E-5
7551.0,7551.0,0.07845732
7552.0,7552.0,0.0065391636
7553.0,7553.0,0.008477072
7554.0,7554.0,0.32231095
7555.0,7555.0,8.361691E-6
7556.0,7556.0,8.289939E-4
7557.0,7557.0,9.895645E-6
7558.0,7558.0,0.47984558
7559.0,7559.0,0.09142364
7560.0,7560.0,0.17976068
7561.0,7561.0,0.12655403
7562.0,7562.0,0.24226686
7563.0,7563.0,0.26202053
7564.0,7564.0,0.42522815
7565.0,7565.0,0.005758894
7566.0,7566.0,4.1217988E-4
7567.0,7567.0,0.254908
7568.0,7568.0,0.010309155
7569.0,7569.0,0.040807012
7570.0,7570.0,0.02271157
7571.0,7571.0,0.115822434
7572.0,7572.0,0.08027357
7573.0,7573.0,0.29323474
7574.0,7574.0,0.02968761
7575.0,7575.0,0.18747555
7576.0,7576.0,0.0028033045
7577.0,7577.0,0.1641112
7578.0,7578.0,0.010646002
7579.0,7579.0,0.1332831
7580.0,7580.0,1.2780539E-5
7581.0,7581.0,0.0058420585
7582.0,7582.0,0.0024301114
7583.0,7583.0,0.33185664
7584.0,7584.0,0.0028332458
7585.0,7585.0,0.11884247
7586.0,7586.0,0.44171554
7587.0,7587.0,0.14039992
7588.0,7588.0,0.0052190535
7589.0,7589.0,0.15347636
7590.0,7590.0,0.23843215
7591.0,7591.0,0.29688755
7592.0,7592.0,0.12718318
7593.0,7593.0,0.50523317
7594.0,7594.0,0.16714232
7595.0,7595.0,0.066763654
7596.0,7596.0,5.731374E-4
7597.0,7597.0,0.30765334
7598.0,7598.0,0.030270724
7599.0,7599.0,0.9538112
7600.0,7600.0,0.07869906
7601.0,7601.0,0.55180025
7602.0,7602.0,0.062840305
7603.0,7603.0,0.35344058
7604.0,7604.0,0.13744503
7605.0,7605.0,0.0929832
7606.0,7606.0,0.34421104
7607.0,7607.0,0.01061466
7608.0,7608.0,0.3766157
7609.0,7609.0,0.36374384
7610.0,7610.0,5.016406E-4
7611.0,7611.0,0.15365945
7612.0,7612.0,1.688091E-5
7613.0,7613.0,0.04225817
7614.0,7614.0,0.0033857299
7615.0,7615.0,0.0047507365
7616.0,7616.0,0.06428295
7617.0,7617.0,0.21680538
7618.0,7618.0,1.0653616E-5
7619.0,7619.0,8.333991E-4
7620.0,7620.0,0.11180019
7621.0,7621.0,0.0010019154
7622.0,7622.0,0.18991256
7623.0,7623.0,0.025232648
7624.0,7624.0,0.14293297
7625.0,7625.0,8.575902E-5
7626.0,7626.0,0.28278673
7627.0,7627.0,0.049970075
7628.0,7628.0,8.264039E-6
7629.0,7629.0,0.26963538
7630.0,7630.0,0.033317853
7631.0,7631.0,0.09815953
7632.0,7632.0,0.14761224
7633.0,7633.0,0.0014365223
7634.0,7634.0,9.734479E-4
7635.0,7635.0,0.0770268
7636.0,7636.0,0.018146763
7637.0,7637.0,0.09179637
7638.0,7638.0,7.0908914E-7
7639.0,7639.0,1.1130215E-4
7640.0,7640.0,0.01737839
7641.0,7641.0,0.1581103
7642.0,7642.0,0.25135067
7643.0,7643.0,0.14961681
7644.0,7644.0,0.588889
7645.0,7645.0,0.0085001
7646.0,7646.0,0.16485697
7647.0,7647.0,0.53654927
7648.0,7648.0,0.13118646
7649.0,7649.0,6.8031004E-5
7650.0,7650.0,0.2294396
7651.0,7651.0,0.07022993
7652.0,7652.0,0.13276881
7653.0,7653.0,0.121600494
7654.0,7654.0,0.004504477
7655.0,7655.0,0.14828917
7656.0,7656.0,0.19439478
7657.0,7657.0,0.2231765
7658.0,7658.0,0.13377716
7659.0,7659.0,0.023636471
7660.0,7660.0,0.23869804
7661.0,7661.0,0.24714318
7662.0,7662.0,0.15250145
7663.0,7663.0,0.24872547
7664.0,7664.0,0.058211472
7665.0,7665.0,0.63578343
7666.0,7666.0,0.17371736
7667.0,7667.0,3.0552316E-4
7668.0,7668.0,0.102173485
7669.0,7669.0,0.001216366
7670.0,7670.0,6.5674627E-4
7671.0,7671.0,5.8114383E-4
7672.0,7672.0,3.9406983E-5
7673.0,7673.0,1.2294457E-6
7674.0,7674.0,0.2438589
7675.0,7675.0,6.707043E-5
7676.0,7676.0,0.49807727
7677.0,7677.0,0.28103837
7678.0,7678.0,0.2315532
7679.0,7679.0,0.21697757
7680.0,7680.0,0.3012355
7681.0,7681.0,0.058777727
7682.0,7682.0,0.36148107
7683.0,7683.0,0.0019235807
7684.0,7684.0,0.2397179
7685.0,7685.0,0.45788333
7686.0,7686.0,0.005951873
7687.0,7687.0,0.0906602
7688.0,7688.0,0.5100486
7689.0,7689.0,3.7108817E-5
7690.0,7690.0,0.4894897
7691.0,7691.0,0.14357096
7692.0,7692.0,0.063830286
7693.0,7693.0,0.77580875
7694.0,7694.0,4.8442275E-6
7695.0,7695.0,0.23160353
7696.0,7696.0,0.120250486
7697.0,7697.0,5.447134E-4
7698.0,7698.0,0.25435504
7699.0,7699.0,0.047367025
7700.0,7700.0,3.9205406E-6
7701.0,7701.0,0.15778518
7702.0,7702.0,0.123776585
7703.0,7703.0,2.0046495E-5
7704.0,7704.0,0.07817408
7705.0,7705.0,0.08783238
7706.0,7706.0,0.0040191985
7707.0,7707.0,0.042938013
7708.0,7708.0,0.1583554
7709.0,7709.0,0.0034874342
7710.0,7710.0,3.0107069E-5
7711.0,7711.0,0.09517625
7712.0,7712.0,0.23538376
7713.0,7713.0,0.27573577
7714.0,7714.0,0.0054004802
7715.0,7715.0,0.004205855
7716.0,7716.0,0.17923151
7717.0,7717.0,0.17032784
7718.0,7718.0,2.9858522E-5
7719.0,7719.0,0.06054247
7720.0,7720.0,0.16117208
7721.0,7721.0,0.035634164
7722.0,7722.0,0.20719105
7723.0,7723.0,0.16614273
7724.0,7724.0,0.26030523
7725.0,7725.0,0.17040816
7726.0,7726.0,3.1175323E-6
7727.0,7727.0,0.013404362
7728.0,7728.0,0.17733052
7729.0,7729.0,0.105638064
7730.0,7730.0,0.0017975636
7731.0,7731.0,0.7570341
7732.0,7732.0,0.017396111
7733.0,7733.0,9.1852735E-6
7734.0,7734.0,0.99999964
7735.0,7735.0,0.08629245
7736.0,7736.0,1.2259542E-4
7737.0,7737.0,3.1514275E-5
7738.0,7738.0,0.0021600549
7739.0,7739.0,0.24222146
7740.0,7740.0,0.06984083
7741.0,7741.0,0.29154608
7742.0,7742.0,0.35178408
7743.0,7743.0,0.29362175
7744.0,7744.0,0.11965303
7745.0,7745.0,0.2984359
7746.0,7746.0,0.53585505
7747.0,7747.0,0.016097547
7748.0,7748.0,0.008716565
7749.0,7749.0,0.23231831
7750.0,7750.0,0.0018953881
7751.0,7751.0,0.4767274
7752.0,7752.0,5.3112963E-6
7753.0,7753.0,0.06769998
7754.0,7754.0,0.12561585
7755.0,7755.0,8.337487E-6
7756.0,7756.0,6.887268E-5
7757.0,7757.0,0.1687285
7758.0,7758.0,0.36824468
7759.0,7759.0,0.0030815112
7760.0,7760.0,0.12798578
7761.0,7761.0,0.074003376
7762.0,7762.0,0.39934033
7763.0,7763.0,9.320182E-4
7764.0,7764.0,0.13359746
7765.0,7765.0,0.14718889
7766.0,7766.0,0.28512853
7767.0,7767.0,0.058053527
7768.0,7768.0,0.08591066
7769.0,7769.0,5.56092E-6
7770.0,7770.0,0.019209508
7771.0,7771.0,0.015327961
7772.0,7772.0,0.09893211
7773.0,7773.0,0.24870184
7774.0,7774.0,0.0054413234
7775.0,7775.0,0.0010381369
7776.0,7776.0,0.0027110525
7777.0,7777.0,0.035483945
7778.0,7778.0,0.25743997
7779.0,7779.0,0.2616217
7780.0,7780.0,0.11837792
7781.0,7781.0,0.006219374
7782.0,7782.0,9.813216E-7
7783.0,7783.0,0.15319976
7784.0,7784.0,0.11616476
7785.0,7785.0,0.8361768
7786.0,7786.0,1.4204595E-5
7787.0,7787.0,0.0028100812
7788.0,7788.0,0.08776444
7789.0,7789.0,0.5045373
7790.0,7790.0,6.2084137E-6
7791.0,7791.0,0.2701212
7792.0,7792.0,0.102810346
7793.0,7793.0,0.003960214
7794.0,7794.0,0.23818287
7795.0,7795.0,0.25442582
7796.0,7796.0,0.10884039
7797.0,7797.0,0.16271098
7798.0,7798.0,0.04031411
7799.0,7799.0,0.043558687
7800.0,7800.0,0.052214634
7801.0,7801.0,0.09059932
7802.0,7802.0,0.032360602
7803.0,7803.0,9.448181E-6
7804.0,7804.0,1.1599566E-4
7805.0,7805.0,0.13477348
7806.0,7806.0,0.120659076
7807.0,7807.0,0.1357322
7808.0,7808.0,0.29753843
7809.0,7809.0,0.3093199
7810.0,7810.0,0.056375314
7811.0,7811.0,0.28531
7812.0,7812.0,6.443097E-6
7813.0,7813.0,0.16928926
7814.0,7814.0,0.05105438
7815.0,7815.0,0.05741796
7816.0,7816.0,0.35533506
7817.0,7817.0,1.8983064E-5
7818.0,7818.0,0.0019194921
7819.0,7819.0,0.18941313
7820.0,7820.0,0.40153354
7821.0,7821.0,0.10138756
7822.0,7822.0,0.18382767
7823.0,7823.0,0.23051459
7824.0,7824.0,0.4123718
7825.0,7825.0,1.4876098E-5
7826.0,7826.0,0.24498431
7827.0,7827.0,1.7794284E-5
7828.0,7828.0,0.20986275
7829.0,7829.0,0.2179624
7830.0,7830.0,0.2219573
7831.0,7831.0,0.56239563
7832.0,7832.0,0.09400199
7833.0,7833.0,0.17377134
7834.0,7834.0,9.999901E-6
7835.0,7835.0,0.07339086
7836.0,7836.0,0.07422925
7837.0,7837.0,0.024483437
7838.0,7838.0,0.30073005
7839.0,7839.0,0.22264874
7840.0,7840.0,0.14622125
7841.0,7841.0,0.07378198
7842.0,7842.0,2.577761E-6
7843.0,7843.0,0.1550352
7844.0,7844.0,0.052227918
7845.0,7845.0,0.06783348
7846.0,7846.0,0.0034062483
7847.0,7847.0,0.16177495
7848.0,7848.0,0.56692046
7849.0,7849.0,0.09736551
7850.0,7850.0,0.5655118
7851.0,7851.0,0.16368072
7852.0,7852.0,0.066141665
7853.0,7853.0,0.18475641
7854.0,7854.0,0.4374511
7855.0,7855.0,0.3267644
7856.0,7856.0,0.039216213
7857.0,7857.0,0.08323738
7858.0,7858.0,0.029075198
7859.0,7859.0,0.0029580817
7860.0,7860.0,0.009989343
7861.0,7861.0,0.3976937
7862.0,7862.0,0.757555
7863.0,7863.0,0.14651574
7864.0,7864.0,0.0048824553
7865.0,7865.0,0.0021443926
7866.0,7866.0,0.0042085587
7867.0,7867.0,0.10979431
7868.0,7868.0,9.575762E-6
7869.0,7869.0,0.054364603
7870.0,7870.0,0.23669541
7871.0,7871.0,0.0075058844
7872.0,7872.0,4.363538E-5
7873.0,7873.0,2.1461947E-5
7874.0,7874.0,0.04274648
7875.0,7875.0,0.21948387
7876.0,7876.0,0.10063436
7877.0,7877.0,0.04864675
7878.0,7878.0,0.02805007
7879.0,7879.0,0.44114563
7880.0,7880.0,0.27092984
7881.0,7881.0,0.39129928
7882.0,7882.0,0.035727836
7883.0,7883.0,5.1851355E-4
7884.0,7884.0,0.0021379108
7885.0,7885.0,9.180812E-7
7886.0,7886.0,7.2344835E-4
7887.0,7887.0,0.07760826
7888.0,7888.0,0.12547284
7889.0,7889.0,4.2487905E-4
7890.0,7890.0,0.0016974737
7891.0,7891.0,0.088402085
7892.0,7892.0,0.39612737
7893.0,7893.0,0.048133574
7894.0,7894.0,5.568428E-4
7895.0,7895.0,0.08960116
7896.0,7896.0,4.1907904E-4
7897.0,7897.0,0.045389645
7898.0,7898.0,0.0012772293
7899.0,7899.0,0.21262844
7900.0,7900.0,3.306536E-4
7901.0,7901.0,0.15652661
7902.0,7902.0,0.14975971
7903.0,7903.0,0.15340233
7904.0,7904.0,0.5794905
7905.0,7905.0,0.063431524
7906.0,7906.0,1.8809924E-5
7907.0,7907.0,0.5253972
7908.0,7908.0,0.4337309
7909.0,7909.0,0.099374026
7910.0,7910.0,0.24336512
7911.0,7911.0,0.14014441
7912.0,7912.0,0.02682477
7913.0,7913.0,0.15776487
7914.0,7914.0,0.32952887
7915.0,7915.0,0.08183674
7916.0,7916.0,0.23825464
7917.0,7917.0,0.013307073
7918.0,7918.0,0.5170251
7919.0,7919.0,0.0798106
7920.0,7920.0,0.1352925
7921.0,7921.0,0.08762195
7922.0,7922.0,0.25098562
7923.0,7923.0,0.37084228
7924.0,7924.0,0.070120744
7925.0,7925.0,1.1860456E-5
7926.0,7926.0,2.9604728E-4
7927.0,7927.0,0.18400975
7928.0,7928.0,0.20606986
7929.0,7929.0,0.14346898
7930.0,7930.0,0.15364024
7931.0,7931.0,0.01022693
7932.0,7932.0,0.020378962
7933.0,7933.0,0.07866495
7934.0,7934.0,0.072712906
7935.0,7935.0,0.0036704165
7936.0,7936.0,0.15591522
7937.0,7937.0,0.15997607
7938.0,7938.0,0.16302174
7939.0,7939.0,0.20144013
7940.0,7940.0,0.23258068
7941.0,7941.0,0.008152847
7942.0,7942.0,0.24434479
7943.0,7943.0,0.14907946
7944.0,7944.0,0.40232885
7945.0,7945.0,6.003942E-4
7946.0,7946.0,7.2916213E-4
7947.0,7947.0,0.28192124
7948.0,7948.0,8.6138325E-6
7949.0,7949.0,1.5594455E-4
7950.0,7950.0,0.14049006
7951.0,7951.0,0.042176183
7952.0,7952.0,0.014774768
7953.0,7953.0,0.02182572
7954.0,7954.0,0.14253086
7955.0,7955.0,0.040669627
7956.0,7956.0,0.091475785
7957.0,7957.0,0.10055514
7958.0,7958.0,0.5801593
7959.0,7959.0,0.23721075
7960.0,7960.0,0.265611
7961.0,7961.0,0.03440242
7962.0,7962.0,0.0102517605
7963.0,7963.0,0.32219252
7964.0,7964.0,0.52022386
7965.0,7965.0,0.13904038
7966.0,7966.0,8.475374E-5
7967.0,7967.0,0.22778171
7968.0,7968.0,0.01210949
7969.0,7969.0,0.0027162668
7970.0,7970.0,0.20109378
7971.0,7971.0,0.4100665
7972.0,7972.0,0.11721057
7973.0,7973.0,5.13123E-4
7974.0,7974.0,0.027286896
7975.0,7975.0,0.27411827
7976.0,7976.0,9.73208E-5
7977.0,7977.0,0.19022326
7978.0,7978.0,0.293138
7979.0,7979.0,0.0015618117
7980.0,7980.0,0.18453138
7981.0,7981.0,0.05832673
7982.0,7982.0,0.20104653
7983.0,7983.0,0.017065596
7984.0,7984.0,0.09104331
7985.0,7985.0,0.24655135
7986.0,7986.0,2.9826522E-5
7987.0,7987.0,0.12258886
7988.0,7988.0,0.51319206
7989.0,7989.0,0.06532835
7990.0,7990.0,0.27006593
7991.0,7991.0,3.0624713E-5
7992.0,7992.0,5.0067E-6
7993.0,7993.0,6.6652494E-5
7994.0,7994.0,0.16635546
7995.0,7995.0,0.014435692
7996.0,7996.0,8.736979E-7
7997.0,7997.0,0.64303434
7998.0,7998.0,0.21786724
7999.0,7999.0,0.029545119
8000.0,8000.0,0.07898871
8001.0,8001.0,3.3540546E-5
8002.0,8002.0,0.05234767
8003.0,8003.0,0.10311113
8004.0,8004.0,0.21531568
8005.0,8005.0,0.41061065
8006.0,8006.0,4.7211657E-7
8007.0,8007.0,0.27129716
8008.0,8008.0,0.25710163
8009.0,8009.0,4.0427025E-5
8010.0,8010.0,0.12622195
8011.0,8011.0,0.12608388
8012.0,8012.0,0.16087322
8013.0,8013.0,4.448229E-6
8014.0,8014.0,0.2699443
8015.0,8015.0,0.26710048
8016.0,8016.0,0.43218765
8017.0,8017.0,3.4558002E-4
8018.0,8018.0,0.274084
8019.0,8019.0,0.16094154
8020.0,8020.0,0.101735055
8021.0,8021.0,0.10324441
8022.0,8022.0,0.7570657
8023.0,8023.0,6.8381387E-6
8024.0,8024.0,0.32637975
8025.0,8025.0,0.19078791
8026.0,8026.0,0.49706513
8027.0,8027.0,7.165999E-5
8028.0,8028.0,0.0843791
8029.0,8029.0,0.17350307
8030.0,8030.0,0.09358995
8031.0,8031.0,0.20604394
8032.0,8032.0,0.15142359
8033.0,8033.0,0.32165918
8034.0,8034.0,0.22375374
8035.0,8035.0,1.1933369E-5
8036.0,8036.0,0.06854988
8037.0,8037.0,0.5994512
8038.0,8038.0,0.15139006
8039.0,8039.0,0.0100610405
8040.0,8040.0,0.6947635
8041.0,8041.0,0.10661688
8042.0,8042.0,0.39422986
8043.0,8043.0,0.007821604
8044.0,8044.0,0.2843284
8045.0,8045.0,0.27366298
8046.0,8046.0,0.9999149
8047.0,8047.0,0.017835744
8048.0,8048.0,0.14320019
8049.0,8049.0,0.1564657
8050.0,8050.0,0.66386986
8051.0,8051.0,0.016768048
8052.0,8052.0,0.0088391295
8053.0,8053.0,0.080840245
8054.0,8054.0,0.13117732
8055.0,8055.0,0.8831219
8056.0,8056.0,4.932972E-4
8057.0,8057.0,0.073923685
8058.0,8058.0,0.7119824
8059.0,8059.0,0.07038662
8060.0,8060.0,0.02084828
8061.0,8061.0,0.13669388
8062.0,8062.0,0.019967386
8063.0,8063.0,0.0030887236
8064.0,8064.0,0.0086641265
8065.0,8065.0,0.8060278
8066.0,8066.0,4.4371654E-6
8067.0,8067.0,6.8495766E-4
8068.0,8068.0,0.019753829
8069.0,8069.0,0.12458448
8070.0,8070.0,4.8175143E-4
8071.0,8071.0,0.17301853
8072.0,8072.0,0.015656278
8073.0,8073.0,1.255713E-4
8074.0,8074.0,0.009316118
8075.0,8075.0,0.005455244
8076.0,8076.0,0.038567934
8077.0,8077.0,0.7287442
8078.0,8078.0,0.26374397
8079.0,8079.0,0.42936188
8080.0,8080.0,0.012922978
8081.0,8081.0,0.18730645
8082.0,8082.0,0.23414811
8083.0,8083.0,0.2428274
8084.0,8084.0,0.14530735
8085.0,8085.0,0.13303414
8086.0,8086.0,0.08807414
8087.0,8087.0,0.059001092
8088.0,8088.0,0.0012455396
8089.0,8089.0,0.16355872
8090.0,8090.0,0.22326176
8091.0,8091.0,1.4545977E-4
8092.0,8092.0,0.03358944
8093.0,8093.0,0.13623019
8094.0,8094.0,1.0536068E-6
8095.0,8095.0,0.0056939125
8096.0,8096.0,0.08413488
8097.0,8097.0,0.4152908
8098.0,8098.0,0.0028855072
8099.0,8099.0,6.923842E-4
8100.0,8100.0,0.015567313
8101.0,8101.0,0.18330872
8102.0,8102.0,0.015645511
8103.0,8103.0,0.40728852
8104.0,8104.0,0.4337676
8105.0,8105.0,0.5817527
8106.0,8106.0,0.22064213
8107.0,8107.0,0.0065314295
8108.0,8108.0,0.21246535
8109.0,8109.0,0.13033745
8110.0,8110.0,0.14802736
8111.0,8111.0,0.03323319
8112.0,8112.0,0.26908618
8113.0,8113.0,0.23546052
8114.0,8114.0,0.12951611
8115.0,8115.0,3.7174115E-5
8116.0,8116.0,0.13045985
8117.0,8117.0,0.24094996
8118.0,8118.0,0.051152732
8119.0,8119.0,0.040820446
8120.0,8120.0,0.0015437959
8121.0,8121.0,0.15270734
8122.0,8122.0,0.028051334
8123.0,8123.0,0.12475767
8124.0,8124.0,0.3063393
8125.0,8125.0,1.8257588E-5
8126.0,8126.0,0.14230943
8127.0,8127.0,0.70106167
8128.0,8128.0,0.1029782
8129.0,8129.0,1.4041303E-4
8130.0,8130.0,0.06652114
8131.0,8131.0,0.058568265
8132.0,8132.0,0.061029833
8133.0,8133.0,6.853125E-4
8134.0,8134.0,0.116908975
8135.0,8135.0,0.43515554
8136.0,8136.0,0.99257976
8137.0,8137.0,0.012398472
8138.0,8138.0,0.0051539117
8139.0,8139.0,6.004767E-4
8140.0,8140.0,0.0041854666
8141.0,8141.0,0.15015726
8142.0,8142.0,0.11983716
8143.0,8143.0,0.1592616
8144.0,8144.0,0.028550869
8145.0,8145.0,0.9971766
8146.0,8146.0,0.0013562405
8147.0,8147.0,3.0857453E-5
8148.0,8148.0,0.22772636
8149.0,8149.0,0.016133621
8150.0,8150.0,0.23110427
8151.0,8151.0,0.0034824493
8152.0,8152.0,0.237824
8153.0,8153.0,0.024288185
8154.0,8154.0,6.666549E-4
8155.0,8155.0,2.88446E-5
8156.0,8156.0,0.24688052
8157.0,8157.0,0.14434618
8158.0,8158.0,0.01597946
8159.0,8159.0,0.010140167
8160.0,8160.0,0.0035453835
8161.0,8161.0,6.6469096E-7
8162.0,8162.0,0.3632277
8163.0,8163.0,5.5416356E-5
8164.0,8164.0,0.17993982
8165.0,8165.0,0.17093295
8166.0,8166.0,0.62567884
8167.0,8167.0,0.012230781
8168.0,8168.0,0.008600959
8169.0,8169.0,0.28656012
8170.0,8170.0,7.084307E-4
8171.0,8171.0,6.8273506E-4
8172.0,8172.0,0.0031549335
8173.0,8173.0,0.024132954
8174.0,8174.0,0.41002065
8175.0,8175.0,0.006265814
8176.0,8176.0,3.650379E-4
8177.0,8177.0,0.28510776
8178.0,8178.0,0.10807674
8179.0,8179.0,0.68295354
8180.0,8180.0,6.1042056E-7
8181.0,8181.0,0.23110598
8182.0,8182.0,9.909772E-6
8183.0,8183.0,0.40957534
8184.0,8184.0,7.3381657E-6
8185.0,8185.0,5.8354603E-6
8186.0,8186.0,0.059936445
8187.0,8187.0,0.340984
8188.0,8188.0,0.088421345
8189.0,8189.0,0.09817169
8190.0,8190.0,0.5179685
8191.0,8191.0,0.1741581
8192.0,8192.0,0.17834547
8193.0,8193.0,0.042693567
8194.0,8194.0,0.04036485
8195.0,8195.0,0.033027723
8196.0,8196.0,0.1605189
8197.0,8197.0,2.0130985E-5
8198.0,8198.0,0.22260945
8199.0,8199.0,0.24011853
8200.0,8200.0,0.04825397
8201.0,8201.0,0.16592643
8202.0,8202.0,1.753877E-5
8203.0,8203.0,0.2867671
8204.0,8204.0,2.0902477E-4
8205.0,8205.0,0.5011743
8206.0,8206.0,0.26143524
8207.0,8207.0,5.4748765E-5
8208.0,8208.0,0.1457027
8209.0,8209.0,0.18211856
8210.0,8210.0,0.13586424
8211.0,8211.0,0.18580833
8212.0,8212.0,0.001128271
8213.0,8213.0,7.962901E-6
8214.0,8214.0,1.3975891E-4
8215.0,8215.0,0.11849722
8216.0,8216.0,0.23061784
8217.0,8217.0,0.40357158
8218.0,8218.0,0.14517972
8219.0,8219.0,5.8973725E-5
8220.0,8220.0,0.066431224
8221.0,8221.0,0.0058435826
8222.0,8222.0,0.403757
8223.0,8223.0,7.1729875E-7
8224.0,8224.0,0.1679171
8225.0,8225.0,0.18357539
8226.0,8226.0,7.168931E-4
8227.0,8227.0,1.3125621E-4
8228.0,8228.0,1.0033845E-5
8229.0,8229.0,0.19407019
8230.0,8230.0,0.44965068
8231.0,8231.0,0.0024703664
8232.0,8232.0,2.763186E-5
8233.0,8233.0,0.019053306
8234.0,8234.0,0.17952812
8235.0,8235.0,0.06312918
8236.0,8236.0,0.003312621
8237.0,8237.0,0.0056716045
8238.0,8238.0,0.036406517
8239.0,8239.0,0.19987082
8240.0,8240.0,0.039145134
8241.0,8241.0,0.2725853
8242.0,8242.0,0.06624403
8243.0,8243.0,0.09209633
8244.0,8244.0,0.12359244
8245.0,8245.0,6.962875E-5
8246.0,8246.0,0.0971053
8247.0,8247.0,0.029310716
8248.0,8248.0,0.18516763
8249.0,8249.0,0.023682091
8250.0,8250.0,0.11433963
8251.0,8251.0,0.18928334
8252.0,8252.0,5.8763515E-4
8253.0,8253.0,0.5853593
8254.0,8254.0,5.446813E-4
8255.0,8255.0,0.1482144
8256.0,8256.0,0.055068053
8257.0,8257.0,0.5484177
8258.0,8258.0,0.11383835
8259.0,8259.0,4.9315207E-4
8260.0,8260.0,0.030334955
8261.0,8261.0,0.20518544
8262.0,8262.0,0.027942536
8263.0,8263.0,0.13489643
8264.0,8264.0,0.095739104
8265.0,8265.0,0.20146824
8266.0,8266.0,0.0011455773
8267.0,8267.0,3.6767986E-5
8268.0,8268.0,0.11845008
8269.0,8269.0,0.0017571924
8270.0,8270.0,0.13795334
8271.0,8271.0,7.7561784E-4
8272.0,8272.0,0.5149788
8273.0,8273.0,0.24617924
8274.0,8274.0,8.7461856E-5
8275.0,8275.0,0.14481117
8276.0,8276.0,0.21087798
8277.0,8277.0,0.042818364
8278.0,8278.0,0.20910466
8279.0,8279.0,0.39390585
8280.0,8280.0,0.64596415
8281.0,8281.0,0.028851543
8282.0,8282.0,0.63728136
8283.0,8283.0,0.0015210073
8284.0,8284.0,0.1499731
8285.0,8285.0,0.22049372
8286.0,8286.0,0.22781685
8287.0,8287.0,0.013848069
8288.0,8288.0,0.1339221
8289.0,8289.0,6.1475166E-6
8290.0,8290.0,4.1291996E-6
8291.0,8291.0,0.09314675
8292.0,8292.0,0.14852263
8293.0,8293.0,0.16083252
8294.0,8294.0,0.14599472
8295.0,8295.0,0.5379288
8296.0,8296.0,0.37267402
8297.0,8297.0,0.0045971842
8298.0,8298.0,1.9611385E-4
8299.0,8299.0,0.2493148
8300.0,8300.0,0.64853656
8301.0,8301.0,0.5023654
8302.0,8302.0,5.7258826E-6
8303.0,8303.0,0.0830165
8304.0,8304.0,3.903066E-4
8305.0,8305.0,0.1744857
8306.0,8306.0,0.12697117
8307.0,8307.0,0.3689245
8308.0,8308.0,0.009588791
8309.0,8309.0,9.760816E-4
8310.0,8310.0,0.007410618
8311.0,8311.0,0.14131908
8312.0,8312.0,0.08986479
8313.0,8313.0,0.075059116
8314.0,8314.0,0.60759914
8315.0,8315.0,4.7732846E-4
8316.0,8316.0,0.05774895
8317.0,8317.0,0.25157294
8318.0,8318.0,0.09209123
8319.0,8319.0,0.027059788
8320.0,8320.0,0.7197543
8321.0,8321.0,0.38000977
8322.0,8322.0,3.203958E-4
8323.0,8323.0,5.1521655E-4
8324.0,8324.0,0.13693377
8325.0,8325.0,1.777562E-5
8326.0,8326.0,0.24037977
8327.0,8327.0,0.1836833
8328.0,8328.0,0.18561448
8329.0,8329.0,0.18305798
8330.0,8330.0,1.4808545E-6
8331.0,8331.0,0.17560643
8332.0,8332.0,0.07562641
8333.0,8333.0,0.26871258
8334.0,8334.0,0.8298357
8335.0,8335.0,0.047682043
8336.0,8336.0,0.17142397
8337.0,8337.0,0.15429705
8338.0,8338.0,0.9837602
8339.0,8339.0,0.23616414
8340.0,8340.0,0.027455183
8341.0,8341.0,0.3163869
8342.0,8342.0,0.52392274
8343.0,8343.0,0.28767994
8344.0,8344.0,3.305283E-4
8345.0,8345.0,6.997938E-4
8346.0,8346.0,0.03281957
8347.0,8347.0,5.4961765E-6
8348.0,8348.0,0.23491122
8349.0,8349.0,0.113723144
8350.0,8350.0,0.23129627
8351.0,8351.0,0.019539388
8352.0,8352.0,0.3506096
8353.0,8353.0,0.10250179
8354.0,8354.0,0.1105113
8355.0,8355.0,0.10405281
8356.0,8356.0,0.6119249
8357.0,8357.0,2.9131668E-4
8358.0,8358.0,0.14641957
8359.0,8359.0,0.17702651
8360.0,8360.0,0.3072224
8361.0,8361.0,0.16134283
8362.0,8362.0,0.18981196
8363.0,8363.0,4.812845E-6
8364.0,8364.0,0.21100739
8365.0,8365.0,3.2323023E-5
8366.0,8366.0,0.0026488372
8367.0,8367.0,0.014151714
8368.0,8368.0,0.20707622
8369.0,8369.0,0.037348412
8370.0,8370.0,0.13314433
8371.0,8371.0,0.038844395
8372.0,8372.0,0.14188175
8373.0,8373.0,0.10640835
8374.0,8374.0,3.1693107E-6
8375.0,8375.0,0.2757059
8376.0,8376.0,0.07489813
8377.0,8377.0,0.057615235
8378.0,8378.0,0.09435143
8379.0,8379.0,0.29542667
8380.0,8380.0,0.051822558
8381.0,8381.0,0.16322935
8382.0,8382.0,0.32710013
8383.0,8383.0,6.9697597E-4
8384.0,8384.0,0.04404681
8385.0,8385.0,0.65164316
8386.0,8386.0,0.22578208
8387.0,8387.0,6.932194E-7
8388.0,8388.0,0.05776243
8389.0,8389.0,0.21984728
8390.0,8390.0,0.2239899
8391.0,8391.0,0.5278272
8392.0,8392.0,2.7771492E-4
8393.0,8393.0,0.0036719674
8394.0,8394.0,0.0659091
8395.0,8395.0,0.15842846
8396.0,8396.0,0.19929795
8397.0,8397.0,0.070562124
8398.0,8398.0,0.39723074
8399.0,8399.0,0.044458408
8400.0,8400.0,0.02476137
8401.0,8401.0,0.19573227
8402.0,8402.0,2.5338539E-5
8403.0,8403.0,5.832262E-4
8404.0,8404.0,0.31218272
8405.0,8405.0,0.040445194
8406.0,8406.0,1.0105875E-5
8407.0,8407.0,0.023852281
8408.0,8408.0,0.007889861
8409.0,8409.0,0.1479035
8410.0,8410.0,0.02030888
8411.0,8411.0,0.13443519
8412.0,8412.0,1.1221614E-5
8413.0,8413.0,0.15837987
8414.0,8414.0,0.19321798
8415.0,8415.0,0.052044924
8416.0,8416.0,0.47916234
8417.0,8417.0,0.2321167
8418.0,8418.0,0.012450485
8419.0,8419.0,0.06298553
8420.0,8420.0,0.2708173
8421.0,8421.0,0.08216522
8422.0,8422.0,0.26434118
8423.0,8423.0,0.68835473
8424.0,8424.0,0.019384649
8425.0,8425.0,0.59068084
8426.0,8426.0,0.5073858
8427.0,8427.0,0.092638165
8428.0,8428.0,0.0010567663
8429.0,8429.0,0.025031539
8430.0,8430.0,0.0027488566
8431.0,8431.0,0.20986643
8432.0,8432.0,0.31050745
8433.0,8433.0,0.0061143944
8434.0,8434.0,0.18394382
8435.0,8435.0,0.25819346
8436.0,8436.0,0.41228554
8437.0,8437.0,0.06572284
8438.0,8438.0,0.114444464
8439.0,8439.0,4.4365905E-5
8440.0,8440.0,0.051808186
8441.0,8441.0,0.1209185
8442.0,8442.0,0.034731515
8443.0,8443.0,0.3262089
8444.0,8444.0,0.011340707
8445.0,8445.0,9.42897E-7
8446.0,8446.0,0.09671621
8447.0,8447.0,0.0035220208
8448.0,8448.0,0.19784886
8449.0,8449.0,0.048946347
8450.0,8450.0,0.026032235
8451.0,8451.0,3.81894E-4
8452.0,8452.0,0.00627612
8453.0,8453.0,0.024363894
8454.0,8454.0,0.33581403
8455.0,8455.0,6.442404E-4
8456.0,8456.0,2.7860006E-5
8457.0,8457.0,0.008347067
8458.0,8458.0,0.29592195
8459.0,8459.0,0.023345629
8460.0,8460.0,0.03542676
8461.0,8461.0,0.5758688
8462.0,8462.0,0.20008603
8463.0,8463.0,0.05139571
8464.0,8464.0,0.18076584
8465.0,8465.0,0.27911496
8466.0,8466.0,4.883401E-4
8467.0,8467.0,0.057948448
8468.0,8468.0,0.2631943
8469.0,8469.0,0.92582405
8470.0,8470.0,0.1612105
8471.0,8471.0,0.23251949
8472.0,8472.0,0.05215124
8473.0,8473.0,7.3982356E-4
8474.0,8474.0,0.28883094
8475.0,8475.0,0.15948035
8476.0,8476.0,0.46342936
8477.0,8477.0,3.894407E-5
8478.0,8478.0,0.19747297
8479.0,8479.0,0.15425445
8480.0,8480.0,0.08407074
8481.0,8481.0,0.07623765
8482.0,8482.0,0.32941672
8483.0,8483.0,0.15612577
8484.0,8484.0,0.0027189907
8485.0,8485.0,0.07232314
8486.0,8486.0,6.933526E-6
8487.0,8487.0,0.07617801
8488.0,8488.0,0.23285604
8489.0,8489.0,0.017308433
8490.0,8490.0,1.1810106E-5
8491.0,8491.0,0.14896573
8492.0,8492.0,0.035774074
8493.0,8493.0,0.21509248
8494.0,8494.0,0.033595454
8495.0,8495.0,0.24098027
8496.0,8496.0,0.010017531
8497.0,8497.0,0.2195608
8498.0,8498.0,0.26261058
8499.0,8499.0,0.020827321
8500.0,8500.0,0.23401284
8501.0,8501.0,0.10475773
8502.0,8502.0,0.030049078
8503.0,8503.0,0.22349781
8504.0,8504.0,0.6354592
8505.0,8505.0,0.16986968
8506.0,8506.0,0.16139038
8507.0,8507.0,0.09653402
8508.0,8508.0,0.17537071
8509.0,8509.0,1.372547E-4
8510.0,8510.0,0.094727665
8511.0,8511.0,1.1820402E-4
8512.0,8512.0,0.29727986
8513.0,8513.0,0.040871523
8514.0,8514.0,0.0015769802
8515.0,8515.0,0.015915722
8516.0,8516.0,0.16754851
8517.0,8517.0,0.028775472
8518.0,8518.0,0.012963276
8519.0,8519.0,0.018422823
8520.0,8520.0,0.0019062883
8521.0,8521.0,0.44196174
8522.0,8522.0,0.29315916
8523.0,8523.0,0.16850546
8524.0,8524.0,0.003109046
8525.0,8525.0,0.28595516
8526.0,8526.0,0.49968418
8527.0,8527.0,7.098153E-4
8528.0,8528.0,0.3113622
8529.0,8529.0,0.0022961395
8530.0,8530.0,0.053333357
8531.0,8531.0,0.1409074
8532.0,8532.0,0.0057386057
8533.0,8533.0,0.10938835
8534.0,8534.0,7.85394E-6
8535.0,8535.0,0.56227946
8536.0,8536.0,0.18090847
8537.0,8537.0,0.20403329
8538.0,8538.0,0.108749166
8539.0,8539.0,0.24362917
8540.0,8540.0,1.0684815E-5
8541.0,8541.0,0.2174081
8542.0,8542.0,3.1859335E-4
8543.0,8543.0,0.5389531
8544.0,8544.0,4.2184332E-5
8545.0,8545.0,0.041201156
8546.0,8546.0,0.013408337
8547.0,8547.0,0.124209225
8548.0,8548.0,0.05619142
8549.0,8549.0,0.1331906
8550.0,8550.0,0.036885742
8551.0,8551.0,0.09048956
8552.0,8552.0,5.5161584E-4
8553.0,8553.0,0.761225
8554.0,8554.0,0.16365036
8555.0,8555.0,0.097970255
8556.0,8556.0,0.14077517
8557.0,8557.0,0.13628492
8558.0,8558.0,0.28902075
8559.0,8559.0,0.14049515
8560.0,8560.0,0.08327095
8561.0,8561.0,0.052580077
8562.0,8562.0,0.152501
8563.0,8563.0,0.14440596
8564.0,8564.0,0.031152098
8565.0,8565.0,0.4364952
8566.0,8566.0,0.2482279
8567.0,8567.0,0.03973877
8568.0,8568.0,0.1759172
8569.0,8569.0,0.026618304
8570.0,8570.0,0.14633001
8571.0,8571.0,0.077972196
8572.0,8572.0,0.0016726956
8573.0,8573.0,0.12185431
8574.0,8574.0,0.27276152
8575.0,8575.0,0.057234894
8576.0,8576.0,0.113784455
8577.0,8577.0,0.18834367
8578.0,8578.0,0.6362297
8579.0,8579.0,2.8289898E-4
8580.0,8580.0,0.1319127
8581.0,8581.0,0.07799486
8582.0,8582.0,1.7850501E-4
8583.0,8583.0,0.016449751
8584.0,8584.0,0.046288423
8585.0,8585.0,0.014611919
8586.0,8586.0,0.23841594
8587.0,8587.0,1.0412811E-4
8588.0,8588.0,0.2652676
8589.0,8589.0,0.31417623
8590.0,8590.0,0.090443976
8591.0,8591.0,0.41204888
8592.0,8592.0,0.070302255
8593.0,8593.0,4.962271E-4
8594.0,8594.0,0.4073723
8595.0,8595.0,0.018343233
8596.0,8596.0,7.47167E-4
8597.0,8597.0,0.2810948
8598.0,8598.0,0.16409485
8599.0,8599.0,0.43420774
8600.0,8600.0,0.1676356
8601.0,8601.0,8.247202E-6
8602.0,8602.0,0.3240262
8603.0,8603.0,0.23647164
8604.0,8604.0,0.057496432
8605.0,8605.0,0.0034125014
8606.0,8606.0,0.64075345
8607.0,8607.0,0.001397402
8608.0,8608.0,0.8304629
8609.0,8609.0,0.023318388
8610.0,8610.0,0.08359717
8611.0,8611.0,0.06317447
8612.0,8612.0,0.0046841116
8613.0,8613.0,0.0010513304
8614.0,8614.0,0.0028880127
8615.0,8615.0,0.17351171
8616.0,8616.0,0.07153225
8617.0,8617.0,0.2706473
8618.0,8618.0,8.335906E-6
8619.0,8619.0,0.17057766
8620.0,8620.0,0.0033879823
8621.0,8621.0,0.0019239037
8622.0,8622.0,0.06489773
8623.0,8623.0,0.09068337
8624.0,8624.0,0.043357365
8625.0,8625.0,0.035615027
8626.0,8626.0,0.03337933
8627.0,8627.0,0.13187517
8628.0,8628.0,0.19110876
8629.0,8629.0,0.012183154
8630.0,8630.0,1.4597711E-5
8631.0,8631.0,0.6524773
8632.0,8632.0,0.024568716
8633.0,8633.0,0.17342821
8634.0,8634.0,0.0023238151
8635.0,8635.0,0.027470667
8636.0,8636.0,1.2254538E-5
8637.0,8637.0,0.15008174
8638.0,8638.0,0.11084974
8639.0,8639.0,0.079814926
8640.0,8640.0,2.2439746E-4
8641.0,8641.0,0.13568334
8642.0,8642.0,0.56287557
8643.0,8643.0,0.012508652
8644.0,8644.0,0.05591277
8645.0,8645.0,7.68281E-6
8646.0,8646.0,0.27938837
8647.0,8647.0,1.9588504E-5
8648.0,8648.0,0.11124711
8649.0,8649.0,0.11373009
8650.0,8650.0,0.25833055
8651.0,8651.0,3.1323452E-4
8652.0,8652.0,0.20067585
8653.0,8653.0,0.08801237
8654.0,8654.0,0.0010010407
8655.0,8655.0,0.018644752
8656.0,8656.0,0.038304903
8657.0,8657.0,0.22394313
8658.0,8658.0,0.90884066
8659.0,8659.0,0.16681129
8660.0,8660.0,0.036667544
8661.0,8661.0,0.23859864
8662.0,8662.0,0.07976924
8663.0,8663.0,0.17592616
8664.0,8664.0,0.024152074
8665.0,8665.0,0.05130503
8666.0,8666.0,0.14103483
8667.0,8667.0,0.0022853506
8668.0,8668.0,0.31568593
8669.0,8669.0,0.06844925
8670.0,8670.0,0.3978879
8671.0,8671.0,4.2811025E-5
8672.0,8672.0,0.29795778
8673.0,8673.0,9.254014E-5
8674.0,8674.0,4.5074866E-4
8675.0,8675.0,0.47248492
8676.0,8676.0,0.008833637
8677.0,8677.0,1.0051017E-4
8678.0,8678.0,0.30110174
8679.0,8679.0,0.0027046523
8680.0,8680.0,0.0902387
8681.0,8681.0,7.88051E-5
8682.0,8682.0,0.30152425
8683.0,8683.0,0.17519441
8684.0,8684.0,0.21729389
8685.0,8685.0,0.20900215
8686.0,8686.0,9.306273E-6
8687.0,8687.0,0.119114846
8688.0,8688.0,0.69757444
8689.0,8689.0,0.080844186
8690.0,8690.0,0.08499719
8691.0,8691.0,0.39436927
8692.0,8692.0,0.018098617
8693.0,8693.0,0.37790558
8694.0,8694.0,0.058516357
8695.0,8695.0,0.22362609
8696.0,8696.0,0.026971173
8697.0,8697.0,0.009166674
8698.0,8698.0,0.01004286
8699.0,8699.0,0.06463772
8700.0,8700.0,0.059104387
8701.0,8701.0,0.42574015
8702.0,8702.0,0.15253077
8703.0,8703.0,0.077066645
8704.0,8704.0,0.17574742
8705.0,8705.0,1.3517862E-4
8706.0,8706.0,0.0056918985
8707.0,8707.0,4.668132E-4
8708.0,8708.0,0.34857246
8709.0,8709.0,0.3208858
8710.0,8710.0,0.18482438
8711.0,8711.0,7.166616E-4
8712.0,8712.0,0.0018192303
8713.0,8713.0,0.20377886
8714.0,8714.0,0.005909471
8715.0,8715.0,0.114413425
8716.0,8716.0,0.0014478595
8717.0,8717.0,4.873507E-4
8718.0,8718.0,0.009425951
8719.0,8719.0,0.14650613
8720.0,8720.0,0.12501596
8721.0,8721.0,0.03291342
8722.0,8722.0,0.43938413
8723.0,8723.0,0.13889542
8724.0,8724.0,0.06314692
8725.0,8725.0,0.0020660802
8726.0,8726.0,0.017941125
8727.0,8727.0,0.002257046
8728.0,8728.0,0.10336576
8729.0,8729.0,0.0017267771
8730.0,8730.0,0.39734048
8731.0,8731.0,0.04035003
8732.0,8732.0,0.1298208
8733.0,8733.0,0.031406254
8734.0,8734.0,0.084807806
8735.0,8735.0,0.15741253
8736.0,8736.0,0.36160827
8737.0,8737.0,0.16691276
8738.0,8738.0,0.21401377
8739.0,8739.0,0.21144822
8740.0,8740.0,0.0018774776
8741.0,8741.0,4.239743E-4
8742.0,8742.0,0.14492266
8743.0,8743.0,2.0592095E-6
8744.0,8744.0,0.010067369
8745.0,8745.0,0.08850025
8746.0,8746.0,0.27867958
8747.0,8747.0,0.68857855
8748.0,8748.0,5.9117586E-4
8749.0,8749.0,0.26364762
8750.0,8750.0,0.26660392
8751.0,8751.0,0.8002715
8752.0,8752.0,0.12180479
8753.0,8753.0,0.005918496
8754.0,8754.0,0.014741717
8755.0,8755.0,0.16206455
8756.0,8756.0,0.0026681218
8757.0,8757.0,0.0069959606
8758.0,8758.0,4.7704827E-5
8759.0,8759.0,0.270947
8760.0,8760.0,0.22980057
8761.0,8761.0,5.8181304E-4
8762.0,8762.0,0.18001755
8763.0,8763.0,6.963866E-5
8764.0,8764.0,0.32934865
8765.0,8765.0,0.110946134
8766.0,8766.0,0.17336164
8767.0,8767.0,0.21354541
8768.0,8768.0,0.9862679
8769.0,8769.0,0.030898625
8770.0,8770.0,9.551309E-6
8771.0,8771.0,5.2504358E-5
8772.0,8772.0,0.13480224
8773.0,8773.0,0.13244288
8774.0,8774.0,0.3532516
8775.0,8775.0,9.3244425E-6
8776.0,8776.0,0.16819629
8777.0,8777.0,0.05183578
8778.0,8778.0,0.039532866
8779.0,8779.0,0.17753531
8780.0,8780.0,0.19460607
8781.0,8781.0,0.050989028
8782.0,8782.0,0.15570067
8783.0,8783.0,0.0071027316
8784.0,8784.0,0.08567107
8785.0,8785.0,3.5316256E-4
8786.0,8786.0,0.87036926
8787.0,8787.0,0.44408542
8788.0,8788.0,0.27810895
8789.0,8789.0,0.0037962752
8790.0,8790.0,0.008254215
8791.0,8791.0,0.24464121
8792.0,8792.0,0.16798358
8793.0,8793.0,0.19017935
8794.0,8794.0,0.016162606
8795.0,8795.0,0.1919532
8796.0,8796.0,0.011166802
8797.0,8797.0,0.011023271
8798.0,8798.0,0.12830764
8799.0,8799.0,3.519043E-4
8800.0,8800.0,0.10821894
8801.0,8801.0,0.0015396235
8802.0,8802.0,0.088682994
8803.0,8803.0,0.042204086
8804.0,8804.0,0.01924362
8805.0,8805.0,5.32101E-4
8806.0,8806.0,0.056617796
8807.0,8807.0,0.045552798
8808.0,8808.0,6.306272E-4
8809.0,8809.0,0.42203784
8810.0,8810.0,2.5997334E-4
8811.0,8811.0,0.8517114
8812.0,8812.0,0.023947654
8813.0,8813.0,0.001814283
8814.0,8814.0,2.6485993E-4
8815.0,8815.0,0.59450424
8816.0,8816.0,0.51274925
8817.0,8817.0,0.02348061
8818.0,8818.0,0.22446233
8819.0,8819.0,0.17538553
8820.0,8820.0,0.007803812
8821.0,8821.0,0.06137993
8822.0,8822.0,6.083864E-5
8823.0,8823.0,0.0018757347
8824.0,8824.0,0.022641601
8825.0,8825.0,0.13277258
8826.0,8826.0,0.040959373
8827.0,8827.0,0.06482766
8828.0,8828.0,1.2468343E-5
8829.0,8829.0,0.14921896
8830.0,8830.0,0.33639756
8831.0,8831.0,0.110328466
8832.0,8832.0,0.37196127
8833.0,8833.0,0.34374273
8834.0,8834.0,0.17224304
8835.0,8835.0,0.16415139
8836.0,8836.0,0.0019566694
8837.0,8837.0,0.004783494
8838.0,8838.0,0.17940836
8839.0,8839.0,0.047447506
8840.0,8840.0,0.2536237
8841.0,8841.0,6.39872E-4
8842.0,8842.0,0.15487728
8843.0,8843.0,7.35929E-6
8844.0,8844.0,0.0018202731
8845.0,8845.0,0.0017548495
8846.0,8846.0,0.77591485
8847.0,8847.0,0.051035192
8848.0,8848.0,0.119486615
8849.0,8849.0,0.24366769
8850.0,8850.0,0.0039944584
8851.0,8851.0,1.3131044E-5
8852.0,8852.0,0.20373231
8853.0,8853.0,0.15154524
8854.0,8854.0,0.0495786
8855.0,8855.0,0.006499881
8856.0,8856.0,0.008811724
8857.0,8857.0,0.022304812
8858.0,8858.0,0.001956208
8859.0,8859.0,0.091242805
8860.0,8860.0,0.0016513116
8861.0,8861.0,0.12535949
8862.0,8862.0,9.407015E-7
8863.0,8863.0,0.20661224
8864.0,8864.0,1.11457975E-5
8865.0,8865.0,0.9999642
8866.0,8866.0,0.1699765
8867.0,8867.0,2.6893083E-4
8868.0,8868.0,0.18164764
8869.0,8869.0,6.635995E-6
8870.0,8870.0,0.09445978
8871.0,8871.0,0.80391675
8872.0,8872.0,0.003077156
8873.0,8873.0,0.19295992
8874.0,8874.0,0.36579803
8875.0,8875.0,0.073002495
8876.0,8876.0,0.059539404
8877.0,8877.0,0.23920643
8878.0,8878.0,0.19969217
8879.0,8879.0,0.004802403
8880.0,8880.0,0.16601042
8881.0,8881.0,0.1951528
8882.0,8882.0,0.14046346
8883.0,8883.0,6.922197E-6
8884.0,8884.0,0.23060298
8885.0,8885.0,1.7808827E-6
8886.0,8886.0,0.2508607
8887.0,8887.0,0.03351907
8888.0,8888.0,0.080166675
8889.0,8889.0,0.084328085
8890.0,8890.0,0.2763592
8891.0,8891.0,1.9306834E-5
8892.0,8892.0,2.7792194E-5
8893.0,8893.0,0.011018787
8894.0,8894.0,0.036703255
8895.0,8895.0,0.09838065
8896.0,8896.0,7.831048E-5
8897.0,8897.0,0.03748544
8898.0,8898.0,0.017274855
8899.0,8899.0,0.15265971
8900.0,8900.0,0.0012265133
8901.0,8901.0,0.0015572436
8902.0,8902.0,0.09826209
8903.0,8903.0,0.16213909
8904.0,8904.0,0.026139298
8905.0,8905.0,0.22233316
8906.0,8906.0,0.11424597
8907.0,8907.0,0.037938308
8908.0,8908.0,1.04415E-5
8909.0,8909.0,0.033245113
8910.0,8910.0,0.5648851
8911.0,8911.0,0.4300211
8912.0,8912.0,0.0021723765
8913.0,8913.0,0.0054484224
8914.0,8914.0,0.286403
8915.0,8915.0,8.4976084E-4
8916.0,8916.0,0.12826253
8917.0,8917.0,0.0018896656
8918.0,8918.0,0.1893899
8919.0,8919.0,0.17779572
8920.0,8920.0,1.9118446E-5
8921.0,8921.0,0.0014411795
8922.0,8922.0,3.758665E-4
8923.0,8923.0,0.2727386
8924.0,8924.0,1.2724989E-4
8925.0,8925.0,0.11372708
8926.0,8926.0,0.06430633
8927.0,8927.0,0.015486222
8928.0,8928.0,0.058413558
8929.0,8929.0,0.35049632
8930.0,8930.0,0.13664554
8931.0,8931.0,0.08490763
8932.0,8932.0,6.723457E-5
8933.0,8933.0,0.0011195182
8934.0,8934.0,0.19362776
8935.0,8935.0,0.06742048
8936.0,8936.0,5.0956616E-4
8937.0,8937.0,0.1651112
8938.0,8938.0,0.011917222
8939.0,8939.0,1.9186982E-6
8940.0,8940.0,0.2345757
8941.0,8941.0,0.029030727
8942.0,8942.0,0.003413543
8943.0,8943.0,0.12745732
8944.0,8944.0,0.028711298
8945.0,8945.0,0.9808017
8946.0,8946.0,0.11843539
8947.0,8947.0,0.069440365
8948.0,8948.0,0.35861903
8949.0,8949.0,0.38036475
8950.0,8950.0,0.05868575
8951.0,8951.0,0.19629928
8952.0,8952.0,0.1625175
8953.0,8953.0,0.11374882
8954.0,8954.0,4.3350842E-4
8955.0,8955.0,0.004278778
8956.0,8956.0,0.016649408
8957.0,8957.0,0.032340102
8958.0,8958.0,0.258657
8959.0,8959.0,0.33314338
8960.0,8960.0,0.1727493
8961.0,8961.0,1.77038E-5
8962.0,8962.0,0.54809004
8963.0,8963.0,3.0079448E-6
8964.0,8964.0,0.4173051
8965.0,8965.0,0.048149645
8966.0,8966.0,0.17496656
8967.0,8967.0,0.12078872
8968.0,8968.0,0.014065403
8969.0,8969.0,3.7185677E-5
8970.0,8970.0,5.8205845E-4
8971.0,8971.0,0.17433958
8972.0,8972.0,0.34185353
8973.0,8973.0,0.045533866
8974.0,8974.0,0.23365302
8975.0,8975.0,9.716855E-5
8976.0,8976.0,0.14702454
8977.0,8977.0,0.12636058
8978.0,8978.0,0.07197782
8979.0,8979.0,0.1740913
8980.0,8980.0,0.33197832
8981.0,8981.0,0.19190606
8982.0,8982.0,0.18323627
8983.0,8983.0,0.41343802
8984.0,8984.0,0.31760964
8985.0,8985.0,0.12111832
8986.0,8986.0,0.29838052
8987.0,8987.0,6.3103583E-4
8988.0,8988.0,0.019503145
8989.0,8989.0,5.561103E-6
8990.0,8990.0,0.035574146
8991.0,8991.0,0.16438708
8992.0,8992.0,0.06882638
8993.0,8993.0,0.13403893
8994.0,8994.0,0.20139205
8995.0,8995.0,0.087132454
8996.0,8996.0,0.039263695
8997.0,8997.0,0.0023546019
8998.0,8998.0,0.088932656
8999.0,8999.0,5.726544E-5
9000.0,9000.0,0.0097269565
9001.0,9001.0,0.15182778
9002.0,9002.0,0.004026945
9003.0,9003.0,0.36381695
9004.0,9004.0,0.32257643
9005.0,9005.0,0.2854753
9006.0,9006.0,0.097231686
9007.0,9007.0,0.11684025
9008.0,9008.0,0.008165255
9009.0,9009.0,0.17527997
9010.0,9010.0,0.06976715
9011.0,9011.0,0.11917174
9012.0,9012.0,0.19713235
9013.0,9013.0,9.041914E-7
9014.0,9014.0,3.5486883E-4
9015.0,9015.0,0.07140113
9016.0,9016.0,0.0036752115
9017.0,9017.0,5.5457098E-5
9018.0,9018.0,0.018624915
9019.0,9019.0,5.3202023E-4
9020.0,9020.0,0.49671036
9021.0,9021.0,0.063161425
9022.0,9022.0,0.43837902
9023.0,9023.0,0.31887695
9024.0,9024.0,0.057614263
9025.0,9025.0,0.13587804
9026.0,9026.0,0.001036596
9027.0,9027.0,0.15674274
9028.0,9028.0,1.0050867E-6
9029.0,9029.0,0.24096042
9030.0,9030.0,0.007274798
9031.0,9031.0,0.06241229
9032.0,9032.0,0.045906242
9033.0,9033.0,0.12409409
9034.0,9034.0,0.00308277
9035.0,9035.0,0.24973021
9036.0,9036.0,9.2510614E-5
9037.0,9037.0,0.21925975
9038.0,9038.0,0.04701009
9039.0,9039.0,0.0048411074
9040.0,9040.0,8.397357E-4
9041.0,9041.0,0.17329739
9042.0,9042.0,0.10090592
9043.0,9043.0,0.07697906
9044.0,9044.0,0.30065238
9045.0,9045.0,0.017243916
9046.0,9046.0,0.35303915
9047.0,9047.0,0.14452367
9048.0,9048.0,0.13502914
9049.0,9049.0,0.23396757
9050.0,9050.0,0.04357432
9051.0,9051.0,0.15015773
9052.0,9052.0,0.0036077204
9053.0,9053.0,1.0634575E-4
9054.0,9054.0,0.011245549
9055.0,9055.0,0.04688658
9056.0,9056.0,5.639915E-4
9057.0,9057.0,5.090962E-4
9058.0,9058.0,1.8688153E-5
9059.0,9059.0,5.219655E-6
9060.0,9060.0,0.16538927
9061.0,9061.0,0.691281
9062.0,9062.0,0.13906908
9063.0,9063.0,0.2502748
9064.0,9064.0,0.047478624
9065.0,9065.0,0.040297456
9066.0,9066.0,0.04292867
9067.0,9067.0,0.011403195
9068.0,9068.0,0.3747339
9069.0,9069.0,0.20807375
9070.0,9070.0,0.008595912
9071.0,9071.0,0.1575382
9072.0,9072.0,0.15225339
9073.0,9073.0,3.7477424E-4
9074.0,9074.0,1.8489307E-5
9075.0,9075.0,6.400603E-4
9076.0,9076.0,0.0016751275
9077.0,9077.0,0.7027732
9078.0,9078.0,0.9448797
9079.0,9079.0,0.08077703
9080.0,9080.0,0.0926485
9081.0,9081.0,0.5108045
9082.0,9082.0,3.896344E-6
9083.0,9083.0,6.3427838E-6
9084.0,9084.0,0.05633792
9085.0,9085.0,1.4592592E-5
9086.0,9086.0,0.33911622
9087.0,9087.0,0.28904107
9088.0,9088.0,0.39550823
9089.0,9089.0,0.16670316
9090.0,9090.0,0.49749735
9091.0,9091.0,0.15292937
9092.0,9092.0,0.0058495803
9093.0,9093.0,0.035033166
9094.0,9094.0,0.18983555
9095.0,9095.0,0.21444935
9096.0,9096.0,8.6053416E-7
9097.0,9097.0,7.076334E-4
9098.0,9098.0,0.65840024
9099.0,9099.0,5.069558E-7
9100.0,9100.0,0.002432847
9101.0,9101.0,0.21464358
9102.0,9102.0,0.28539652
9103.0,9103.0,7.668471E-4
9104.0,9104.0,0.010117853
9105.0,9105.0,0.0024748007
9106.0,9106.0,0.4703331
9107.0,9107.0,0.3674564
9108.0,9108.0,0.11918075
9109.0,9109.0,0.39082548
9110.0,9110.0,1.0171083E-4
9111.0,9111.0,0.11648771
9112.0,9112.0,6.4362615E-4
9113.0,9113.0,0.24364668
9114.0,9114.0,0.15557468
9115.0,9115.0,0.6021816
9116.0,9116.0,0.014266742
9117.0,9117.0,0.15332443
9118.0,9118.0,0.49740118
9119.0,9119.0,7.4519415E-4
9120.0,9120.0,3.607092E-4
9121.0,9121.0,1.0684193E-5
9122.0,9122.0,0.14709802
9123.0,9123.0,2.7819004E-5
9124.0,9124.0,0.05564326
9125.0,9125.0,0.0019075865
9126.0,9126.0,0.18496855
9127.0,9127.0,0.051524807
9128.0,9128.0,0.007093339
9129.0,9129.0,0.1690511
9130.0,9130.0,0.09887678
9131.0,9131.0,0.0087946765
9132.0,9132.0,0.060889985
9133.0,9133.0,0.03909358
9134.0,9134.0,0.0014559156
9135.0,9135.0,0.07950216
9136.0,9136.0,0.19196686
9137.0,9137.0,0.15672809
9138.0,9138.0,0.17376208
9139.0,9139.0,0.14827925
9140.0,9140.0,0.954682
9141.0,9141.0,0.1752485
9142.0,9142.0,0.0486249
9143.0,9143.0,0.0071256226
9144.0,9144.0,0.19565497
9145.0,9145.0,0.0012789252
9146.0,9146.0,0.07069928
9147.0,9147.0,0.16651323
9148.0,9148.0,0.033760022
9149.0,9149.0,0.26627076
9150.0,9150.0,0.08558507
9151.0,9151.0,0.2081688
9152.0,9152.0,0.061676282
9153.0,9153.0,2.8950867E-4
9154.0,9154.0,4.4043607E-4
9155.0,9155.0,0.08636705
9156.0,9156.0,0.0052671675
9157.0,9157.0,3.3764966E-4
9158.0,9158.0,0.4390961
9159.0,9159.0,0.30500817
9160.0,9160.0,0.06099069
9161.0,9161.0,7.7660027E-4
9162.0,9162.0,0.16932961
9163.0,9163.0,0.2464243
9164.0,9164.0,0.06980253
9165.0,9165.0,0.18353313
9166.0,9166.0,0.97346306
9167.0,9167.0,8.208324E-4
9168.0,9168.0,0.26651287
9169.0,9169.0,0.43196982
9170.0,9170.0,0.010579282
9171.0,9171.0,0.022019532
9172.0,9172.0,0.034650754
9173.0,9173.0,0.033507846
9174.0,9174.0,0.005405562
9175.0,9175.0,0.038664598
9176.0,9176.0,0.0013696989
9177.0,9177.0,0.06754631
9178.0,9178.0,1.4118891E-4
9179.0,9179.0,0.0047045783
9180.0,9180.0,0.002146582
9181.0,9181.0,0.17540826
9182.0,9182.0,0.17767675
9183.0,9183.0,0.06717339
9184.0,9184.0,0.83185697
9185.0,9185.0,0.22670299
9186.0,9186.0,0.94877696
9187.0,9187.0,0.23493998
9188.0,9188.0,0.15401727
9189.0,9189.0,0.288931
9190.0,9190.0,0.09266817
9191.0,9191.0,0.004820047
9192.0,9192.0,0.05657953
9193.0,9193.0,3.5092133E-4
9194.0,9194.0,0.0016345031
9195.0,9195.0,0.01276246
9196.0,9196.0,0.10593741
9197.0,9197.0,1.1104519E-5
9198.0,9198.0,0.019590886
9199.0,9199.0,0.09435084
9200.0,9200.0,0.07586859
9201.0,9201.0,0.057380773
9202.0,9202.0,0.015607317
9203.0,9203.0,0.12224659
9204.0,9204.0,0.28911665
9205.0,9205.0,0.0010340735
9206.0,9206.0,2.4901685E-5
9207.0,9207.0,0.13673893
9208.0,9208.0,0.47730953
9209.0,9209.0,0.076282084
9210.0,9210.0,2.2091008E-4
9211.0,9211.0,0.28961077
9212.0,9212.0,0.072884664
9213.0,9213.0,0.5362902
9214.0,9214.0,0.04038445
9215.0,9215.0,0.07104554
9216.0,9216.0,3.441641E-7
9217.0,9217.0,0.038466737
9218.0,9218.0,0.003224405
9219.0,9219.0,0.13106129
9220.0,9220.0,0.10930636
9221.0,9221.0,0.007609638
9222.0,9222.0,0.31005102
9223.0,9223.0,0.15061168
9224.0,9224.0,0.19241747
9225.0,9225.0,0.9882047
9226.0,9226.0,0.32146803
9227.0,9227.0,0.30290908
9228.0,9228.0,0.13745199
9229.0,9229.0,0.18667987
9230.0,9230.0,0.08336016
9231.0,9231.0,9.931497E-4
9232.0,9232.0,0.09168864
9233.0,9233.0,0.24622643
9234.0,9234.0,1.3366426E-4
9235.0,9235.0,0.070621826
9236.0,9236.0,0.04671609
9237.0,9237.0,0.15698086
9238.0,9238.0,0.19841404
9239.0,9239.0,0.23024136
9240.0,9240.0,0.38432887
9241.0,9241.0,0.36890408
9242.0,9242.0,0.24314407
9243.0,9243.0,0.21511278
9244.0,9244.0,0.40300933
9245.0,9245.0,0.1413519
9246.0,9246.0,0.15829621
9247.0,9247.0,0.0036794024
9248.0,9248.0,0.015672112
9249.0,9249.0,0.5022576
9250.0,9250.0,0.10410134
9251.0,9251.0,0.3624034
9252.0,9252.0,0.003501205
9253.0,9253.0,2.4570641E-5
9254.0,9254.0,0.05468194
9255.0,9255.0,3.237704E-4
9256.0,9256.0,0.028940532
9257.0,9257.0,1.07920234E-4
9258.0,9258.0,4.6554187E-4
9259.0,9259.0,0.30985773
9260.0,9260.0,0.03446046
9261.0,9261.0,0.20821744
9262.0,9262.0,0.09962927
9263.0,9263.0,0.06494602
9264.0,9264.0,8.688745E-7
9265.0,9265.0,0.25307173
9266.0,9266.0,0.10240205
9267.0,9267.0,0.05770431
9268.0,9268.0,0.4841944
9269.0,9269.0,0.20237504
9270.0,9270.0,0.27247778
9271.0,9271.0,0.17676574
9272.0,9272.0,0.24201484
9273.0,9273.0,0.0052861357
9274.0,9274.0,0.28587523
9275.0,9275.0,0.08334831
9276.0,9276.0,6.40403E-4
9277.0,9277.0,0.258581
9278.0,9278.0,0.08077098
9279.0,9279.0,9.5085E-5
9280.0,9280.0,0.07394477
9281.0,9281.0,7.748909E-7
9282.0,9282.0,8.1566215E-4
9283.0,9283.0,5.215378E-6
9284.0,9284.0,0.26561886
9285.0,9285.0,0.14990883
9286.0,9286.0,0.10716128
9287.0,9287.0,5.6502E-4
9288.0,9288.0,0.0037293555
9289.0,9289.0,0.10639821
9290.0,9290.0,0.1598325
9291.0,9291.0,0.17516266
9292.0,9292.0,4.469765E-6
9293.0,9293.0,0.12034683
9294.0,9294.0,0.047383998
9295.0,9295.0,0.11160549
9296.0,9296.0,0.22488824
9297.0,9297.0,0.21337633
9298.0,9298.0,9.0268796E-4
9299.0,9299.0,0.0285855
9300.0,9300.0,3.6629458E-4
9301.0,9301.0,0.30439496
9302.0,9302.0,0.10418248
9303.0,9303.0,0.8756642
9304.0,9304.0,0.009185499
9305.0,9305.0,0.045686435
9306.0,9306.0,0.93277633
9307.0,9307.0,0.06296451
9308.0,9308.0,1.8188584E-4
9309.0,9309.0,0.0012064049
9310.0,9310.0,0.17307071
9311.0,9311.0,0.40201768
9312.0,9312.0,7.430767E-4
9313.0,9313.0,0.28810766
9314.0,9314.0,0.036535725
9315.0,9315.0,0.19324614
9316.0,9316.0,0.0032180662
9317.0,9317.0,3.491383E-6
9318.0,9318.0,0.013746898
9319.0,9319.0,1.4891001E-5
9320.0,9320.0,0.999457
9321.0,9321.0,0.119712606
9322.0,9322.0,0.14141807
9323.0,9323.0,0.08987977
9324.0,9324.0,0.99514145
9325.0,9325.0,1.7224731E-6
9326.0,9326.0,0.18249518
9327.0,9327.0,0.13793266
9328.0,9328.0,0.041482903
9329.0,9329.0,0.15778255
9330.0,9330.0,0.029038453
9331.0,9331.0,3.823335E-6
9332.0,9332.0,0.35476297
9333.0,9333.0,0.009592373
9334.0,9334.0,0.2959018
9335.0,9335.0,0.047558714
9336.0,9336.0,0.5037678
9337.0,9337.0,0.30773184
9338.0,9338.0,0.0033781177
9339.0,9339.0,0.10838172
9340.0,9340.0,0.30670968
9341.0,9341.0,0.23770525
9342.0,9342.0,0.1995512
9343.0,9343.0,0.21378516
9344.0,9344.0,0.14815198
9345.0,9345.0,0.3799016
9346.0,9346.0,2.8677116E-4
9347.0,9347.0,0.1970824
9348.0,9348.0,0.57816654
9349.0,9349.0,0.074628636
9350.0,9350.0,0.16011617
9351.0,9351.0,0.02503107
9352.0,9352.0,0.017554611
9353.0,9353.0,1.0166374E-5
9354.0,9354.0,1.6932365E-5
9355.0,9355.0,4.1117877E-5
9356.0,9356.0,0.06847685
9357.0,9357.0,0.99992335
9358.0,9358.0,0.015091824
9359.0,9359.0,0.0012002594
9360.0,9360.0,0.32141417
9361.0,9361.0,0.0020047284
9362.0,9362.0,0.8405626
9363.0,9363.0,2.8988274E-4
9364.0,9364.0,9.02766E-4
9365.0,9365.0,0.0014431314
9366.0,9366.0,0.14372288
9367.0,9367.0,1.6862681E-5
9368.0,9368.0,0.19552733
9369.0,9369.0,0.27796397
9370.0,9370.0,5.337959E-6
9371.0,9371.0,0.21770123
9372.0,9372.0,0.20619589
9373.0,9373.0,4.987638E-4
9374.0,9374.0,0.09279591
9375.0,9375.0,0.16963595
9376.0,9376.0,0.1190013
9377.0,9377.0,0.45268258
9378.0,9378.0,0.20474051
9379.0,9379.0,0.08216498
9380.0,9380.0,0.2908967
9381.0,9381.0,0.2530597
9382.0,9382.0,1.6069407E-5
9383.0,9383.0,0.109373264
9384.0,9384.0,0.34046724
9385.0,9385.0,0.06355032
9386.0,9386.0,0.20642032
9387.0,9387.0,0.095105015
9388.0,9388.0,0.05269525
9389.0,9389.0,0.41473362
9390.0,9390.0,5.494415E-7
9391.0,9391.0,0.7464892
9392.0,9392.0,0.37258303
9393.0,9393.0,0.1618016
9394.0,9394.0,0.009727228
9395.0,9395.0,0.0840294
9396.0,9396.0,0.066520005
9397.0,9397.0,0.42934328
9398.0,9398.0,0.015273816
9399.0,9399.0,0.20024621
9400.0,9400.0,0.16367638
9401.0,9401.0,0.06732704
9402.0,9402.0,0.15300728
9403.0,9403.0,0.06127004
9404.0,9404.0,0.38677487
9405.0,9405.0,0.0013436059
9406.0,9406.0,0.64768726
9407.0,9407.0,0.0010734206
9408.0,9408.0,0.3593649
9409.0,9409.0,0.002581751
9410.0,9410.0,0.17220719
9411.0,9411.0,0.40336224
9412.0,9412.0,0.045651954
9413.0,9413.0,0.15476052
9414.0,9414.0,0.06383275
9415.0,9415.0,0.34991026
9416.0,9416.0,6.084162E-6
9417.0,9417.0,0.0029923175
9418.0,9418.0,0.0018048763
9419.0,9419.0,1.0806676E-4
9420.0,9420.0,0.32081348
9421.0,9421.0,3.1671277E-4
9422.0,9422.0,0.11946851
9423.0,9423.0,0.0044076163
9424.0,9424.0,0.033753186
9425.0,9425.0,0.44361705
9426.0,9426.0,0.0010057442
9427.0,9427.0,0.0020800936
9428.0,9428.0,0.14110667
9429.0,9429.0,0.10182823
9430.0,9430.0,0.05048059
9431.0,9431.0,0.18601169
9432.0,9432.0,0.0040829615
9433.0,9433.0,0.0013692046
9434.0,9434.0,1.1533478E-4
9435.0,9435.0,6.371202E-5
9436.0,9436.0,0.25028053
9437.0,9437.0,0.003870148
9438.0,9438.0,0.21228442
9439.0,9439.0,0.051875718
9440.0,9440.0,0.33513063
9441.0,9441.0,8.939089E-7
9442.0,9442.0,0.3555098
9443.0,9443.0,0.23516025
9444.0,9444.0,0.10993584
9445.0,9445.0,0.18007417
9446.0,9446.0,0.23952866
9447.0,9447.0,1.6128952E-5
9448.0,9448.0,8.487592E-6
9449.0,9449.0,0.69028604
9450.0,9450.0,0.51229095
9451.0,9451.0,0.3159353
9452.0,9452.0,3.2298547E-5
9453.0,9453.0,0.20990293
9454.0,9454.0,0.26434317
9455.0,9455.0,0.7295658
9456.0,9456.0,0.05933131
9457.0,9457.0,3.6723755E-4
9458.0,9458.0,0.2692215
9459.0,9459.0,0.11085153
9460.0,9460.0,0.25890234
9461.0,9461.0,0.45959702
9462.0,9462.0,0.0736912
9463.0,9463.0,0.17829815
9464.0,9464.0,0.115931645
9465.0,9465.0,0.046557195
9466.0,9466.0,0.28160605
9467.0,9467.0,0.17801219
9468.0,9468.0,0.011798902
9469.0,9469.0,0.18210965
9470.0,9470.0,0.0369863
9471.0,9471.0,0.12090168
9472.0,9472.0,7.270784E-5
9473.0,9473.0,5.252284E-4
9474.0,9474.0,1.0513242E-4
9475.0,9475.0,0.28270373
9476.0,9476.0,0.05446025
9477.0,9477.0,0.019698668
9478.0,9478.0,0.15427953
9479.0,9479.0,0.17563924
9480.0,9480.0,0.0996956
9481.0,9481.0,0.07038286
9482.0,9482.0,0.22807746
9483.0,9483.0,0.061674334
9484.0,9484.0,0.21148221
9485.0,9485.0,7.801602E-4
9486.0,9486.0,1.5832251E-5
9487.0,9487.0,0.17226493
9488.0,9488.0,0.055967897
9489.0,9489.0,0.0046268003
9490.0,9490.0,0.14081734
9491.0,9491.0,0.07101839
9492.0,9492.0,1.5662743E-5
9493.0,9493.0,0.25430715
9494.0,9494.0,0.11787913
9495.0,9495.0,3.2020947E-5
9496.0,9496.0,0.2056031
9497.0,9497.0,1.051447E-5
9498.0,9498.0,0.057408374
9499.0,9499.0,0.031245278
9500.0,9500.0,0.28199515
9501.0,9501.0,1.0262905E-4
9502.0,9502.0,0.089250825
9503.0,9503.0,0.09996631
9504.0,9504.0,5.7636594E-6
9505.0,9505.0,0.0063096066
9506.0,9506.0,0.25450668
9507.0,9507.0,0.045093495
9508.0,9508.0,0.06443535
9509.0,9509.0,0.0021930733
9510.0,9510.0,0.20771192
9511.0,9511.0,0.34953398
9512.0,9512.0,0.16406591
9513.0,9513.0,0.8321227
9514.0,9514.0,0.14404404
9515.0,9515.0,0.108091444
9516.0,9516.0,0.029719472
9517.0,9517.0,0.12570283
9518.0,9518.0,0.17497712
9519.0,9519.0,0.168911
9520.0,9520.0,0.021550145
9521.0,9521.0,3.4955636E-4
9522.0,9522.0,0.54923606
9523.0,9523.0,0.30989116
9524.0,9524.0,0.017449697
9525.0,9525.0,0.04783735
9526.0,9526.0,0.6835791
9527.0,9527.0,0.18879592
9528.0,9528.0,0.20980911
9529.0,9529.0,0.14208737
9530.0,9530.0,0.047645066
9531.0,9531.0,0.302886
9532.0,9532.0,0.23714909
9533.0,9533.0,0.1650491
9534.0,9534.0,0.25472283
9535.0,9535.0,0.03171613
9536.0,9536.0,0.24702483
9537.0,9537.0,0.0015813052
9538.0,9538.0,0.49138078
9539.0,9539.0,0.23780215
9540.0,9540.0,0.18374643
9541.0,9541.0,0.09623656
9542.0,9542.0,0.2326472
9543.0,9543.0,1.2715168E-4
9544.0,9544.0,0.07034439
9545.0,9545.0,4.8037307E-4
9546.0,9546.0,0.005564602
9547.0,9547.0,0.007238968
9548.0,9548.0,1.503841E-5
9549.0,9549.0,3.0046733E-6
9550.0,9550.0,0.103786804
9551.0,9551.0,0.035714343
9552.0,9552.0,0.23199326
9553.0,9553.0,0.35558
9554.0,9554.0,0.10038397
9555.0,9555.0,0.004397853
9556.0,9556.0,0.20289618
9557.0,9557.0,0.12121451
9558.0,9558.0,0.11318363
9559.0,9559.0,0.49854824
9560.0,9560.0,0.09716199
9561.0,9561.0,2.434561E-5
9562.0,9562.0,2.2731298E-4
9563.0,9563.0,4.1787207E-4
9564.0,9564.0,0.2065237
9565.0,9565.0,0.054415822
9566.0,9566.0,0.0067679794
9567.0,9567.0,0.03390186
9568.0,9568.0,0.0026292894
9569.0,9569.0,0.37192014
9570.0,9570.0,0.005801064
9571.0,9571.0,6.7736296E-4
9572.0,9572.0,0.65028715
9573.0,9573.0,3.8808983E-4
9574.0,9574.0,0.60414845
9575.0,9575.0,0.10006707
9576.0,9576.0,0.015728785
9577.0,9577.0,0.01644487
9578.0,9578.0,5.2118057E-6
9579.0,9579.0,0.05503485
9580.0,9580.0,0.35829452
9581.0,9581.0,0.005088684
9582.0,9582.0,0.06469566
9583.0,9583.0,0.050941985
